 -0.00776271266289178  0.08088048975619186  0.13786811020109080  0.17783724286223526
  0.21191588682943932  0.24390572186020221  0.27592618814785530  0.30341907265143953
  0.32980858213282299  0.35687589210586257  0.38483779179020111  0.40894353970442299
  0.42845813884974077  0.44772079246687219  0.46631571978902847  0.48233935015925777
  0.49787683077325190  0.51316754358922689  0.52864933314609885  0.54598276149997327
  0.56281170225627997  0.57900363683365186  0.59424705588732962  0.60916300730106288
  0.62420795000298712  0.63913349073732828  0.65350442958686816  0.66749381801296914
  0.68038888070870940  0.69241074628306287  0.70456455634289539  0.71682839889382921
  0.72722436438038274  0.73571492762143265  0.74467910550545646  0.75384293009290826
  0.76331452652466580  0.77353207774631283  0.78274608588486372  0.79045210631355467
  0.79788123834274849  0.80528914418807640  0.81321258108821948  0.82110695548114487
  0.82843470610660208  0.83536820861615746  0.84203325162958864  0.84833861133209199
  0.85424463112317306  0.85976335868867682  0.86473663645683141  0.86961679063486141
  0.87458846806942736  0.88007376812006977  0.88579993435522064  0.89144754225120981
  0.89674366340998179  0.90147288582916396  0.90608144052133732  0.91051325702214025
  0.91502240544950930  0.91909380917536110  0.92275633096553189  0.92540852060908108
  0.92781897088121867  0.93034748305842208  0.93293043510713147  0.93573029096486116
  0.93930145120816955  0.94311532315217816  0.94735194098056430  0.95166939125136518
  0.95550658529996235  0.95855830777062756  0.96125318767360812  0.96385496299471130
  0.96632992161101328  0.96866868759407887  0.97067258269944490  0.97237739474139173
  0.97383164390599197  0.97505181218383663  0.97620011723121047  0.97747086919314319
  0.97896461169971838  0.98037196252275804  0.98159464438996880  0.98277807591236110
  0.98395408332400691  0.98513994746598299  0.98652885406445789  0.98816183441201566
  0.99015778741688998  0.99268501764328676  0.99523675892050045  1.00000000000000000
  0.00000000005835023  0.00000000006258156  0.00000000006558969  0.00000000006815573
  0.00000000007053374  0.00000000007276246  0.00000000007502113  0.00000000007727915
  0.00000000007967760  0.00000000008196375  0.00000000008396975  0.00000000008574873
  0.00000000008741325  0.00000000008903130  0.00000000009072820  0.00000000009256393
  0.00000000009457524  0.00000000009680923  0.00000000009920915  0.00000000010166888
  0.00000000010430321  0.00000000010714960  0.00000000011008227  0.00000000011311032
  0.00000000011650621  0.00000000011997699  0.00000000012415139  0.00000000012855668
  0.00000000013287240  0.00000000013765211  0.00000000014244477  0.00000000014702850
  0.00000000015154624  0.00000000015615012  0.00000000016106100  0.00000000016625381
  0.00000000017190877  0.00000000017980450  0.00000000018722340  0.00000000019393274
  0.00000000020073810  0.00000000020751481  0.00000000021467233  0.00000000022216514
  0.00000000022974823  0.00000000023757817  0.00000000024568440  0.00000000025444318
  0.00000000026302694  0.00000000027139703  0.00000000028127776  0.00000000029188514
  0.00000000030180249  0.00000000031128690  0.00000000032173840  0.00000000033402104
  0.00000000034733687  0.00000000036184658  0.00000000037823777  0.00000000039796225
  0.00000000042038340  0.00000000044476069  0.00000000047471461  0.00000000050814169
  0.00000000054538773  0.00000000058158568  0.00000000062189371  0.00000000065600907
  0.00000000070863279  0.00000000075936529  0.00000000081489605  0.00000000087745406
  0.00000000094826600  0.00000000103570320  0.00000000114917050  0.00000000126907324
  0.00000000139823782  0.00000000157524368  0.00000000179608144  0.00000000210306967
  0.00000000250284074  0.00000000300209367  0.00000000362400656  0.00000000452123815
  0.00000000583382911  0.00000000780428384  0.00000001066075940  0.00000001664535170
  0.00000004014841724  0.00000012041010198  0.00000081331275146  0.00000693911444708
  0.00007683404280677  0.00764221247544969  0.60016656396735268  1.00000000000000000
 -0.00205581427226719  0.00878022041965094  0.01852122524534770  0.02962798025022835
  0.04037278691135174  0.05069933387121293  0.06184103918475009  0.07348034629950606
  0.08424369943592239  0.09457314279336214  0.10493106237162197  0.11594221643448589
  0.12813634626003972  0.13887866753867037  0.15008670967554297  0.16114405738345766
  0.17167553088319421  0.18203001179818634  0.19212942817731199  0.20275207380047638
  0.21463392214780627  0.22482879727328922  0.23492937854792026  0.24500753373842071
  0.25517845566474401  0.26719864407860394  0.27831730490000600  0.29025885547672176
  0.30215272188172582  0.31339903908384087  0.32515849993620294  0.33580144019191732
  0.34653630065769125  0.35723015634206290  0.36780620323327573  0.37899338670927013
  0.39025127950664551  0.40095377415399763  0.40921898135874524  0.41690264427760548
  0.42411068573710986  0.43100539306881391  0.43756332006906984  0.44518045065781514
  0.45678723514639880  0.46842191156256885  0.47755092122943177  0.48578286259494136
  0.49333048604078034  0.50135987505022717  0.51045259571408286  0.52063268802189522
  0.53227676350274378  0.54402771937307204  0.55502634459837064  0.56598455764258959
  0.57730027235082693  0.58895623095960403  0.60090758757002449  0.61266410445641661
  0.62421290196659363  0.63517649865251735  0.64604681155857469  0.65714078264206621
  0.66893562449704025  0.68095397426998705  0.69306658274254995  0.70483055903060765
  0.71638617272258975  0.72727568823713662  0.73706879157141292  0.74782950881907595
  0.75826539555953887  0.76933345178138912  0.78043139677108342  0.79160612188858526
  0.80192941569825971  0.81221651712217879  0.82278584448592496  0.83428121481503792
  0.84622122486495499  0.85759248107830510  0.86857464770670911  0.87922022745563011
  0.89010847159406514  0.90084722421746610  0.91071737856192347  0.92037118064304257
  0.92976304164594425  0.93915530577839945  0.94882858971693751  0.95871710785353170
  0.96857668992628432  0.97794088799692713  0.98836055571194514  1.00000000000000000
 -0.00223915181807114  0.00914919135435658  0.01997159773321157  0.03092822120989416
  0.04121811820922323  0.05150372402980081  0.06099872884751627  0.06961746655174142
  0.07817054109831008  0.08617799399437823  0.09470177274118823  0.10316394691008043
  0.11189425431530901  0.12204675831709244  0.13360391297981666  0.14539587050265362
  0.15577266150573929  0.16502877491698334  0.17362829636308366  0.18256761003319846
  0.19177349612158309  0.20162397696239504  0.21257596235055137  0.22398844525167047
  0.23572463620498552  0.24670394356692646  0.25581442146504274  0.26406451816796644
  0.27164636657178259  0.28080881449192902  0.29028236314669265  0.30036275826436865
  0.31115942167975802  0.32153682115623261  0.33241930634199540  0.34356774286312186
  0.35454639743301536  0.36557633586084037  0.37632351254953417  0.38773804718124033
  0.39894444811121005  0.40995425077181713  0.42119679041518887  0.43160654122609504
  0.44192232137856774  0.45315844955525086  0.46532989663677471  0.47746957595787387
  0.48896822159987752  0.49974844099454613  0.51022589898456694  0.52104097340282618
  0.53130054358657319  0.54150251412177175  0.55170983165590504  0.56214001270577818
  0.57233235397139981  0.58246900709537075  0.59274534326007033  0.60297521029475232
  0.61265347962886196  0.62273198668401719  0.63268226481144663  0.64396430466732646
  0.65573093938384031  0.66708855412210055  0.67845701929140068  0.68986448536461931
  0.70157224338563551  0.71284885861521718  0.72414630498469890  0.73533001288860600
  0.74611864431052821  0.75632526033695824  0.76615949422176599  0.77610743570724128
  0.78630742445592416  0.79667512793728412  0.80746271798028335  0.81986735480159889
  0.83309879757854111  0.84567701029504427  0.85836697093243275  0.87000187750174751
  0.88110434943140725  0.89199961431025498  0.90257649037656607  0.91352022676339817
  0.92435287828391011  0.93593343732702106  0.94706033124446598  0.95801044999466367
  0.96803427909700390  0.97823833920219261  0.98881174115276260  1.00000000000000000
 -0.00196818489356149  0.00771237675082483  0.01722055506438719  0.02800439695254415
  0.03877869798256380  0.04931568260592074  0.05933409199293741  0.06941709511242816
  0.07807173576591592  0.08528658537688794  0.09499814208635531  0.10445243767208118
  0.11446074317720914  0.12582041795505061  0.13810718814633136  0.14971161067775218
  0.16070237780378546  0.17168624765493476  0.18281207327697307  0.19365116058835866
  0.20451111733136751  0.21546993280251356  0.22626937765409832  0.23707544281920084
  0.24806840723166754  0.25912010968846549  0.27049455386807686  0.28149994867959705
  0.29191329890477274  0.30204089232877768  0.31222205473921877  0.32258857438280603
  0.33338492847809181  0.34460716700156563  0.35436284640972981  0.36445446416722821
  0.37505324886941271  0.38663785531445183  0.39841888298422923  0.40998725512059836
  0.42205843896674594  0.43363461210986992  0.44367170242645404  0.45307703321902643
  0.46262828768124048  0.47254068221867829  0.48273666803918636  0.49283172990880697
  0.50215125394041549  0.51085840721681042  0.51888106158970382  0.52581261058367013
  0.53460868860889910  0.54573683684469765  0.55622350054591485  0.56623815924823773
  0.57651996325946198  0.58770599937827295  0.59948393500362340  0.61141686544731988
  0.62332616149326980  0.63530885609404175  0.64713822129793552  0.65865673999535801
  0.67047679189401199  0.68247183001900413  0.69409970982267111  0.70557069490023483
  0.71675415002497400  0.72806207053037919  0.73920976941244532  0.74976437228611992
  0.76029411487467424  0.77070397407950952  0.78146496485662198  0.79218471529596435
  0.80284209341426749  0.81365778617809348  0.82429557255110353  0.83415749516668036
  0.84394336647394619  0.85350903172189685  0.86362455501464896  0.87463262100192263
  0.88600740204140149  0.89683275902962201  0.90752916649658211  0.91852648828528149
  0.93045446077869853  0.94291846938739865  0.95469950908459977  0.96623487052972235
  0.97566051133911946  0.98306733148092440  0.99171597828756952  1.00000000000000000
  0.18703918578025158  0.19921893910794428  0.21369068122753446  0.24313457392160109
  0.28550428178259751  0.33315899729222725  0.38222999243797046  0.43004498418011738
  0.47023474536105186  0.49695063571773712  0.52201095032100597  0.54552195433489636
  0.56953511561487047  0.59132370656326083  0.60826985462515637  0.62201480105962492
  0.63255019876506469  0.63939648449925979  0.64519277640948802  0.65019837741411468
  0.65535467842710093  0.66113021915623615  0.66618533874479735  0.66986047139087335
  0.67222064401725379  0.67431203313897647  0.67619106012599284  0.67802843106339861
  0.67986827632516389  0.68139777144788127  0.68267904259899825  0.68381467554578990
  0.68490429287867161  0.68600461455583273  0.68706361052322362  0.68797844918148976
  0.68883006340699238  0.68958613375654265  0.69029519093485558  0.69097392956904247
  0.69165053753925387  0.69232583952876448  0.69299455399000498  0.69360258260791674
  0.69413476764246618  0.69463280702753682  0.69510429403863194  0.69556913643259555
  0.69606665487488273  0.69656271782832502  0.69704149409698701  0.69753095943280563
  0.69804569321630983  0.69856862179675494  0.69908058166808540  0.69960095943409173
  0.70013540363083904  0.70067619319286534  0.70123973453426169  0.70182838848410278
  0.70244840400185660  0.70307324504309510  0.70363613467691866  0.70419243138918897
  0.70477459374728413  0.70538476014683815  0.70605066053681897  0.70676186318949275
  0.70753841430100795  0.70833673802552344  0.70923533922901372  0.71019486180744262
  0.71125856353136629  0.71238919070331086  0.71355783745933976  0.71477478885382695
  0.71604849283653638  0.71739879190295464  0.71888194269919614  0.72057142154222986
  0.72249396800867871  0.72461967687691131  0.72699239455744336  0.72965819441045954
  0.73237312587016556  0.73550292688376895  0.73904861199779270  0.74381159637477368
  0.74985558591391133  0.75707189192775204  0.76531180660523590  0.77464354922965661
  0.78616846998740042  0.80349804549491810  0.84293930897819780  1.00000000000000000
   2.5088812012290739E-009  -1.0000000000000000     
 F F F F F F F F F F F F F F F F F F F F F F F F F F F F F F F F F F F F F F F F F F F F F F F F F F F F F F F F F F F F F F F F
  <DiscreteSampler_grid>
  grouped_processes
  1 # 1 for a reference and 2 for a running grid.
  10 # Attribute 'min_bin_probing_points' of the grid.
  1 # Attribute 'grid_mode' of the grid. 1=='default',2=='initialization'
  0.0000000000000000 # Attribute 'small_contrib_threshold' of the grid.
  0.5000000000000000 # Attribute 'damping_power' of the grid.
 # binID   n_entries weight   weight_sqr   abs_weight
    19   10   9.040111309997026E+004   1.498573653159175E+010   9.040111309997026E+004
    22   10   9.040111309997026E+004   1.498573653159175E+010   9.040111309997026E+004
    25   10   9.040111309997026E+004   1.498573653159175E+010   9.040111309997026E+004
    28   10   9.040111309997026E+004   1.498573653159175E+010   9.040111309997026E+004
  </DiscreteSampler_grid>
