 -0.01206405422889327  0.09579469860963287  0.14713219702779684  0.19096296682795386
  0.22915729917831029  0.26468084483793347  0.29850378660039029  0.32848782948698857
  0.35491659027441108  0.38032957435198095  0.40645905743915778  0.43127100492077464
  0.45193448276979764  0.47029801507738239  0.48699497770603689  0.50507038245876723
  0.52468741918861272  0.54460910435016863  0.56293811404791438  0.58036620929100857
  0.59664638426697614  0.61228347540864869  0.62576864851439062  0.63750781441414239
  0.65023379912686619  0.66363615952767330  0.67717931465595615  0.68991499166535297
  0.70067849738882915  0.71012275431186811  0.71970911139989946  0.72968017754148540
  0.73942114670616188  0.74893752444355577  0.75827208324713269  0.76732981127804589
  0.77612870783089805  0.78469506381213705  0.79331115669196350  0.80189113924307975
  0.81015241588936815  0.81795079874733123  0.82575881751242008  0.83345174065980143
  0.84062026883029717  0.84777919772367827  0.85447271454836549  0.86012843662529703
  0.86517639117620515  0.87032698444614642  0.87585072129974506  0.88172336494735315
  0.88747166345240758  0.89295653340814118  0.89806392561717707  0.90280431997718813
  0.90742986877523157  0.91164112061851532  0.91547782530292399  0.91890777691857306
  0.92222579829111240  0.92576145256924924  0.92902636650614134  0.93244539537713345
  0.93587134067609368  0.93909467696040727  0.94268954789801640  0.94615576148072622
  0.94931824063830439  0.95225496564184220  0.95435226089396752  0.95612667206031987
  0.95788378079820924  0.95953654500176300  0.96112512361057256  0.96338830159621924
  0.96576521260295500  0.96828878480060243  0.97085628619982645  0.97327713957228823
  0.97549468116260885  0.97738034324492751  0.97899981027381711  0.98037760358976200
  0.98155661265788441  0.98279121205417141  0.98397660328089576  0.98511692260115225
  0.98652650455946289  0.98786923915479385  0.98930801638335641  0.99095456228494194
  0.99253848055307026  0.99403156756509847  0.99486611030781691  1.00000000000000000
  0.00000000008132327  0.00000000008554430  0.00000000008846201  0.00000000009062156
  0.00000000009251284  0.00000000009417530  0.00000000009628087  0.00000000009848275
  0.00000000010084728  0.00000000010336552  0.00000000010588648  0.00000000010890975
  0.00000000011193315  0.00000000011509228  0.00000000011841146  0.00000000012161599
  0.00000000012543086  0.00000000012967043  0.00000000013402985  0.00000000013823044
  0.00000000014260683  0.00000000014698982  0.00000000015157883  0.00000000015658604
  0.00000000016158387  0.00000000016681900  0.00000000017244243  0.00000000017791007
  0.00000000018244987  0.00000000018684351  0.00000000019121085  0.00000000019634736
  0.00000000020209103  0.00000000020870413  0.00000000021563897  0.00000000022147422
  0.00000000022625055  0.00000000023168709  0.00000000023762058  0.00000000024436130
  0.00000000025272867  0.00000000026339980  0.00000000027481163  0.00000000028383243
  0.00000000029264132  0.00000000030132723  0.00000000031016807  0.00000000032095327
  0.00000000033295172  0.00000000034574384  0.00000000036043948  0.00000000037868698
  0.00000000039774299  0.00000000041623774  0.00000000043619615  0.00000000045831610
  0.00000000048464294  0.00000000051322676  0.00000000054034885  0.00000000056667592
  0.00000000059295036  0.00000000062184239  0.00000000065537721  0.00000000069333065
  0.00000000073015277  0.00000000077923408  0.00000000083566707  0.00000000089617045
  0.00000000095401221  0.00000000101778436  0.00000000109107852  0.00000000117855895
  0.00000000128164515  0.00000000139931847  0.00000000154456782  0.00000000171304615
  0.00000000190523301  0.00000000214387556  0.00000000242764793  0.00000000272913188
  0.00000000310956176  0.00000000366958610  0.00000000444027758  0.00000000551712285
  0.00000000704875236  0.00000000904565496  0.00000001308545362  0.00000002131681301
  0.00000003808163700  0.00000011274468463  0.00000042948093060  0.00000249635109629
  0.00001735727713262  0.00015051962943801  0.02001415801687477  1.00000000000000000
 -0.00227289694246070  0.00828756760634304  0.01896121313298446  0.02993715788551421
  0.04066759699910998  0.05144242783588706  0.06223826259009701  0.07341465419131471
  0.08501670437029117  0.09662754096549019  0.10781112499626644  0.11852615993507586
  0.12889040617081540  0.13933815906989314  0.15024529380663890  0.16102036541366049
  0.17120515835427821  0.18072453531796542  0.18989303699754012  0.19916485016265939
  0.20911250766218176  0.21904808922222449  0.22939026729511661  0.23918319185906392
  0.24879038271063861  0.25786061328513787  0.26716619610472236  0.27693595384769748
  0.28754969017989418  0.29782156114957276  0.30683936235462927  0.31713147196800240
  0.32715052069870432  0.33694136509552447  0.34782835842312093  0.35848035133096162
  0.36935438316865143  0.38055562356200479  0.39225266815734100  0.40414614516434988
  0.41433267736637786  0.42277778407117256  0.43124882129535080  0.43986490476734164
  0.44889983935861411  0.46003256379731089  0.47150669234200232  0.48390784412721322
  0.49590408415493942  0.50662777550960048  0.51696894965272344  0.52721563228330792
  0.53887928472868840  0.55113201604290551  0.56311460847513028  0.57397739986003393
  0.58425202010136057  0.59469334647768402  0.60575041908911298  0.61777384952395364
  0.62991923195472810  0.64162965699392382  0.65318009120838383  0.66484631961071927
  0.67663111462267744  0.68787980764134082  0.69856951121319300  0.70898299051017299
  0.71958691819705267  0.73020171927605693  0.74055440645000237  0.75059508552008125
  0.75978206425850614  0.76877583681579975  0.77797916523243205  0.78736767832967491
  0.79748009868203407  0.80849152227000565  0.81959949871883109  0.83104739379037873
  0.84288641339671733  0.85394014670459673  0.86418066205300270  0.87445035996154563
  0.88505993543515460  0.89579688974816585  0.90625618955915055  0.91636951206164352
  0.92710064191722752  0.93796023182789501  0.94886471225357960  0.95888157516501693
  0.96886410939504364  0.97827145070761357  0.98893078310432725  1.00000000000000000
 -0.00251236322838986  0.01009154746575167  0.02001990665998734  0.03051202535416099
  0.04161521137440708  0.05271546627209348  0.06245915837739525  0.07222571312486013
  0.08145352358342894  0.09120990026574971  0.10226679866661195  0.11341138694070296
  0.12487331202750171  0.13602237446764232  0.14747520318673643  0.15908876575001163
  0.17088294782248284  0.18268429256290117  0.19448530810909057  0.20638752731403601
  0.21848700102158708  0.23002732674998513  0.24098783249649405  0.25120387214865303
  0.26151349103651839  0.27144008576350681  0.28171579822879855  0.29141763550000943
  0.30161986539558522  0.31199459980821653  0.32194916413719732  0.33159628429573196
  0.34105612172091870  0.35182039731060838  0.36384573275179172  0.37566824997724341
  0.38647832774700602  0.39679960609520765  0.40706195264328837  0.41774498790522807
  0.42851544430855548  0.43924066563826986  0.44992343689637904  0.46047001306379165
  0.47135503430287828  0.48251614695048728  0.49344185283173703  0.50456805065409782
  0.51493453120036314  0.52514867632787876  0.53492071646196293  0.54397465264531275
  0.55328098223348943  0.56249404089572386  0.57246930407561925  0.58273468384078242
  0.59368607294616960  0.60496696819844764  0.61605348993917786  0.62679773678052808
  0.63747826672788166  0.64848169810530087  0.65947504248599931  0.66982058187751614
  0.67883866411557825  0.68731514844789454  0.69585198319822761  0.70493715103226962
  0.71418284132981003  0.72337018604912251  0.73287262655448659  0.74353814648315353
  0.75499784183405327  0.76647117034921441  0.77809842503550286  0.79005092742503213
  0.80163526343375713  0.81297066703925025  0.82333302683654164  0.83325752390672403
  0.84312978629335933  0.85336306063218481  0.86407565657177932  0.87505286636011914
  0.88634580675115637  0.89777326887673981  0.90853340716009467  0.91843283256125574
  0.92808154963344702  0.93825108083731401  0.94912377557344441  0.95998074834267388
  0.97014947994980327  0.98078287717475321  0.99080934168492951  1.00000000000000000
 -0.00239331308315812  0.00877284137414958  0.01820453281103020  0.02888261514206771
  0.03984730429691481  0.05016481204268176  0.05905576526369226  0.06793378741442686
  0.07725348219579438  0.08788458758551369  0.09970133377185061  0.11052436558284866
  0.12005860275909522  0.12944095196501954  0.13991607612060528  0.15111937874640913
  0.16239569185786365  0.17367144846184351  0.18481571741368946  0.19551167759972826
  0.20610363593045905  0.21675358575759571  0.22775628924411920  0.23893616998113776
  0.25016839610405994  0.26115302849687033  0.27224436187184681  0.28328620131702043
  0.29363776797004604  0.30327911265308927  0.31250986820867915  0.32150991843801441
  0.33024183231926735  0.34082624883129065  0.35101525523357269  0.36196473447425687
  0.37304110406713725  0.38427438832281413  0.39573586815834944  0.40753795923280656
  0.41925512729877734  0.43101165634135458  0.44179334107755597  0.45164723909509130
  0.46042874304053460  0.46951267771034855  0.47988110363959724  0.49084948328429190
  0.50179746571256423  0.51285629323948356  0.52320713296918164  0.53352784352077520
  0.54287730406412693  0.55247451230067113  0.56285959032371735  0.57391848972492598
  0.58455071577322115  0.59497608710512928  0.60535232491655222  0.61588310759576559
  0.62600989083833791  0.63642327266128307  0.64707157852327579  0.65800239016774120
  0.66994901172146226  0.68144578739103867  0.69212062091131077  0.70252130571648630
  0.71284334989692621  0.72369205985781981  0.73467581598939968  0.74483907013450323
  0.75520467011847392  0.76571112659901575  0.77650437423315644  0.78777706042960294
  0.79879489016424798  0.80994011963460777  0.82134286185753436  0.83295817844704012
  0.84431571019715801  0.85464964466392546  0.86462193994651804  0.87515229836583563
  0.88621956025548032  0.89756828374369535  0.90836261782654737  0.91887436146533696
  0.92923030091562220  0.93960095816652167  0.94976214826032135  0.96002339412698001
  0.97076593363525487  0.98092519690818769  0.99074567122583701  1.00000000000000000
  0.18641397134008375  0.20444963120859427  0.22334748424264278  0.25462627314678132
  0.29083519234834937  0.33295367035087642  0.37686193371290322  0.41976201504994720
  0.46275413839279950  0.50091438014967260  0.52894766506692026  0.54890431749253310
  0.56875183014024666  0.58954167512704803  0.60803309831846097  0.62260147834485136
  0.63404283945258355  0.64355530233848257  0.65124782888751331  0.65677504231511841
  0.66107026751197162  0.66457755774756400  0.66783910392638524  0.67073776604887303
  0.67317079618234832  0.67538121738779955  0.67736987631658374  0.67925122554714001
  0.68104828125250172  0.68265412572496664  0.68402328751011532  0.68523457654141307
  0.68638292056173000  0.68742146084493672  0.68830949994538193  0.68912092759821486
  0.68989795322671099  0.69065320561853427  0.69137299765609661  0.69203530850249495
  0.69263863699013006  0.69320806253968570  0.69375312559489433  0.69430429830381390
  0.69482451901119680  0.69532169685865863  0.69579545724749337  0.69624046264330341
  0.69665517990476766  0.69710250065614709  0.69759845197511094  0.69811527307177856
  0.69862065037971599  0.69911551397923555  0.69960920264196591  0.70009676509596797
  0.70058228842632864  0.70107629689081952  0.70160692445296158  0.70218819014636225
  0.70279507890983528  0.70338857385376696  0.70395996004084194  0.70453031073955008
  0.70512445438339622  0.70576947697571901  0.70648166310742955  0.70726800612971463
  0.70812455639330485  0.70903414737748238  0.70997390356006984  0.71096106700070838
  0.71201732724423383  0.71313895947668626  0.71435071941844319  0.71563094735437127
  0.71696893828849129  0.71846449953736957  0.72016281195997112  0.72208128386322279
  0.72416983611913999  0.72639724498180636  0.72876541791500349  0.73126071691536132
  0.73406911931276730  0.73729840859924700  0.74132048674242357  0.74610979051800852
  0.75129340608229278  0.75725517994027325  0.76425866545758836  0.77397665589523723
  0.78820684217493120  0.80801133004690995  0.84762289885411701  1.00000000000000000
   2.4484842210061796E-009  -1.0000000000000000     
 F F F F F F F F F F F F F F F F F F F F F F F F F F F F F F F F F F F F F F F F F F F F F F F F F F F F F F F F F F F F F F F F
  <DiscreteSampler_grid>
  grouped_processes
  1 # 1 for a reference and 2 for a running grid.
  10 # Attribute 'min_bin_probing_points' of the grid.
  1 # Attribute 'grid_mode' of the grid. 1=='default',2=='initialization'
  0.0000000000000000 # Attribute 'small_contrib_threshold' of the grid.
  0.5000000000000000 # Attribute 'damping_power' of the grid.
 # binID   n_entries weight   weight_sqr   abs_weight
    19   10   4.050931378955272E+005   7.431192109907904E+011   4.050931378955272E+005
    22   10   4.050931378955272E+005   7.431192109907904E+011   4.050931378955272E+005
    25   10   4.050931378955272E+005   7.431192109907904E+011   4.050931378955272E+005
    28   10   4.050931378955272E+005   7.431192109907904E+011   4.050931378955272E+005
  </DiscreteSampler_grid>
