 -0.00468360524490883  0.02453616779192162  0.04516459599617792  0.06283750959692960
  0.07939567121341322  0.09548039209716561  0.11184730975780559  0.12806121275660623
  0.14303080011441169  0.15615829288368310  0.16850764706353599  0.18055451892935884
  0.19259846678821971  0.20451769536802655  0.21637142374412890  0.22817349787612676
  0.23998625695562392  0.25173915758856952  0.26419463650006580  0.27535219251475473
  0.28654337737818830  0.29724637686525412  0.30827269179971295  0.31919143374176828
  0.33013923303730441  0.34141894331134404  0.35300951150270077  0.36440049598762486
  0.37549831261706890  0.38637236606913566  0.39718252685870215  0.40815872594266833
  0.41932273839034262  0.43076360384232709  0.44238422698523944  0.45396656485546749
  0.46543295589307310  0.47661628217276902  0.48741775878120364  0.49794106698507684
  0.50834466801434153  0.51876793732145887  0.52933058352376305  0.53967137778908492
  0.55151098430868906  0.56419492238978641  0.57730582955954668  0.58983581308893540
  0.60135097823505623  0.61303142111196685  0.62448393480795450  0.63507290590438803
  0.64548500568937450  0.65552484933718702  0.66540854672470084  0.67472899618316129
  0.68385440429334010  0.69321131704675643  0.70283628664813447  0.71245730597089996
  0.72229118010516569  0.73202637189179942  0.74166349230073358  0.75125056532609202
  0.76042690605449892  0.76948567359187103  0.77847156587059929  0.78739849707190179
  0.79638477986236267  0.80548805532665302  0.81460853831692193  0.82387135881693896
  0.83318090118346910  0.84248733689972155  0.85179605585722606  0.86088340883661940
  0.86960977167709674  0.87801919273665341  0.88538307287401330  0.89287761594090154
  0.90022772901163750  0.90745692709405290  0.91453863544629455  0.92149662191648196
  0.92830572529927369  0.93504151049131756  0.94212235484684148  0.94929672917970098
  0.95625353289956383  0.96132978918394352  0.96437371290002250  0.96682782293099734
  0.97316060222658674  0.98153514158356414  0.98877267106983768  1.00000000000000000
  0.00092333122348631  0.00104257582358833  0.00111935029766686  0.00118769192861413
  0.00125099797551702  0.00131118802573047  0.00137056106250620  0.00142673695168238
  0.00148446855110429  0.00154681210015569  0.00160893961457181  0.00167105992255549
  0.00173226658068791  0.00179242013705871  0.00184947891109148  0.00190574385389686
  0.00196313529450568  0.00202195640025155  0.00208270329241203  0.00214400996312304
  0.00220412038286209  0.00226618288686217  0.00232984866706814  0.00239406975823610
  0.00245799543264835  0.00252804381482606  0.00259745296778654  0.00266732376441837
  0.00273672293089078  0.00281128094222765  0.00289106085115883  0.00297193710782686
  0.00305377918367154  0.00313623884463916  0.00321952697515198  0.00330412246289758
  0.00338694831343038  0.00347801867460646  0.00357601033849538  0.00367515689210260
  0.00377163535296078  0.00387588749812004  0.00399083261373276  0.00410831053451105
  0.00422851620026015  0.00436825021856553  0.00451481187536855  0.00466647550943789
  0.00482505590771278  0.00498932277303465  0.00515289017867756  0.00531913486467244
  0.00549561207846314  0.00567589804256933  0.00586655580239206  0.00607574821684592
  0.00629619505640204  0.00652841286567745  0.00677583173453918  0.00703073194818001
  0.00728433950647050  0.00754395007708142  0.00782059132939216  0.00811934084938557
  0.00846413777285702  0.00881889915059376  0.00921517766293172  0.00966038879973056
  0.01017754365489150  0.01081057581250459  0.01148919649703899  0.01212276863760794
  0.01282513429805759  0.01363115964940635  0.01450971588289758  0.01546422443381623
  0.01651049097800132  0.01762875544522378  0.01882693594303187  0.02007063418734772
  0.02149763648243134  0.02315280617536206  0.02474810018650947  0.02658762134894908
  0.02879096906363275  0.03089147183050760  0.03236507916781275  0.03879828918060233
  0.04372647191920608  0.04695209031481384  0.05278865246313114  0.06134255589607614
  0.07574325551127335  0.21184590358397842  0.64398015742174008  1.00000000000000000
 -0.00044525960554600  0.00232421734444735  0.00569605597309146  0.00907886775595345
  0.01251025029475741  0.01564769094480846  0.02385985132949195  0.03703317957356242
  0.04864164468507765  0.05860599003845721  0.06897850552649329  0.07907034478174421
  0.08859781257015342  0.09755459092388861  0.10708939770926076  0.11772146370063824
  0.12851893446634421  0.13934782321224620  0.15057427230970113  0.16204169406792465
  0.17288040638578692  0.18327578945493841  0.19450744697713629  0.20648235047395860
  0.21803819139840019  0.22999019300859852  0.24324539738859494  0.25641470046571568
  0.26709629586186329  0.27866803424202385  0.29011263947996269  0.30074478181764236
  0.31123358843784205  0.32229129936750600  0.33344160110547305  0.34424507024805950
  0.35507372699053197  0.36515105658854607  0.37509398315703069  0.38486143931520794
  0.39458841286246243  0.40429830827815005  0.41375388343577535  0.42447985487414147
  0.43552006450762643  0.44686068593404915  0.45817967186998548  0.46949641363912281
  0.48070303990798380  0.49149446876717862  0.50187928370684098  0.51203025243206501
  0.52241416327895540  0.53266789930018377  0.54285400239933757  0.55320022888421150
  0.56360715510321568  0.57426653601088029  0.58553726639859960  0.59786476441392367
  0.61054055397758089  0.62316747505542114  0.63619069526896010  0.64917325556925631
  0.66101225562000210  0.67245047422175241  0.68296007824128302  0.69383072968237047
  0.70479890847989024  0.71557825847079848  0.72573624375934798  0.73717753253449358
  0.74849848539396102  0.75939805758277901  0.77013423456822694  0.78110541837515257
  0.79179710747317178  0.80218108611263916  0.81254104509767477  0.82251473623615001
  0.83218699510168703  0.84208680074364894  0.85243095294067461  0.86306899082438415
  0.87391700886964807  0.88508662116444847  0.89607331370680054  0.90657937088193130
  0.91711855484758043  0.92802498806398248  0.93896268216741874  0.94964151999410706
  0.96047970442238406  0.97176441166251326  0.98378546999186112  1.00000000000000000
 -0.00193705705721361  0.00827708967332668  0.01670658608387926  0.02542431706797517
  0.03427807780065782  0.04348836891232035  0.05340355766746354  0.06350360923074684
  0.07347777697714560  0.08364170494837800  0.09421399794142743  0.10480377910546458
  0.11514126714778308  0.12607257673882816  0.13799154196688462  0.14983298733189401
  0.16095133184545402  0.17164271276791337  0.18206990867994394  0.19248007488778876
  0.20295872857741784  0.21367288364507289  0.22494057676667017  0.23764908192646700
  0.25238894352247010  0.26170854265558685  0.27216892598114106  0.28217314136313770
  0.29224484659238409  0.30237858439111892  0.31252964594944488  0.32385270477580064
  0.33621895952794983  0.34803090299747769  0.35939045461599817  0.36999408034937431
  0.38003004681816654  0.38970616942172714  0.39966562772540093  0.41005842725188152
  0.42073274914037184  0.43196653382072980  0.44454699190796321  0.45761603580400229
  0.46906512783582843  0.47982821604363007  0.49144354484014158  0.50284426294032891
  0.51297968097180235  0.52333772950897273  0.53400188783267200  0.54437743905935765
  0.55448426148735208  0.56450280563914279  0.57454011891550583  0.58471704520748924
  0.59517177308604940  0.60595534214864377  0.61579715632120391  0.62621949869458449
  0.63757149654004874  0.64960798490682681  0.66157860323496853  0.67245044899586970
  0.68251727775623183  0.69231983883282433  0.70169491195036016  0.71124605471325886
  0.72093834926437950  0.73059838134185573  0.74056537928365884  0.75087856200821501
  0.76137471271823265  0.77153378960325003  0.78146702574654392  0.79130563703735701
  0.80175545321017327  0.81201173535445026  0.82201109017847940  0.83196854986672630
  0.84256183445036381  0.85315177219499483  0.86335392265940436  0.87329877188496141
  0.88461580614882551  0.89623129446749905  0.90809918923769350  0.91921026225881652
  0.92996163334338089  0.94042830307922975  0.95093743696528998  0.96114663744290807
  0.97085398346158847  0.98059419932174863  0.99027630882559170  1.00000000000000000
 -0.00226635449437837  0.00955188777305753  0.01937498477254419  0.02846220998191184
  0.03771707270074116  0.04744804523649684  0.05729819686757145  0.06707305764155322
  0.07681026890394280  0.08768409900805135  0.09963332152827453  0.11143929242357867
  0.12312997214423047  0.13444993610205427  0.14531014863254912  0.15573459193044878
  0.16612722600638330  0.17671016226032746  0.18725710832306192  0.19739009091458570
  0.20759261124997719  0.21820293170981858  0.22885565599537908  0.23908223179336607
  0.24957229919883878  0.26130928411354837  0.27311964561496643  0.28344098480077579
  0.29401847519792318  0.30503072182037377  0.31582002794393654  0.32619561992176821
  0.33645406215157914  0.34712362105962408  0.35781546328892827  0.36866608470986872
  0.37940143374969576  0.39037520264116632  0.40158859287326204  0.41293202050980643
  0.42404616919577326  0.43503807102874159  0.44576887546449451  0.45606008883263194
  0.46674326966940394  0.47735353796124425  0.48852082887821646  0.49963076296813935
  0.50981704976631115  0.51996394162754955  0.53006765197615235  0.53900245250475987
  0.54798671135528798  0.55700377789589506  0.56721116208900224  0.57894589119731854
  0.59017430972268026  0.60085558189445987  0.61127641327217075  0.62127702109359395
  0.63117763719598186  0.64107294553067740  0.65139086045116346  0.66198653688665787
  0.67215714961202422  0.68215052587476999  0.69232904369822290  0.70276136515136400
  0.71307030839637298  0.72287079904042317  0.73309073943029313  0.74383842047310622
  0.75456113975670247  0.76518624094621712  0.77643074796695677  0.78852038704742811
  0.80028174847114109  0.81117264759238528  0.82129032852732708  0.83103623573776486
  0.84103140251510689  0.85110990861388036  0.86141795049370939  0.87168822441746863
  0.88227095031935254  0.89297490381928568  0.90288031959301340  0.91249830865426984
  0.92207800476879576  0.93207443481890584  0.94227232910355385  0.95304187184508937
  0.96409118064201060  0.97673258017893883  0.98850913894851800  1.00000000000000000
  0.99972462600445278  0.99972725403742291  0.99972943146033733  0.99973160446073994
  0.99973377915608452  0.99973595050334141  0.99973812314631272  0.99974031684966436
  0.99974253563451110  0.99974474363472543  0.99974692568000056  0.99974910893669022
  0.99975129789005879  0.99975349851927164  0.99975568467838138  0.99975786168481029
  0.99976004890789072  0.99976225448330946  0.99976446669771968  0.99976667461232771
  0.99976888834601862  0.99977111874120839  0.99977336796077976  0.99977560198006299
  0.99977782513548252  0.99978006089677551  0.99978232598575367  0.99978458615214760
  0.99978683982988548  0.99978909831886420  0.99979136715264560  0.99979363137604982
  0.99979587929739977  0.99979812649288624  0.99980039750592664  0.99980269485111917
  0.99980500333005873  0.99980731658823385  0.99980961754166475  0.99981192433169241
  0.99981436613691632  0.99981706815421989  0.99981973279793823  0.99982238998990181
  0.99982505454263582  0.99982774294810972  0.99983045515131852  0.99983317347962430
  0.99983588773214582  0.99983860769651522  0.99984134533011138  0.99984411196317957
  0.99984690227493755  0.99984967971149108  0.99985243532954848  0.99985517624461406
  0.99985792429197318  0.99986069333115035  0.99986348078837040  0.99986628640819064
  0.99986910425981834  0.99987193996043500  0.99987479320981687  0.99987766783259524
  0.99988055495967165  0.99988344998253098  0.99988636801896025  0.99988932069171721
  0.99989229727482887  0.99989527070858719  0.99989824897549651  0.99990122890283328
  0.99990420050774198  0.99990733925164188  0.99991072531921288  0.99991421663189506
  0.99991774768244690  0.99992133605910261  0.99992497567706073  0.99992861938898903
  0.99993226301989013  0.99993592781885976  0.99993966519953659  0.99994347586796950
  0.99994728167499614  0.99995115482905228  0.99995517063477213  0.99995930139267497
  0.99996345305181211  0.99996762528506566  0.99997193656880834  0.99997647635299503
  0.99998140831845317  0.99998672516065168  0.99999256652883606  1.00000000000000000
   4.3728364721832026E-005  -1.0000000000000000     
 F F F F F F F F F F F F F F F F F F F F F F F F F F F F F F F F F F F F F F F F F F F F F F F F F F F F F F F F F F F F F F F F
  <DiscreteSampler_grid>
  grouped_processes
  1 # 1 for a reference and 2 for a running grid.
  10 # Attribute 'min_bin_probing_points' of the grid.
  1 # Attribute 'grid_mode' of the grid. 1=='default',2=='initialization'
  0.0000000000000000 # Attribute 'small_contrib_threshold' of the grid.
  0.5000000000000000 # Attribute 'damping_power' of the grid.
 # binID   n_entries weight   weight_sqr   abs_weight
    19   10   1.758800963413389E+006   3.937370337389533E+012   1.758800963413389E+006
    22   10   1.758800963413389E+006   3.937370337389533E+012   1.758800963413389E+006
    25   10   1.758800963413389E+006   3.937370337389533E+012   1.758800963413389E+006
    28   10   1.758800963413389E+006   3.937370337389533E+012   1.758800963413389E+006
  </DiscreteSampler_grid>
