 -0.01123293293448385  0.09249421629657606  0.14835163704088558  0.19022802997008512
  0.22538588391263770  0.25942204379167522  0.28982111940000149  0.31745838930992193
  0.34371684851820089  0.36917136735688055  0.39326785643073309  0.41364103036799560
  0.43104581056801811  0.44596920837250914  0.46133539422660785  0.47767400783403174
  0.49482875167768875  0.51157172601047740  0.52733530031578668  0.54029121564835936
  0.55201190162302194  0.56546321431058533  0.57990708144130509  0.59305362516796867
  0.60459283720782142  0.61642752959455882  0.62949439449745415  0.64296687209500736
  0.65578012530618368  0.66773944879886282  0.67888476899522210  0.69015535886552448
  0.70185110444770338  0.71355798567749695  0.72482708703398468  0.73569811226222759
  0.74592767233168245  0.75507833260011881  0.76405182524910342  0.77269318737481274
  0.78129146682050865  0.78917354582430244  0.79617392358238370  0.80249432456621672
  0.80812120033681800  0.81373312233280515  0.81989718386371591  0.82608748033183776
  0.83278925684497818  0.83967480156110730  0.84618934454508754  0.85247533993587166
  0.85872065991049784  0.86488903660641014  0.87073732752175392  0.87604422582032870
  0.88099233372227892  0.88591924680704270  0.89102266568663913  0.89637877752987227
  0.90190762463464313  0.90699942814121870  0.91108981314217508  0.91478520918860295
  0.91841320734868603  0.92205093821174577  0.92578323673641205  0.92964030931477637
  0.93333736671917145  0.93675688435470272  0.93998794753560144  0.94361974829292761
  0.94678143667060632  0.94980593253629420  0.95267563444787240  0.95537797132950086
  0.95822210437842803  0.96072754668770066  0.96305494133810687  0.96525760883770939
  0.96744391628688897  0.96991400529501981  0.97251432007918381  0.97475084810293333
  0.97652911217826543  0.97825836061341220  0.98001611026501201  0.98189060407035578
  0.98380345603117691  0.98535638223405364  0.98690665779393461  0.98859668797635858
  0.99086278097233860  0.99335631981213857  0.99509883602505822  1.00000000000000000
  0.00000000000954096  0.00000000001085905  0.00000000001210348  0.00000000001333350
  0.00000000001454347  0.00000000001637833  0.00000000001832188  0.00000000002009786
  0.00000000002174162  0.00000000002320893  0.00000000002435406  0.00000000002549812
  0.00000000002664333  0.00000000002779673  0.00000000002900812  0.00000000003032882
  0.00000000003179369  0.00000000003340492  0.00000000003511390  0.00000000003656778
  0.00000000003792000  0.00000000003909424  0.00000000004023602  0.00000000004152385
  0.00000000004279773  0.00000000004402663  0.00000000004534693  0.00000000004704586
  0.00000000004934114  0.00000000005180576  0.00000000005430015  0.00000000005661060
  0.00000000005894870  0.00000000006134496  0.00000000006348434  0.00000000006571505
  0.00000000006811867  0.00000000007078260  0.00000000007333650  0.00000000007658239
  0.00000000007996052  0.00000000008339227  0.00000000008687855  0.00000000009045851
  0.00000000009453116  0.00000000009889584  0.00000000010377661  0.00000000010899501
  0.00000000011407884  0.00000000011885629  0.00000000012318247  0.00000000012745477
  0.00000000013258713  0.00000000013708948  0.00000000014195590  0.00000000014637802
  0.00000000015329942  0.00000000016130931  0.00000000017036757  0.00000000018081064
  0.00000000019249450  0.00000000020535696  0.00000000022061008  0.00000000023852628
  0.00000000025742321  0.00000000027806991  0.00000000030159721  0.00000000032482000
  0.00000000034817054  0.00000000038205842  0.00000000042766123  0.00000000047747623
  0.00000000052886869  0.00000000058726112  0.00000000065630653  0.00000000072970048
  0.00000000079888767  0.00000000091985527  0.00000000107151822  0.00000000127407219
  0.00000000159964879  0.00000000204157590  0.00000000263006695  0.00000000349653566
  0.00000000475559257  0.00000000651307143  0.00000001048204444  0.00000001942775251
  0.00000004423129351  0.00000016941473115  0.00000107102451198  0.00000878697181745
  0.00009738907218757  0.00561640519469220  0.58768614048870316  1.00000000000000000
 -0.00198596448017717  0.00718288521673470  0.01531045179781289  0.02404533720690646
  0.03420466089229367  0.04425830257105997  0.05425221409309030  0.06397219903915195
  0.07360793710336297  0.08409720294809629  0.09540008494903324  0.10671107913570944
  0.11752880948173078  0.12800901365956496  0.13826187413335347  0.14862965989127744
  0.15897899424855028  0.16875592328994868  0.17948158172565382  0.19017381349030793
  0.20042678249971060  0.21058375070811314  0.22088593702738638  0.23133697213018589
  0.24162761848268069  0.25173364441550478  0.26164740680399351  0.27172118934631118
  0.28240845243053148  0.29384091363174158  0.30547566104688001  0.31689164865246877
  0.32806414387253569  0.33896777392530320  0.34953107338727035  0.35951830438965349
  0.36875941123968858  0.37775971241195666  0.38695625260873812  0.39700329027619446
  0.40828459758362395  0.42024166878529817  0.43238323548867552  0.44388739122401422
  0.45458186043430898  0.46490505697541556  0.47512910515001394  0.48485470052204971
  0.49438145101887265  0.50444456471672960  0.51445189760934584  0.52314580930749810
  0.53370223480069401  0.54493413918610356  0.55557577249563628  0.56569663061076592
  0.57547545618128282  0.58572589209410975  0.59584492699044833  0.60411150681375247
  0.61248804145641311  0.62174355636915735  0.63173908057797812  0.64335749576872647
  0.65534735890427720  0.66676157475199893  0.67839362732050801  0.68971959365108892
  0.70139456559970736  0.71330478559309296  0.72642554133633053  0.73836517328684048
  0.74967167529346368  0.75932923717614909  0.76932492271479347  0.77972076982977367
  0.79064012534798123  0.80253900709864245  0.81473623112337401  0.82564439041198789
  0.83479206427883701  0.84380855367116236  0.85310107398247426  0.86326048543212108
  0.87511806966121941  0.88801419458001574  0.90122655308878752  0.91410500975775355
  0.92605413000553072  0.93682195143555247  0.94706867009633200  0.95675895439349301
  0.96663196522817296  0.97688318301969312  0.98629913622554599  1.00000000000000000
 -0.00217201430327087  0.00896215645558230  0.01953004040784639  0.03042294576329308
  0.04254169118100171  0.05486599936669775  0.06617601919192397  0.07689731039971216
  0.08687375898006681  0.09677606726108463  0.10685503598135304  0.11651676417654669
  0.12626704445662501  0.13721842692827357  0.14894429207973262  0.16046970780860320
  0.17131982001462689  0.18214239734593674  0.19267053787835189  0.20191663367069035
  0.21046656104319819  0.21880388582368870  0.22852165457223081  0.23594148150354646
  0.24423896249421401  0.25253543702862891  0.26297563228382398  0.27393214686654599
  0.28390260090398411  0.29356711970182864  0.30285338374068138  0.31340689710909392
  0.32550181282638496  0.33744973414883656  0.34835529246216812  0.35860893928405241
  0.36880325748068910  0.37999717009464379  0.39156074494531790  0.40310358765384907
  0.41443410546334469  0.42538573579553185  0.43624691622026118  0.44642619052585159
  0.45598066438226248  0.46522503538117227  0.47461250582496356  0.48462853726840277
  0.49458915437790923  0.50412883193516456  0.51397951804535413  0.52478653380579876
  0.53621112629110601  0.54677032830099948  0.55700938108832054  0.56801324814060961
  0.57929332832712233  0.59039276559934661  0.60087339803490081  0.61047612690599129
  0.62008506006055952  0.63021736802149342  0.64043980837249803  0.65104282373729339
  0.66215653461452573  0.67354253741883463  0.68506636607406424  0.69639314372802963
  0.70722734489167316  0.71857546985897847  0.73012003286004890  0.74160938589770986
  0.75326445791739705  0.76368742275636603  0.77274047930077838  0.78195995353650749
  0.79248140653458166  0.80331509079973817  0.81413399639294615  0.82455661955976123
  0.83468596102312809  0.84553707389167088  0.85687319656085326  0.86753276115948341
  0.87851565799581566  0.88937880004453429  0.90027834033173770  0.91100417954388269
  0.92199837121285699  0.93328092210170466  0.94498278886073328  0.95780475763653639
  0.96945663817782513  0.98057346024467529  0.99070622512217921  1.00000000000000000
 -0.00226682658415951  0.00850282520651080  0.01904638433149938  0.03040365690896323
  0.04297446129920320  0.05566148746905861  0.06630528358581139  0.07678068536802543
  0.08797021160915731  0.09955398668512169  0.11126503761442436  0.12266719889725558
  0.13389589173279201  0.14508540139848367  0.15650070850024964  0.16805202609948791
  0.17950811898817012  0.19108918919641996  0.20241489334751997  0.21390679289683251
  0.22413276935473930  0.23364403525166469  0.24334622750905943  0.25243543143783370
  0.25975774077574643  0.26597284893200346  0.27478171011954705  0.28381521913576796
  0.28964143476573900  0.29555221369621842  0.30219567531367525  0.31046366779003104
  0.32094773019173728  0.33125626254971874  0.34126705928398299  0.35110843003296405
  0.36102473251916944  0.37184030538542168  0.38232052466504579  0.39237441849174376
  0.40165871585374785  0.41152874809255202  0.42120615826104929  0.43151079043828694
  0.44205413467305216  0.45162589983932500  0.46138594306099628  0.47097320414296262
  0.48082268964069658  0.49101597923560614  0.50161941625093587  0.51291025603737583
  0.52417323306370500  0.53502002368224344  0.54539443531202303  0.55627649182702921
  0.56730134139886379  0.57884265246193356  0.59062895209224253  0.60299337796218500
  0.61542412734984597  0.62715647108904593  0.63831752372042416  0.64919988489488367
  0.65991241544438939  0.67076241330944653  0.68233351782568474  0.69437820866584943
  0.70577060047187690  0.71595207735063526  0.72489029116461623  0.73411619428541119
  0.74437505625407285  0.75577159242376868  0.76721583826740425  0.77781398457349349
  0.78856161654494472  0.79939923459753348  0.81039395852723506  0.82136001694325012
  0.83179762616638342  0.84183753165896358  0.85157896469403505  0.86161692326487238
  0.87238434011848642  0.88416042192034039  0.89648468526393321  0.90842992216202023
  0.91982287980412925  0.93100236973392647  0.94222694441350896  0.95359072152947533
  0.96555621262380520  0.97738918568612665  0.98889977291787645  1.00000000000000000
  0.18546146494227037  0.20633944149157721  0.22336242119756700  0.24597140212220742
  0.27380190301677143  0.30801598425700538  0.34681458320098546  0.38447363663081069
  0.41765751349312064  0.44408128280250697  0.47408395335152648  0.50806796478095839
  0.54202093780639038  0.57110450632542142  0.59421821622518289  0.61145653874350248
  0.62502830014324140  0.63537464055961979  0.64333039996714814  0.64949484087521969
  0.65423483080483824  0.65839536466534543  0.66217003452013468  0.66579117593960624
  0.66939920827434507  0.67234981099510205  0.67480042125891260  0.67694516309982289
  0.67885416347980798  0.68051425695571033  0.68189416046231865  0.68300869358358163
  0.68401250394439495  0.68499766794731609  0.68597616419348184  0.68695507633624364
  0.68789385495868993  0.68873934240654344  0.68949034776452933  0.69018159997066597
  0.69081502118231397  0.69138885428339347  0.69193794374675266  0.69249826922443469
  0.69307366455001240  0.69360733036255584  0.69403352837020582  0.69436727259332764
  0.69475094987826047  0.69524371441123978  0.69572223080899553  0.69618575761860901
  0.69662712105106972  0.69710531618640914  0.69759718773417290  0.69808897419756621
  0.69855934362952976  0.69902169016075244  0.69952442356590672  0.70005216126824554
  0.70060168447439908  0.70116830399345120  0.70175480986047167  0.70234981666940799
  0.70295696169086019  0.70362500444170450  0.70435722450588367  0.70514401098196200
  0.70591890046895478  0.70667723020456186  0.70748387899943366  0.70833645664407230
  0.70915315871617646  0.70992525136198736  0.71078766956454686  0.71180603990021751
  0.71297245146233779  0.71433206351126266  0.71578127075619080  0.71740803871318648
  0.71921050065281600  0.72124170272650334  0.72350059883173234  0.72600052488036826
  0.72875270349795873  0.73184433400369875  0.73547731337571398  0.73986470966765749
  0.74504082366666013  0.75108473483398963  0.75847427504547749  0.76841505017812184
  0.78134329552945736  0.79954783952801067  0.83519882723901306  1.00000000000000000
   2.5893211001669609E-009  -1.0000000000000000     
 F F F F F F F F F F F F F F F F F F F F F F F F F F F F F F F F F F F F F F F F F F F F F F F F F F F F F F F F F F F F F F F F
  <DiscreteSampler_grid>
  grouped_processes
  1 # 1 for a reference and 2 for a running grid.
  10 # Attribute 'min_bin_probing_points' of the grid.
  1 # Attribute 'grid_mode' of the grid. 1=='default',2=='initialization'
  0.0000000000000000 # Attribute 'small_contrib_threshold' of the grid.
  0.5000000000000000 # Attribute 'damping_power' of the grid.
 # binID   n_entries weight   weight_sqr   abs_weight
    19   10   3.928869597751237E+006   4.941181041356416E+013   3.928869597751237E+006
    22   10   3.928869597751237E+006   4.941181041356416E+013   3.928869597751237E+006
    25   10   3.928869597751237E+006   4.941181041356416E+013   3.928869597751237E+006
    28   10   3.928869597751237E+006   4.941181041356416E+013   3.928869597751237E+006
  </DiscreteSampler_grid>
