 -0.01076201256844469  0.08662602270405548  0.13428357222029691  0.17450353957291645
  0.20958316164513446  0.23871915410948827  0.26703744278545771  0.29267653133140986
  0.31721832129644456  0.33929097289326271  0.35897478944121813  0.38067397833532157
  0.40296677156783695  0.42419118377171283  0.44437285011416083  0.46425886197053134
  0.48370557589027485  0.50158466468717766  0.51863005361252790  0.53487503002581627
  0.54978397432334059  0.56398151701777022  0.57834682812059046  0.59298600903682519
  0.60785698465678584  0.62198311490647695  0.63492977114386429  0.64715103815906394
  0.65954963326241689  0.67220098782665560  0.68422037150649861  0.69614483248457515
  0.70760869894316014  0.71872782542951863  0.72913086001727090  0.73895304926717409
  0.74913127372372512  0.75910184151221149  0.76835101743523704  0.77764208151866943
  0.78739474375835516  0.79731761206494900  0.80542653167238942  0.81209807610099960
  0.81891123682676104  0.82521060203907504  0.83139854446016359  0.83815653836366444
  0.84452747287300312  0.85118378783641990  0.85840542652237795  0.86576154532783489
  0.87290979304399452  0.87969909760727083  0.88607245097526122  0.89223836015576774
  0.89786632283977519  0.90304740085277824  0.90808926869657514  0.91306697129601089
  0.91808675632847847  0.92316688363832233  0.92805447338766678  0.93259065241463945
  0.93595961173095410  0.93874953619476820  0.94134745267391673  0.94385738599333602
  0.94665902082628439  0.94966698551018203  0.95233767600415831  0.95470239713177374
  0.95710865462867978  0.95926737878016466  0.96141715473697431  0.96350953269165251
  0.96543447720162512  0.96743447846452624  0.96978152528408301  0.97211700003625134
  0.97390821674140615  0.97545639309459808  0.97707684877485146  0.97858438289051408
  0.97993053220931470  0.98136283119513601  0.98291314626920179  0.98437335057756981
  0.98563417994047786  0.98711817741368868  0.98860729391674640  0.99007674338336848
  0.99178848308049983  0.99354130231426452  0.99522192059000847  1.00000000000000000
  0.00000000160395595  0.00000000170554961  0.00000000177692100  0.00000000183239540
  0.00000000188546339  0.00000000193582185  0.00000000199003987  0.00000000204174597
  0.00000000209162440  0.00000000214043483  0.00000000218916607  0.00000000223236332
  0.00000000227194330  0.00000000231242741  0.00000000235410300  0.00000000240018863
  0.00000000245457256  0.00000000250302809  0.00000000254347103  0.00000000258313510
  0.00000000262954038  0.00000000268181303  0.00000000273204321  0.00000000278284368
  0.00000000283869794  0.00000000290802425  0.00000000300110485  0.00000000311546473
  0.00000000322071970  0.00000000331894055  0.00000000341237751  0.00000000351040015
  0.00000000360655629  0.00000000370620870  0.00000000382444444  0.00000000395052155
  0.00000000408680248  0.00000000423258914  0.00000000438266606  0.00000000454409961
  0.00000000472047146  0.00000000489852840  0.00000000510294656  0.00000000534300288
  0.00000000562277424  0.00000000590585699  0.00000000617603763  0.00000000645493473
  0.00000000677161000  0.00000000712382675  0.00000000752124843  0.00000000796451094
  0.00000000847964979  0.00000000901314497  0.00000000953324888  0.00000001004267216
  0.00000001060573525  0.00000001129520940  0.00000001218270467  0.00000001327121484
  0.00000001452577024  0.00000001594059264  0.00000001758341719  0.00000001958427911
  0.00000002180709036  0.00000002436163438  0.00000002711395322  0.00000003060780020
  0.00000003557749792  0.00000004194078039  0.00000004982809932  0.00000005958545004
  0.00000007194913182  0.00000008855386851  0.00000011378030730  0.00000016436080511
  0.00000024062288809  0.00000034909177398  0.00000049985474783  0.00000071555698798
  0.00000105252996788  0.00000152131430483  0.00000236327831673  0.00000401253633359
  0.00000671006309041  0.00001144889616743  0.00001990208893504  0.00003540271286084
  0.00006480593263495  0.00012484293380959  0.00027516935608856  0.00068593674995644
  0.00219593270685246  0.00989345443607650  0.06001822475266647  1.00000000000000000
 -0.00177122935643479  0.00780057865978880  0.01835300756526387  0.02897146644738848
  0.04066396500827843  0.05230812716135437  0.06348288073160423  0.07397987605326158
  0.08466001575789552  0.09500783538351884  0.10508342268088093  0.11447224189413205
  0.12415885676536777  0.13486830098568670  0.14565614588404754  0.15562798037188647
  0.16499738723404772  0.17512717883583140  0.18581114826085388  0.19722474858480871
  0.20861478964143237  0.21914562791781830  0.22956532659465814  0.23968912864568467
  0.25070488865903096  0.26167279701190765  0.27259929309064979  0.28313055711281010
  0.29333333719905497  0.30362135447007166  0.31439666468177563  0.32558697833500527
  0.33706072124993253  0.34852388200316903  0.36005488506932515  0.37162151538592242
  0.38293391794362480  0.39378335252371227  0.40439475438182032  0.41528902497188680
  0.42637362009594232  0.43767861905006278  0.44895988840439216  0.46007053044912216
  0.47118760737049081  0.48153264978636112  0.49119729870146656  0.50053993483733894
  0.50994233777590359  0.51946232717032392  0.52930064508827568  0.53894410637298251
  0.54845216734729030  0.55803881304252656  0.56831655271662096  0.57874632897640965
  0.58940027870675793  0.60032217866436555  0.61147574306049035  0.62272589362973452
  0.63342695342053734  0.64373105558726196  0.65400685778088330  0.66462675595744725
  0.67447091908032875  0.68337529660813046  0.69121802535056376  0.69855854028238062
  0.70607897741180325  0.71478831689552225  0.72452364411454184  0.73460147376446450
  0.74479614323142052  0.75528405777954799  0.76606673894437638  0.77684206775740450
  0.78789255091455535  0.79855241071691752  0.80909474882725019  0.81963988278685107
  0.83085312610013173  0.84197966278144787  0.85301683374995685  0.86405521654617812
  0.87472861615344599  0.88590910207952234  0.89733519883969914  0.90889828795513949
  0.92084697539654703  0.93246281287719224  0.94368267171030007  0.95478926589400714
  0.96583821740060682  0.97694409644067703  0.98882584422098985  1.00000000000000000
 -0.00269841359575021  0.01069303966114769  0.01952762471650747  0.02898496285855042
  0.03833017191931407  0.04732911891538408  0.05828537736092922  0.06894884714624348
  0.07917088107719544  0.08945291274837766  0.10028700230923775  0.11092784971325605
  0.12110572873494559  0.13150014574397226  0.14191963579564465  0.15191481792529765
  0.16186119898000062  0.17206005311822792  0.18301700034853549  0.19364572395945018
  0.20419787655314489  0.21483078426257310  0.22529908679838734  0.23572938580115910
  0.24531058337442416  0.25390076695390262  0.26237327558752843  0.27049908802758171
  0.27967482253878184  0.28968002184480984  0.30127285204172549  0.31268853643333194
  0.32356336950944237  0.33410359117605959  0.34510968343446635  0.35614057377138875
  0.36678788406593055  0.37712499303523805  0.38768999769310758  0.39843985983797453
  0.40943905963499383  0.42030136135439788  0.43110488093493005  0.44193700467030722
  0.45258470785890093  0.46281386862298779  0.47300403031706756  0.48325980066050805
  0.49405339293283124  0.50541757286204037  0.51677619109180351  0.52758976878522379
  0.53789538685824201  0.54791994457733462  0.55919676308517985  0.57101755981292235
  0.58278018296253731  0.59322054021243831  0.60300647185436407  0.61298305440603262
  0.62370871494515612  0.63515169130654048  0.64614164552151254  0.65681171731061783
  0.66739445137325182  0.67804579098622797  0.68891385687095408  0.69975885264919258
  0.71011236369268349  0.71997399921686733  0.72959802653156169  0.73991813778277116
  0.75082298051563201  0.76153262641559494  0.77271765915303414  0.78400984936437335
  0.79515969936684494  0.80618243229600717  0.81690519542213003  0.82798514483652452
  0.83911258790450627  0.84987827850884579  0.86029017041471323  0.87040924328444869
  0.88074750056181084  0.89169650622356644  0.90320362806649168  0.91417185047183747
  0.92482033260556973  0.93519523723234743  0.94589882025572425  0.95681118044589908
  0.96762352333026569  0.97850669616416530  0.98908444258794481  1.00000000000000000
 -0.00232283823759978  0.00922877409082709  0.01997386953765474  0.02992690410369021
  0.03994003103086480  0.05013499544875447  0.06064003926420881  0.07170576160250888
  0.08187428418976535  0.09267357500308154  0.10384062552820759  0.11477244629891412
  0.12595331333779500  0.13636795946014843  0.14686158943603342  0.15790224613335543
  0.16829593604475893  0.17911449412673142  0.18993991194404367  0.20128963131016256
  0.21274785737912061  0.22405449935434252  0.23535253997337463  0.24657458540018340
  0.25742647819345166  0.26802428137444029  0.27867777546928874  0.28924759296747649
  0.29958796125314135  0.31015186493298530  0.32081700840741900  0.33164550413280136
  0.34265373475418504  0.35393241479604887  0.36565005123043709  0.37725183354064346
  0.38857123268254223  0.39965937675391755  0.41064463210847707  0.42173998639116911
  0.43266161453756763  0.44344146695374337  0.45433628361224709  0.46531667914297964
  0.47631328305029053  0.48686337015768621  0.49650815593553499  0.50522889204148624
  0.51389337554553083  0.52311071159243372  0.53410468685308188  0.54477104629981377
  0.55481312304639707  0.56429404198247846  0.57363039981070230  0.58314838725800899
  0.59301024719652828  0.60307036140172099  0.61335879707017393  0.62364887761247745
  0.63392755158369041  0.64452106061046333  0.65515871370692325  0.66555144160310931
  0.67533509425819993  0.68482654934214648  0.69445317655917727  0.70450069357274936
  0.71487336074797225  0.72606615789582485  0.73801399106475329  0.74986674269612408
  0.76082496978165859  0.77030917627476803  0.77927433855174744  0.78832742178690596
  0.79679565361560978  0.80635166670078617  0.81726999249333754  0.82801496330110036
  0.83831099156792477  0.84877922438944509  0.85973006441288669  0.87123164662638541
  0.88288449598660323  0.89419100938117735  0.90527784474507500  0.91628301661708011
  0.92735569077613278  0.93799096071401999  0.94825585337417384  0.95806283582219698
  0.96829703329569627  0.97862327597882115  0.98939681673164037  1.00000000000000000
  0.18692707030659222  0.20183234655685955  0.21910102086236552  0.24524216132654370
  0.28118208112204612  0.32559384189751822  0.37563218114569547  0.42649969973599761
  0.47334813156931649  0.51430921177513489  0.54630479631733675  0.57174056779667459
  0.59321991174772781  0.61051034523527170  0.62282808740161477  0.63224659252676785
  0.63998170989910208  0.64677086860387123  0.65263703716311439  0.65771884443899853
  0.66244868565574011  0.66634987288817282  0.66966648849626986  0.67255554049092059
  0.67512394138691856  0.67726216323341770  0.67913391939303558  0.68084179444264259
  0.68244421930326638  0.68385554366866808  0.68505464490585821  0.68613908080117414
  0.68711339529183513  0.68802497485661629  0.68886897403543335  0.68967039744022662
  0.69040647035432234  0.69108237838768505  0.69174187668642706  0.69239937124128326
  0.69309809575097669  0.69380120524357780  0.69447178547116284  0.69511577212858855
  0.69572849378248414  0.69630253587769553  0.69685484742012660  0.69739450617770959
  0.69793551778998286  0.69846166285573352  0.69896345309564545  0.69946722655339455
  0.70000003448195658  0.70055508905725872  0.70112443175496286  0.70169945950369428
  0.70228898701773190  0.70290530772095428  0.70353836351208843  0.70418661125193982
  0.70484550099570653  0.70553041667029515  0.70627217828979683  0.70700241468210967
  0.70778399188299446  0.70868078007213697  0.70960597281844484  0.71036901433243793
  0.71124967431731501  0.71217424170642718  0.71311541151506419  0.71418366131949551
  0.71537323796764596  0.71672921656425326  0.71826408333656089  0.71992483131427021
  0.72170764919586650  0.72356538686422234  0.72555288439175403  0.72770386113317465
  0.73013610441265064  0.73289809377738169  0.73577324055492765  0.73848195892696955
  0.74120769608404546  0.74423851661282103  0.74782391325353081  0.75187269603470708
  0.75710743845217365  0.76405693387724372  0.77272143173570074  0.78292200971938797
  0.79587431863565306  0.81355729436372737  0.85044170012266640  1.00000000000000000
   1.9427845518743776E-009  -1.0000000000000000     
 F F F F F F F F F F F F F F F F F F F F F F F F F F F F F F F F F F F F F F F F F F F F F F F F F F F F F F F F F F F F F F F F
  <DiscreteSampler_grid>
  grouped_processes
  1 # 1 for a reference and 2 for a running grid.
  10 # Attribute 'min_bin_probing_points' of the grid.
  1 # Attribute 'grid_mode' of the grid. 1=='default',2=='initialization'
  0.0000000000000000 # Attribute 'small_contrib_threshold' of the grid.
  0.5000000000000000 # Attribute 'damping_power' of the grid.
 # binID   n_entries weight   weight_sqr   abs_weight
    19   10   6.381060388403460E+004   2.021321825046280E+010   6.381060388403460E+004
    22   10   6.381060388403460E+004   2.021321825046280E+010   6.381060388403460E+004
    25   10   6.381060388403460E+004   2.021321825046280E+010   6.381060388403460E+004
    28   10   6.381060388403460E+004   2.021321825046280E+010   6.381060388403460E+004
  </DiscreteSampler_grid>
