 -0.00012480370781440  0.00867980827900496  0.01973614580234426  0.03405768891757430
  0.05046782592203933  0.06908196323688717  0.08683518345316568  0.10331618912687249
  0.11979839008641793  0.13486618095861513  0.14941412839328444  0.16365791494805665
  0.17647841162127134  0.18853880175488102  0.20037730241973309  0.21223571112676198
  0.22417377407270664  0.23630711331550291  0.24873551681854500  0.26124163339056600
  0.27345832690417449  0.28506187484046408  0.29676910912193899  0.30851216227361333
  0.32017844196016720  0.33194856366599429  0.34428294942832827  0.35724625424478462
  0.37083954242921624  0.38426961276786714  0.39700461947072119  0.40896600136349703
  0.42059588204330445  0.43208846464894940  0.44390978396356573  0.45618049187210913
  0.46839301391195826  0.48111835165735772  0.49455323303399390  0.50684165660482183
  0.51794524518166385  0.52930282916224958  0.54037096720406674  0.55039805971863287
  0.56011155990977057  0.57072681272668202  0.58197029620351282  0.59324475735553406
  0.60460328809855757  0.61612690670940484  0.62797729307882255  0.64005671144809850
  0.65127022966134396  0.66154223050748029  0.67180389824316888  0.68226159906475425
  0.69225279424393660  0.70181848036566075  0.71130573985680023  0.72082304855643609
  0.73043018311953245  0.73988635372211820  0.74954963476897718  0.75880217407058093
  0.76796471199715910  0.77692279119720964  0.78568308769795869  0.79432980714181378
  0.80311497830666700  0.81229569055456274  0.82198120546589459  0.83221252728244244
  0.84278853231656359  0.85306565694832925  0.86282277868633794  0.87274596631750623
  0.88171172730606329  0.89118027267101230  0.90081240128171591  0.91020272978135730
  0.91899578476110966  0.92679249016061138  0.93445258663741981  0.94218862906841361
  0.94994029547801262  0.95725531417986753  0.96359675185718952  0.96909248359027533
  0.97435287965707884  0.97924602102512237  0.98356037347754954  0.98725569294600690
  0.99049083427610152  0.99335874154688575  0.99579377135125691  1.00000000000000000
  0.00086014202064057  0.00096927745496444  0.00105428577771990  0.00112650425187026
  0.00119431864423063  0.00126101391294888  0.00132457654451946  0.00138621668891921
  0.00144279474629366  0.00149800297430740  0.00155336719933186  0.00161083882780694
  0.00166965216839313  0.00172778068100508  0.00178623503603476  0.00184482212526283
  0.00190377703198332  0.00196265949549122  0.00202303344099886  0.00208578510710885
  0.00214902275556772  0.00221261932970729  0.00227801092263063  0.00234425235650556
  0.00241133278291418  0.00247882443916818  0.00255173089433505  0.00262644894892488
  0.00270110884387408  0.00277985129757227  0.00286377419649039  0.00295013813008283
  0.00303587440104070  0.00312140560573805  0.00321051246864065  0.00330023492169743
  0.00339282136499992  0.00348585092874366  0.00357944188931283  0.00367300417057737
  0.00376827647986447  0.00387350097397775  0.00398615345603910  0.00410034073629699
  0.00422004324100077  0.00435265249857881  0.00449386530541690  0.00463898194124798
  0.00479524441004339  0.00496622582488377  0.00513930841081008  0.00534161118242404
  0.00558729878709351  0.00583504574031440  0.00605168958910456  0.00626405074633055
  0.00648708054737504  0.00670861274049277  0.00693052659113516  0.00715868094999243
  0.00739185801631370  0.00763643708516831  0.00788444434576865  0.00816775370753549
  0.00847445875797831  0.00877650026339942  0.00913652019748014  0.00954336165561155
  0.01000210367654217  0.01053145048883226  0.01110843369769388  0.01166548430927613
  0.01222769321250970  0.01284753592989797  0.01350754664928999  0.01418778233086804
  0.01487791138591963  0.01563850268977154  0.01651433764758658  0.01742701802798654
  0.01835736034842196  0.01938598495570390  0.02056897712305710  0.02181015686358239
  0.02324458553548702  0.02502158115203509  0.02671574632963578  0.03138573278705648
  0.04465094937451673  0.06019951708413384  0.07433250021407889  0.08727653823965925
  0.10430205221041874  0.13125128026191590  0.13601663658561697  1.00000000000000000
  0.00160387979165947  0.00409244289710589  0.00634575247272404  0.00923636274372212
  0.01260495634509466  0.01945240433028432  0.02949591833416571  0.04059248319115387
  0.05257854995132143  0.06504988056589837  0.07751900809565390  0.08956607190156972
  0.10120044457131111  0.11133302203226313  0.12091545999173277  0.13106431675055441
  0.14148743523051380  0.15162206620517696  0.16145431366334770  0.17246423273209935
  0.18448757964804910  0.19520217372220722  0.20533200178701300  0.21680496904626226
  0.22854738212146877  0.24014009849837431  0.25199290398882773  0.26464597874810336
  0.27787374360878486  0.29074328562787050  0.30294506460627041  0.31490131379715114
  0.32679516955952592  0.33800290086210977  0.34770332853947400  0.35772146433972507
  0.36751413652444026  0.37735203795884265  0.38715878955232425  0.39720961542014765
  0.40792944464187753  0.41858761201506284  0.42892231763517902  0.43940714906123118
  0.44973929726902706  0.46032074536566786  0.47148427965608941  0.48274182325877812
  0.49424101580244850  0.50575567790238618  0.51761985807961941  0.52936531562557321
  0.54142599333027808  0.55399096054428087  0.56728233302111175  0.58089107599012435
  0.59378817709100318  0.60516702804521560  0.61626090449047133  0.62647578444456520
  0.63553311654501565  0.64450257872456218  0.65377069877704486  0.66326873334562475
  0.67308928467269424  0.68305554779963795  0.69334316333795876  0.70408399145265510
  0.71417669231406522  0.72396649121933088  0.73410041998163900  0.74397290851671605
  0.75287363630465010  0.76131085189492953  0.77028466924927730  0.78018546267085065
  0.79033393727705514  0.80034398743456669  0.81025134812943078  0.82127426394450254
  0.83282644157361774  0.84406302066068895  0.85495646884417265  0.86537349173161593
  0.87562364949409777  0.88594566491278437  0.89636759030161639  0.90684885084912403
  0.91740212220474160  0.92854589713801594  0.93975003389733769  0.95055722516346619
  0.96139307047760159  0.97240866360935041  0.98380458161260376  1.00000000000000000
  0.00138273086158391  0.00458223000951417  0.00744377516201758  0.01031671641209382
  0.01299909433043802  0.01480592105045244  0.01655601504623120  0.02045027231073605
  0.03068412506035839  0.04166492137184621  0.05259232521163647  0.06347785870032228
  0.07342750961672090  0.08369191102695679  0.09520228047641904  0.10680949084210796
  0.11767715924634609  0.12955041690597213  0.14235743333068157  0.15496956413973403
  0.16675533369533999  0.17773069008277567  0.18840295001009477  0.19894373063403253
  0.20945259321506463  0.21980757326120412  0.23071649575671260  0.24248347421363897
  0.25394361708177110  0.26440991945004833  0.27474505445189923  0.28476472067887715
  0.29469691168792489  0.30457065270364808  0.31500278109135188  0.32699236948559385
  0.33973876352105464  0.35259512282205180  0.36550963093679539  0.37849505212512441
  0.39136951116508428  0.40423417084256907  0.41683663600335197  0.42888464013968558
  0.44061533016909543  0.45085910605507390  0.46127431732512347  0.47126713964008227
  0.48123251502805475  0.49126395650724097  0.50137286567573880  0.51226974210040011
  0.52324140216563286  0.53541752518576080  0.54774908808973000  0.56083267325181463
  0.57410704194138917  0.58749975866743087  0.60031965550394695  0.61182952487315345
  0.62245321364130846  0.63301360096479031  0.64331272952320440  0.65309314355523562
  0.66252301157123472  0.67241845514087584  0.68268388165732863  0.69309412901800826
  0.70342768036095515  0.71380284631108437  0.72450099633281217  0.73531751423037328
  0.74583628673872282  0.75609199403558702  0.76593233644185865  0.77546667636927469
  0.78475466879863232  0.79442881217164174  0.80465921013013808  0.81488200104501352
  0.82524942301837989  0.83601604035656418  0.84883238024075203  0.86076077678167395
  0.87238128752724231  0.88361971585964705  0.89488823457224809  0.90655526553704469
  0.91819273042213445  0.92948206164275460  0.94129506446505384  0.95409891860662510
  0.96613404377285184  0.97737581027064013  0.98881170015089226  1.00000000000000000
  0.00100478152602308  0.01328053298419550  0.02221876783955440  0.03238055019772643
  0.04247143995553992  0.05256438603199608  0.06290615363229075  0.07436966188910744
  0.08641396899524707  0.09979331566347910  0.11213639516535073  0.12398333393123911
  0.13551126721382264  0.14727395831515361  0.15935409992370098  0.17104526418758467
  0.18221400441884716  0.19343717576748076  0.20497139506598605  0.21664845276334807
  0.22819251126038140  0.23922769936181090  0.24923108442184852  0.25752668348621338
  0.26507995230899212  0.27264718150511713  0.28000527703459188  0.28723114883989331
  0.29451873814892576  0.30200689047890522  0.30975372500440973  0.31914281882245304
  0.33023928455662699  0.34202345617472063  0.35390227339942232  0.36532312183384075
  0.37624531424303925  0.38686585118677719  0.39757825745326764  0.40868044680407167
  0.41934164805462221  0.42920648161559422  0.43905972198177406  0.44897907676188936
  0.45908612164858847  0.46864114289390935  0.47777831710539825  0.48705002361305405
  0.49682097428195771  0.50765761036123902  0.51887593943308308  0.52927911615334222
  0.53902161405976579  0.54899422733267911  0.55903494801290909  0.56878171293181201
  0.57826441313290344  0.58790131138144508  0.59768295302641916  0.60755383608957758
  0.61737466963365051  0.62758711928815369  0.63803484905175489  0.64961778947513804
  0.66181109837952445  0.67340609904352489  0.68422104307431209  0.69471154329018814
  0.70493036963665023  0.71494687520083977  0.72504170343030105  0.73545888618839383
  0.74596855054317157  0.75623876123977507  0.76654206859642948  0.77656409341591703
  0.78595577510970371  0.79510832295389733  0.80406650423661608  0.81427286046268621
  0.82469607390357802  0.83504362411220301  0.84531997146566273  0.85558547699312393
  0.86667715331275208  0.87752305323919810  0.88824422471161713  0.89921690838428869
  0.91057783618827515  0.92174739718711052  0.93428729692627988  0.94951476420997394
  0.96532825502356534  0.97631073151172498  0.98824737323962220  1.00000000000000000
  0.99972516633104613  0.99972789547095542  0.99973015248029384  0.99973237290395156
  0.99973457670694343  0.99973674791594014  0.99973890148944777  0.99974104977222633
  0.99974320424499097  0.99974538133028634  0.99974758487786997  0.99974979046765133
  0.99975199775854262  0.99975417101589947  0.99975634699488181  0.99975851823233952
  0.99976071321850868  0.99976291790234773  0.99976512751427249  0.99976732739150598
  0.99976951907702227  0.99977171477051718  0.99977390326901916  0.99977610350114787
  0.99977830609782559  0.99978053049056081  0.99978276451550885  0.99978499464291526
  0.99978722184394009  0.99978945021119425  0.99979167258986867  0.99979388895067378
  0.99979610645865413  0.99979833314990318  0.99980057374085352  0.99980281996915099
  0.99980505891378924  0.99980730176935440  0.99980954284608015  0.99981180176137274
  0.99981419885229950  0.99981692397840627  0.99981965009483176  0.99982239822339891
  0.99982515364094293  0.99982791029684182  0.99983065480953048  0.99983339074589894
  0.99983612802631394  0.99983886559981727  0.99984161423208195  0.99984438689633404
  0.99984717472007467  0.99984998359688415  0.99985279136570870  0.99985560048106137
  0.99985843878115188  0.99986129563792181  0.99986416185878080  0.99986701640943543
  0.99986984315222682  0.99987266823403786  0.99987552069563201  0.99987842524165749
  0.99988135645713672  0.99988426468563230  0.99988715517170523  0.99989004623010314
  0.99989295247379872  0.99989589573262339  0.99989889563545076  0.99990196657232255
  0.99990505386338602  0.99990831526115420  0.99991179590316737  0.99991524884274885
  0.99991868305807474  0.99992211223471039  0.99992555586551524  0.99992906842430007
  0.99993265949954835  0.99993633237701529  0.99994005217991766  0.99994383273225351
  0.99994769587308152  0.99995158269533002  0.99995553264002623  0.99995955966121686
  0.99996372540649126  0.99996799806753445  0.99997240880133853  0.99997696647350032
  0.99998174692861341  0.99998696161653355  0.99999284784804654  1.00000000000000000
   4.4304020277008359E-005  -1.0000000000000000     
 F F F F F F F F F F F F F F F F F F F F F F F F F F F F F F F F F F F F F F F F F F F F F F F F F F F F F F F F F F F F F F F F
  <DiscreteSampler_grid>
  grouped_processes
  1 # 1 for a reference and 2 for a running grid.
  10 # Attribute 'min_bin_probing_points' of the grid.
  1 # Attribute 'grid_mode' of the grid. 1=='default',2=='initialization'
  0.0000000000000000 # Attribute 'small_contrib_threshold' of the grid.
  0.5000000000000000 # Attribute 'damping_power' of the grid.
 # binID   n_entries weight   weight_sqr   abs_weight
    19   10   1.858890621296328E+006   4.340303957675938E+012   1.858890621296328E+006
    22   10   1.858890621296328E+006   4.340303957675938E+012   1.858890621296328E+006
    25   10   1.858890621296328E+006   4.340303957675938E+012   1.858890621296328E+006
    28   10   1.858890621296328E+006   4.340303957675938E+012   1.858890621296328E+006
  </DiscreteSampler_grid>
