 -0.00930380898306846  0.08160080694647763  0.13114167015471098  0.16924815619346240
  0.20275688055850652  0.23508189161516296  0.26289428945617982  0.28588477222169484
  0.30867508605396493  0.33325145963960512  0.35723401190742926  0.37958387929102710
  0.40163209676622341  0.42161429667162903  0.43970347108572699  0.45681472918126065
  0.47441813181875203  0.49219484085823090  0.50863625100969212  0.52421262005907765
  0.53954164680304151  0.55381133568273078  0.56698437189655082  0.58050027969265861
  0.59300599627624950  0.60487640219279948  0.61772448742410790  0.63149752830532824
  0.64513050692199181  0.65701775266253237  0.66780545327611163  0.67872664484635026
  0.68928479646672058  0.69932447308490864  0.70899681881216270  0.71867358962977479
  0.72888396695053403  0.73861268463763963  0.74805921901507566  0.75659853664627819
  0.76480853342483190  0.77351271145488232  0.78265071500724637  0.79133292570061919
  0.79961612692655770  0.80782692518836918  0.81607849239418850  0.82426222564506135
  0.83221034364862501  0.84006911384919414  0.84770811315822525  0.85447546433784072
  0.86022934700670983  0.86573286382171100  0.87148197484170742  0.87741054625292125
  0.88283454763493607  0.88758150302522765  0.89176375628665017  0.89565248198688474
  0.89930353928797802  0.90257978410157358  0.90628511577275250  0.91019124957771369
  0.91414390080361729  0.91785607514802547  0.92166267368653731  0.92585135141324315
  0.93038738926557840  0.93474570123566914  0.93874861796482434  0.94245144415688153
  0.94571613130723853  0.94841218705066310  0.95077098098384327  0.95310620959407111
  0.95536355222908009  0.95778417205281130  0.96087737631753189  0.96333176415102484
  0.96558714515642308  0.96767831518512315  0.96964814736994598  0.97167582733531344
  0.97374361214830873  0.97569586787839857  0.97751779014212570  0.97925723826160738
  0.98098116843623528  0.98280932390850584  0.98466689188676337  0.98672566312792998
  0.98918595957749644  0.99219073489161247  0.99541993881303736  1.00000000000000000
  0.00000000005759088  0.00000000006389164  0.00000000006861915  0.00000000007230751
  0.00000000007594927  0.00000000007948806  0.00000000008306811  0.00000000008718935
  0.00000000009127119  0.00000000009515681  0.00000000009915279  0.00000000010379380
  0.00000000010823908  0.00000000011228346  0.00000000011632785  0.00000000012061705
  0.00000000012492580  0.00000000012889960  0.00000000013274651  0.00000000013819236
  0.00000000014462358  0.00000000015091455  0.00000000015703338  0.00000000016328241
  0.00000000016964030  0.00000000017609296  0.00000000018262456  0.00000000019068836
  0.00000000020094350  0.00000000021218555  0.00000000022301568  0.00000000023486204
  0.00000000024672641  0.00000000025849819  0.00000000027119226  0.00000000028305264
  0.00000000029448552  0.00000000030733280  0.00000000032141406  0.00000000033667894
  0.00000000035479785  0.00000000037307525  0.00000000039238241  0.00000000041352819
  0.00000000043664244  0.00000000046256270  0.00000000048957893  0.00000000051784259
  0.00000000054564863  0.00000000057420447  0.00000000060081693  0.00000000063854420
  0.00000000067788729  0.00000000072701472  0.00000000078339377  0.00000000084954921
  0.00000000092514573  0.00000000100482754  0.00000000109234322  0.00000000118488452
  0.00000000128500513  0.00000000140495864  0.00000000154136922  0.00000000171402897
  0.00000000191528549  0.00000000214232832  0.00000000239932158  0.00000000267955653
  0.00000000297555011  0.00000000331417488  0.00000000380431187  0.00000000445091672
  0.00000000516753329  0.00000000612583918  0.00000000724202977  0.00000000859904101
  0.00000001044256964  0.00000001307500044  0.00000001703809147  0.00000002329160633
  0.00000003415857393  0.00000005351862869  0.00000008916094981  0.00000016920900119
  0.00000032822042115  0.00000068243779165  0.00000147659684927  0.00000332276512509
  0.00000848452141915  0.00002229083668958  0.00006550273860124  0.00023110602368243
  0.00120570390729428  0.02370773925447595  0.58826415637994645  1.00000000000000000
 -0.00236530418423129  0.00933642955052908  0.02057445573660825  0.03144890180321284
  0.04296620598792401  0.05457161856271105  0.06664742987662242  0.07710592530390130
  0.08762514493000872  0.09761733093401162  0.10733921149908493  0.11928750910033718
  0.13058763863942072  0.14147702299301207  0.15181116656292620  0.16234189988036674
  0.17312773976965254  0.18324448443733218  0.19319059344688083  0.20310129980187197
  0.21388337850952849  0.22450007053999083  0.23512938047858109  0.24580076352815666
  0.25678607519791424  0.26753254183352237  0.27776082175784694  0.28781915067277386
  0.29764371771772374  0.30703970703823913  0.31677895127217692  0.32764304545331491
  0.33885458988744138  0.34974461459116890  0.36040840491024068  0.37029910674455097
  0.38074131399552047  0.39039576945832455  0.40031053182823922  0.41057689758028348
  0.42102150474389394  0.43135453502482846  0.44156279137155768  0.45142945552119501
  0.46151839063782507  0.47081596848047075  0.47996472612933377  0.48958100450626513
  0.50000487530086357  0.51063659020725594  0.52159773292290268  0.53179444974979539
  0.54180059344959841  0.55215218593467263  0.56286087849669808  0.57387657841856632
  0.58494666564487230  0.59580254456003956  0.60656703354207886  0.61715079533959150
  0.62746000641268940  0.63760760208522771  0.64721653008456337  0.65672722270618122
  0.66660115777095119  0.67785474273107726  0.68964551663018947  0.70069940302267997
  0.71085865548346272  0.72089776087645685  0.73114688169832842  0.74164937411967680
  0.75176726363071722  0.76163208633017987  0.77168368854878233  0.78290021011636890
  0.79475232956954234  0.80639029947051055  0.81758161083677239  0.82838914815643694
  0.83903821583869387  0.84945289680846303  0.85997927952533526  0.87090375665362163
  0.88194736336073887  0.89315790878320112  0.90436591309780578  0.91632817680214085
  0.92718686599438482  0.93698013336065811  0.94650546003507263  0.95566391189912403
  0.96623249447749404  0.97667761631114569  0.98864060925988717  1.00000000000000000
 -0.00208653045984457  0.00790671497112685  0.01819063235048296  0.02767596789577732
  0.03822438789130859  0.04833003714915349  0.05795982250102649  0.06706591463606434
  0.07601855585042788  0.08650512466118676  0.09655877102343219  0.10761471187075632
  0.11886716781023021  0.13098308035834741  0.14307305297220493  0.15396520732614438
  0.16478700721329026  0.17533210040227212  0.18632111142890559  0.19777951099885807
  0.20949984638869062  0.22133714946023919  0.23250295715868632  0.24396377345970657
  0.25497373822056751  0.26584594581768856  0.27669574860622637  0.28779501970961668
  0.29872930429654326  0.30919888551643659  0.31989546944674252  0.33044203329979466
  0.34015892001684678  0.34977345768199231  0.36002265619929491  0.37137907370712492
  0.38334337388146722  0.39526360691928725  0.40729218936799128  0.41959558719908935
  0.43181737834456968  0.44353480678783042  0.45498151530957476  0.46600437795996591
  0.47609662345073828  0.48528941571331208  0.49478739456660642  0.50579678828798247
  0.51672658263828153  0.52708505148047258  0.53721403815279700  0.54763708814195555
  0.55862480793329505  0.56954047454415768  0.58032117799573579  0.59098674414305985
  0.60223514892403562  0.61315216711153153  0.62301500620195982  0.63300258044811897
  0.64245187050924024  0.65232425896357082  0.66286640358376769  0.67351373775326862
  0.68422258545218362  0.69357083767144390  0.70291992816953219  0.71226663782197319
  0.72154064545864804  0.73176679483392815  0.74259801859221353  0.75365251717985182
  0.76369149173547080  0.77413885495125179  0.78504025972421643  0.79635664030970099
  0.80694590048884618  0.81663619798941223  0.82630458187484557  0.83685363638720178
  0.84680038657242729  0.85691210454912203  0.86646033819514334  0.87620259978238257
  0.88636662496928342  0.89680645292830363  0.90638577676257226  0.91591294892977959
  0.92516937709542668  0.93511782718137926  0.94570683976286174  0.95644566072352155
  0.96722271919118663  0.97852725991697220  0.98892871567936635  1.00000000000000000
 -0.00210804852299281  0.00885539044816178  0.02050637656816411  0.03090008373025921
  0.04146125455240807  0.05235837983265419  0.06294270731276017  0.07443617638574294
  0.08436641699255565  0.09372121640856851  0.10312792410073288  0.11321250986625248
  0.12472300772739635  0.13622486388296598  0.14720295494659610  0.15811786169341943
  0.16927025183046376  0.18071374170634052  0.19193370948610639  0.20316401492647954
  0.21465293688201667  0.22505776725662099  0.23539118742524193  0.24528455022794698
  0.25512723981931329  0.26499269384404589  0.27497827811918957  0.28528783900425780
  0.29682789942632704  0.30864868861446076  0.31970559152696421  0.33028372064654415
  0.34004719463022182  0.35024689901292450  0.36142193621573243  0.37206564824523536
  0.38207252563758509  0.39194073841577737  0.40236525268771495  0.41386953885803240
  0.42554477196654417  0.43687710196554208  0.44794059738139180  0.45895450767866747
  0.47041529426284628  0.48194492643067521  0.49325878857280209  0.50484706261560419
  0.51600922910280822  0.52654247308161839  0.53693384541511269  0.54741665989908628
  0.55863879583364984  0.57024946629939033  0.58095061892646160  0.59107806889729708
  0.60113717534415811  0.61156362237040218  0.62200039921011030  0.63233820146576325
  0.64340265967249777  0.65525967548898723  0.66720911678271166  0.67853478504490128
  0.68899639399574397  0.69922943149628336  0.70955883912200213  0.71883853767982808
  0.72768653105031145  0.73688044699074051  0.74676387591265692  0.75772331457806630
  0.76878954285023759  0.78037426561936929  0.79119692793617924  0.80149398799882243
  0.81196088559205404  0.82232720936534576  0.83195776174337910  0.84051942877348451
  0.84860901709607117  0.85668942002248849  0.86487903149061940  0.87506204286949363
  0.88524240380055508  0.89534626983591681  0.90650376721776760  0.91865533782737596
  0.92988040427969765  0.94072505000413575  0.95146315977219509  0.96177652684817982
  0.97086732939617315  0.98026655125185480  0.98899738996554332  1.00000000000000000
  0.18446215882607586  0.20904894089571721  0.23181040092907626  0.26696666888885368
  0.31052854485824150  0.36129718371078656  0.41586122716255358  0.46519076031335632
  0.50584772018861990  0.53975718597572542  0.56602193219283425  0.58670607840876499
  0.60452353821951565  0.61929224850219322  0.63092291982399995  0.63834179184209616
  0.64398733259578478  0.64899524129167308  0.65382382781085802  0.65891176219065339
  0.66365985188910759  0.66733448276133911  0.67053509610092521  0.67324484577364740
  0.67572510469737834  0.67755723895171649  0.67920907189829138  0.68069156761969607
  0.68210612239813861  0.68343621893711437  0.68455207603439205  0.68558568843467671
  0.68655184220596177  0.68740983025446090  0.68818820507484491  0.68894873870391582
  0.68966089047018175  0.69038660695080656  0.69110208251079974  0.69177792345105760
  0.69244455008203765  0.69308797257622146  0.69369213056952783  0.69423696327345974
  0.69472807359939603  0.69518625631022968  0.69563684963897476  0.69611766874354108
  0.69660237842982564  0.69707878525431932  0.69753991799278481  0.69798871685769404
  0.69844248987427660  0.69891298928100876  0.69938464539575251  0.69984064412233948
  0.70029676244573824  0.70079081305610424  0.70136196878798818  0.70194289892479933
  0.70251456364188047  0.70301935023938822  0.70356400881541714  0.70412649927715043
  0.70474067649176098  0.70540895745124699  0.70611166356805299  0.70686239508182014
  0.70767474421944765  0.70856007572279933  0.70950620976067502  0.71052602084229077
  0.71163514445068765  0.71286965557832160  0.71420379120903021  0.71558522056237583
  0.71693576509920476  0.71834656812211717  0.71989928056255270  0.72154819758065569
  0.72326796016541839  0.72499979152976191  0.72694079359703556  0.72926650161666240
  0.73200890973581967  0.73561224382483759  0.73992005648604864  0.74440070063627872
  0.74943119682289139  0.75549633329604493  0.76309220658928356  0.77284787456928972
  0.78555293667487291  0.80393743365294545  0.84037423001919198  1.00000000000000000
   2.3130784960345875E-009  -1.0000000000000000     
 F F F F F F F F F F F F F F F F F F F F F F F F F F F F F F F F F F F F F F F F F F F F F F F F F F F F F F F F F F F F F F F F
  <DiscreteSampler_grid>
  grouped_processes
  1 # 1 for a reference and 2 for a running grid.
  10 # Attribute 'min_bin_probing_points' of the grid.
  1 # Attribute 'grid_mode' of the grid. 1=='default',2=='initialization'
  0.0000000000000000 # Attribute 'small_contrib_threshold' of the grid.
  0.5000000000000000 # Attribute 'damping_power' of the grid.
 # binID   n_entries weight   weight_sqr   abs_weight
    19   10   1.779480628296292E+006   2.974176677581577E+013   1.779480628296292E+006
    22   10   1.779480628296292E+006   2.974176677581577E+013   1.779480628296292E+006
    25   10   1.779480628296292E+006   2.974176677581577E+013   1.779480628296292E+006
    28   10   1.779480628296292E+006   2.974176677581577E+013   1.779480628296292E+006
  </DiscreteSampler_grid>
