 -0.00252758882751670  0.00950738227029135  0.01966330272642510  0.03015077175747413
  0.04070639695238126  0.05129929474221501  0.06187781519328294  0.07240999603211583
  0.08298162756911072  0.09358427989689672  0.10416944118724546  0.11471286583879628
  0.12527430050543933  0.13586753376876365  0.14646736657088186  0.15701629371367232
  0.16749921506864338  0.17791317987290289  0.18838347719504175  0.19895245045826948
  0.20951097041662206  0.21999720626491095  0.23050973888907841  0.24109236568013881
  0.25163131386869497  0.26205376522260243  0.27250644269467911  0.28304240820028992
  0.29354452575917384  0.30400356358438280  0.31447997726529309  0.32498346899387126
  0.33547173727960555  0.34592060607402381  0.35643625700951709  0.36697713709287783
  0.37752227527737003  0.38803037814259767  0.39850548611164122  0.40893274503602373
  0.41941197566895361  0.42995484196451883  0.44054801269588234  0.45109658183519852
  0.46166351535712363  0.47224864264566863  0.48281510700812008  0.49339346708898374
  0.50405640110677385  0.51476755601263635  0.52545229475530675  0.53606674512769337
  0.54666600004755783  0.55723266041325348  0.56776128996783215  0.57830434702442868
  0.58878061278511440  0.59926868814689027  0.60982153548672680  0.62035980960367387
  0.63093893884433516  0.64146059167321945  0.65204436731078819  0.66260751709537913
  0.67317574392555746  0.68375913526148602  0.69427081845864913  0.70471702115207635
  0.71517837172188514  0.72576549347248387  0.73637820137598475  0.74701306801287981
  0.75755185546107506  0.76807686463713598  0.77858779865743077  0.78910724854840597
  0.79970814812044400  0.81028346226845593  0.82083645744854739  0.83140395996451366
  0.84201033247606327  0.85262450033470161  0.86322481785652183  0.87377317435664537
  0.88430146767198814  0.89480423121206421  0.90528407235860808  0.91580901550940674
  0.92627108892721777  0.93679302131420927  0.94726111886394859  0.95779190670873493
  0.96830860323147105  0.97888991609594367  0.98943819644457931  1.00000000000000000
 -0.00249562770734305  0.00953384408070561  0.01969426928995182  0.03012803779358381
  0.04055814670736339  0.05101960560122999  0.06152131561113869  0.07210074475351065
  0.08269029869151585  0.09334722342237853  0.10389775959075319  0.11442795161591060
  0.12495841244908969  0.13551350791379230  0.14609062143570437  0.15663675805859484
  0.16710205191175076  0.17758428554138805  0.18804226406831914  0.19861574797472320
  0.20917313240919058  0.21975455707112621  0.23033031176182803  0.24090961883637099
  0.25151118750351292  0.26203390227076950  0.27256249976893482  0.28310047843357661
  0.29362942954590954  0.30411450339898538  0.31462886183653010  0.32520304025659574
  0.33578875575256967  0.34634947067952859  0.35684643303907054  0.36736116628797816
  0.37786831981938046  0.38838700669860349  0.39893522616904503  0.40946109876965836
  0.42004295062820618  0.43055670604742036  0.44111597724977081  0.45166644624159724
  0.46221792095259157  0.47279500510221906  0.48334316430399871  0.49390425013956679
  0.50442897077187232  0.51491753396290241  0.52543713892144805  0.53597337278605994
  0.54657415623381644  0.55720240588754510  0.56781988279328688  0.57840146366702705
  0.58896728333031667  0.59955469955210527  0.61008894908836875  0.62061170412022315
  0.63104330583140433  0.64144667326056004  0.65184518228678545  0.66230378741810936
  0.67291948143233815  0.68351357332711093  0.69404886771235552  0.70448819562976739
  0.71503285131903160  0.72567229614460638  0.73634004213669635  0.74695530222784190
  0.75746383947424401  0.76795794220507552  0.77844931358666047  0.78898673602773861
  0.79951343657089391  0.81004311081970537  0.82056248537766463  0.83112379596381525
  0.84162633126861197  0.85208005247114216  0.86256200255646620  0.87302913546418615
  0.88356397441902246  0.89412877468848062  0.90471940211431590  0.91536238463084418
  0.92592261131505449  0.93650837210601390  0.94702907719528362  0.95752012970464628
  0.96813916188529514  0.97873173793912138  0.98941226178876651  1.00000000000000000
  0.00549295390714924  0.00944090086585319  0.01553791833344093  0.02252666334027937
  0.03022006044437552  0.03830826800888017  0.04678149071335259  0.05556881125533494
  0.06457230308315236  0.07379333549962201  0.08314800244768318  0.09262713338962439
  0.10220482294907669  0.11186906053338923  0.12160376547142025  0.13140147553981132
  0.14126174844774692  0.15117719204828595  0.16114153267470838  0.17114852372714903
  0.18118546041590353  0.19125155244444697  0.20134426961170668  0.21146689540565672
  0.22161453822314708  0.23177555429690902  0.24194598434554390  0.25212689788553261
  0.26231996525000806  0.27253403379447461  0.28277897972415694  0.29305596091507252
  0.30335727978941524  0.31367522056834979  0.32401262186398039  0.33436500772502481
  0.34473080494082198  0.35510457360164582  0.36548598501831503  0.37587945713592991
  0.38628948032939547  0.39672279059648291  0.40717668095519133  0.41763853502178933
  0.42809841662294318  0.43855617433441541  0.44902345276671873  0.45951422109559531
  0.47001800182341152  0.48052937941385804  0.49103319532779954  0.50154082423763402
  0.51205487730419996  0.52259868988464131  0.53317224215367831  0.54377275366268685
  0.55437662247071240  0.56497844013693188  0.57559229129673994  0.58621660215407090
  0.59684641718863529  0.60747845877399453  0.61813384718515929  0.62882189776570219
  0.63953294061381627  0.65025548868921634  0.66099022226688287  0.67174065563155139
  0.68249470506319521  0.69323268354240930  0.70397144311083015  0.71473965430708308
  0.72555810069929960  0.73639865630493950  0.74725301854016368  0.75812744025089296
  0.76903828599596202  0.77999086258296957  0.79097015765893686  0.80197614741405621
  0.81300863615050678  0.82408216186971739  0.83519528295870893  0.84634537941450150
  0.85754706818433890  0.86881497254643603  0.88016725314504141  0.89162090604626199
  0.90321230976903988  0.91496712268304103  0.92692076345827357  0.93916288393215352
  0.95190319518704603  0.96563600101497793  0.98152979831524523  1.00000000000000000
   6.3146577181027504E-007  -1.0000000000000000     
 F F F F F F F F F F F F T F F F F F F F F F F F F F F F F F F F
  <DiscreteSampler_grid>
  grouped_processes
  1 # 1 for a reference and 2 for a running grid.
  10 # Attribute 'min_bin_probing_points' of the grid.
  1 # Attribute 'grid_mode' of the grid. 1=='default',2=='initialization'
  0.0000000000000000 # Attribute 'small_contrib_threshold' of the grid.
  0.5000000000000000 # Attribute 'damping_power' of the grid.
 # binID   n_entries weight   weight_sqr   abs_weight
    19   10   1.435218684785161E+007   2.581285536902661E+014   1.435218684785161E+007
    22   10   1.435218684785161E+007   2.581285536902661E+014   1.435218684785161E+007
    25   10   1.435218684785161E+007   2.581285536902661E+014   1.435218684785161E+007
    28   10   1.435218684785161E+007   2.581285536902661E+014   1.435218684785161E+007
  </DiscreteSampler_grid>
