 -0.00251137482850497  0.00945574406333924  0.01961726130071624  0.03008117356246536
  0.04062969876270685  0.05117035039064209  0.06170003190350636  0.07225827843209205
  0.08283506769212759  0.09343031208717988  0.10400161039084764  0.11452615212125325
  0.12509353654031580  0.13565487235502605  0.14625149534986076  0.15679893597387071
  0.16733070671458447  0.17783305316003456  0.18836224563284365  0.19891271539706340
  0.20945653028035419  0.21998882458309893  0.23052608434114788  0.24102896545108637
  0.25156185588869212  0.26207463151881022  0.27258130140819381  0.28311266335149055
  0.29365501510379510  0.30426752365514492  0.31485858242818948  0.32547314419404622
  0.33606542808593681  0.34666097596256568  0.35724986562707095  0.36782808805150768
  0.37839536544259894  0.38893150810828719  0.39946387666446331  0.40995250791949639
  0.42043793338825741  0.43095013676291372  0.44147213447096861  0.45195917264963797
  0.46244330404491724  0.47294639455502657  0.48349311281297103  0.49403907920696388
  0.50459180218679389  0.51512665324722495  0.52564709303443147  0.53616647134513873
  0.54668163867209485  0.55722259601724655  0.56777356714652516  0.57834670684838896
  0.58885540788865987  0.59935982968512880  0.60990023976825525  0.62049236891014159
  0.63105564577018269  0.64159553462968655  0.65213480181072336  0.66270786520692482
  0.67322484915366865  0.68377694981221793  0.69431696492974138  0.70488056989443171
  0.71542508166961405  0.72597701264324010  0.73656315958196117  0.74712688796620397
  0.75767107302166525  0.76824121863869743  0.77879436463210261  0.78934615832768507
  0.79986261712451434  0.81040134298347999  0.82095537414656716  0.83153310029912364
  0.84210797460374220  0.85269541475780009  0.86322152276662356  0.87374762505967551
  0.88424161558286163  0.89474643593132941  0.90531620542590552  0.91584633839385188
  0.92643362719903743  0.93697452194445185  0.94753980337875521  0.95806715493170258
  0.96852626177510592  0.97901144333425527  0.98948147033109846  1.00000000000000000
 -0.00245253784102215  0.00956891866328800  0.01974139454035462  0.03027481639133625
  0.04078795987051761  0.05128019508943920  0.06176315886724756  0.07230895842309124
  0.08285636177603341  0.09337374650971270  0.10388378386412746  0.11442761564245857
  0.12498174832566580  0.13553998181705665  0.14607258303900111  0.15660180464250173
  0.16713264336850650  0.17765399317899203  0.18818224333138708  0.19872439145861334
  0.20930237682551583  0.21984078130701298  0.23038295505932641  0.24089258876425124
  0.25144319656348024  0.26197861552135926  0.27253870027505678  0.28309936398521951
  0.29367888027244810  0.30425474771360111  0.31486582214183878  0.32542054771645962
  0.33596347689731293  0.34646464613372935  0.35694611987895170  0.36746506420667457
  0.37801338007689023  0.38859246500208577  0.39914409149649288  0.40970483549844577
  0.42027601352870586  0.43086743043944870  0.44140030514174783  0.45194220095634025
  0.46246944184530370  0.47305378812967036  0.48361337359961598  0.49416592000596349
  0.50467218622754750  0.51516940995096105  0.52569021875997668  0.53625643869290962
  0.54681309239791143  0.55737575923964144  0.56792189576364749  0.57849654438112119
  0.58906266424801002  0.59963179500366548  0.61018230821108188  0.62070926560608519
  0.63119280565076497  0.64164868778041795  0.65212292678773720  0.66260873689794453
  0.67311826662996732  0.68361916664796352  0.69412974044650111  0.70464984241168271
  0.71515424798264848  0.72567778937055294  0.73620471987156955  0.74671438220228881
  0.75722224868685806  0.76774988747277961  0.77831835370376756  0.78889423402351677
  0.79948045203398299  0.81003662262221854  0.82059944517923367  0.83115667537186133
  0.84176008805524705  0.85234377889163071  0.86294438608400925  0.87355222152059353
  0.88412767666964420  0.89469327003460541  0.90523212271589437  0.91582409280410770
  0.92631810475401566  0.93683786295441884  0.94736556520987425  0.95791080597880052
  0.96841111689769777  0.97891451621733083  0.98946537847582849  1.00000000000000000
  0.00525857452120516  0.00937548536688390  0.01542618623014356  0.02239583970277967
  0.03006686148091302  0.03817980017674886  0.04668361292018693  0.05549636679770549
  0.06451375677798638  0.07372498945827970  0.08307283252882866  0.09255447644237241
  0.10213369209541402  0.11179541906268811  0.12151975386819570  0.13130489856765912
  0.14114665886438449  0.15104224660524135  0.16098637335981461  0.17097295052372130
  0.18099919734035907  0.19105470244277836  0.20113194892348024  0.21123315014169669
  0.22136386730595825  0.23152086082834947  0.24169443472767382  0.25187905350231793
  0.26208548526838488  0.27231716610916007  0.28257490293093074  0.29285404420629757
  0.30315046541146351  0.31345684051181866  0.32377757098136384  0.33411616014534185
  0.34447789472174972  0.35485404436569362  0.36524506032109977  0.37564721943155682
  0.38606279124953141  0.39648555581885925  0.40691428928161488  0.41735408915950489
  0.42780953138815958  0.43827616611940373  0.44874430952622218  0.45922053051944456
  0.46970846811338751  0.48020942577946302  0.49071600682539568  0.50124422556587633
  0.51178472997098023  0.52232669455783054  0.53287130512395731  0.54343113972054746
  0.55402029087663773  0.56462071808610315  0.57522059193894659  0.58582173444116126
  0.59643264980572885  0.60706090791140599  0.61770966859608956  0.62838079391897905
  0.63907632614650900  0.64978590167222294  0.66051016924253958  0.67124303339211278
  0.68198474249946062  0.69273587788474822  0.70350102903099754  0.71429036199185159
  0.72510720547697594  0.73595113293166881  0.74681526109262353  0.75769412592648322
  0.76859342459699931  0.77952247502697813  0.79048584270550937  0.80148347251489771
  0.81251498749971762  0.82358126402550036  0.83468617561751912  0.84583519598550660
  0.85704314257065484  0.86832134072846245  0.87968474771320249  0.89114700027519922
  0.90273417854845839  0.91447730768989022  0.92642648411801898  0.93868151147261425
  0.95142013195457842  0.96513394739706904  0.98115538967506666  1.00000000000000000
   1.3124893840666179E-007  -1.0000000000000000     
 F F F F F F F F F F F F T F F F F F F F F F F F F F F F F F F F
  <DiscreteSampler_grid>
  grouped_processes
  1 # 1 for a reference and 2 for a running grid.
  10 # Attribute 'min_bin_probing_points' of the grid.
  1 # Attribute 'grid_mode' of the grid. 1=='default',2=='initialization'
  0.0000000000000000 # Attribute 'small_contrib_threshold' of the grid.
  0.5000000000000000 # Attribute 'damping_power' of the grid.
 # binID   n_entries weight   weight_sqr   abs_weight
    19   10   1.188552315420004E+007   2.092626327991730E+014   1.188552315420004E+007
    22   10   1.188552315420004E+007   2.092626327991730E+014   1.188552315420004E+007
    25   10   1.188552315420004E+007   2.092626327991730E+014   1.188552315420004E+007
    28   10   1.188552315420004E+007   2.092626327991730E+014   1.188552315420004E+007
  </DiscreteSampler_grid>
