 -0.01735861302718569  0.11477764771068198  0.17222320339964176  0.21509321910524676
  0.24947572058871204  0.28366216335538158  0.31563123280146477  0.34423548108851532
  0.36852681557457240  0.39007551586174749  0.41186519014910122  0.43153988881250238
  0.45017525907981953  0.46849902543894228  0.48712171597100146  0.50526050320052918
  0.52300814489165603  0.54063713680290970  0.55808246241291459  0.57374168711987061
  0.58792545162508203  0.60117089240494614  0.61286659190905013  0.62469453929248620
  0.63851636851345117  0.65236490813499481  0.66566787315331544  0.67780389234654270
  0.68901220651218897  0.70034231907761091  0.71228384439643655  0.72373487112520674
  0.73437149657779366  0.74470593441139088  0.75526943429381876  0.76272684730732321
  0.76908393172764500  0.77607060876325962  0.78339711759166442  0.79035000511141817
  0.79782981884742910  0.80526618968780450  0.81230885236242723  0.81907309739663747
  0.82593615700147971  0.83309278521065111  0.83990552680619757  0.84603265242863657
  0.85158799970371968  0.85711979502375046  0.86198451845006296  0.86756110192608404
  0.87284885982797367  0.87788892741789193  0.88318108500272230  0.88836143488653174
  0.89330888899495287  0.89847230734041206  0.90337066891576379  0.90761560796113427
  0.91165004078594036  0.91565994349534885  0.91987655323761730  0.92445985629083094
  0.92901907735573708  0.93319139829755671  0.93695804322321541  0.94064603797780177
  0.94438744457013601  0.94712612952240738  0.94974086935679558  0.95238918551104823
  0.95478651920312763  0.95682499710583224  0.95883907214512532  0.96110637645281505
  0.96366781651239786  0.96649779583230122  0.96939087527123624  0.97220686297910841
  0.97464478711361036  0.97668353285558496  0.97856231684359629  0.98040718075964361
  0.98213711217038879  0.98363350479183154  0.98521468841668502  0.98674568316456057
  0.98809270850381359  0.98895920889846456  0.98987239161980756  0.99093443432614636
  0.99193350033296390  0.99327972818610244  0.99488282462550703  1.00000000000000000
  0.00000000009316082  0.00000000009931693  0.00000000010370148  0.00000000010661394
  0.00000000010930756  0.00000000011135646  0.00000000011362409  0.00000000011598906
  0.00000000011845625  0.00000000012087592  0.00000000012278780  0.00000000012472455
  0.00000000012685002  0.00000000012904594  0.00000000013163046  0.00000000013431936
  0.00000000013696365  0.00000000014031165  0.00000000014418350  0.00000000014784438
  0.00000000015136185  0.00000000015510031  0.00000000015877086  0.00000000016244322
  0.00000000016637373  0.00000000017064481  0.00000000017528049  0.00000000018020344
  0.00000000018528566  0.00000000019039815  0.00000000019602817  0.00000000020228977
  0.00000000020857388  0.00000000021386371  0.00000000021798979  0.00000000022291173
  0.00000000022829669  0.00000000023510418  0.00000000024263810  0.00000000025180267
  0.00000000026049381  0.00000000027051357  0.00000000028176222  0.00000000029305233
  0.00000000030438360  0.00000000031594792  0.00000000032844636  0.00000000034243922
  0.00000000035745949  0.00000000037368215  0.00000000039055017  0.00000000040908598
  0.00000000043011146  0.00000000045491821  0.00000000048046501  0.00000000050615509
  0.00000000052960270  0.00000000055199489  0.00000000057535220  0.00000000060021147
  0.00000000062717136  0.00000000065886832  0.00000000069610339  0.00000000073760420
  0.00000000078687198  0.00000000084159711  0.00000000090096157  0.00000000096573351
  0.00000000103289022  0.00000000109989614  0.00000000116614811  0.00000000123799038
  0.00000000132775735  0.00000000144063918  0.00000000158572584  0.00000000175002319
  0.00000000195720385  0.00000000225057581  0.00000000262495627  0.00000000301046860
  0.00000000343100961  0.00000000406176715  0.00000000538434571  0.00000000766627275
  0.00000001110404600  0.00000001743187283  0.00000003361271656  0.00000008766470981
  0.00000029532965530  0.00000128481426742  0.00000575984239598  0.00003919994710840
  0.00034605079103858  0.01366744510330022  0.60382688582512278  1.00000000000000000
 -0.00201919261652579  0.00882590598803942  0.01928443431436045  0.02846316491910520
  0.03812919917607020  0.04801244813726012  0.05843510644396492  0.06876281710354448
  0.07968567761415149  0.09038116763661755  0.10017213085493133  0.10870980750478471
  0.11692895180516164  0.12506219637942759  0.13595260644241178  0.14806389952504523
  0.16049125174870965  0.17281024146160454  0.18401898077704204  0.19431464113552369
  0.20437663622620048  0.21471588891442961  0.22495160477240050  0.23475210638667346
  0.24388626768299199  0.25367614662493898  0.26462137455256546  0.27562415011736513
  0.28647041331805895  0.29720559550524778  0.30795544888182158  0.31827908317060949
  0.32833346752968023  0.33939351469555368  0.35099565430125573  0.36227014128927348
  0.37254981362773659  0.38229284413611703  0.39231907482268374  0.40361249665884436
  0.41516869988524580  0.42599743806817869  0.43638036563421456  0.44637673158597402
  0.45653403366879336  0.46714157719897254  0.47840947075994017  0.48962855494820590
  0.49885912261554044  0.50808093085849371  0.51671075626679697  0.52521158363275189
  0.53529864082874845  0.54651427013129661  0.55817934958055548  0.56969142787245286
  0.58104578311440913  0.59218903050346383  0.60288630109265628  0.61414026583575176
  0.62541060911439461  0.63654443057873555  0.64709749744689626  0.65735168623592033
  0.66753469169354507  0.67751011979301889  0.68812164052080582  0.69907374697494196
  0.70981127500734553  0.72025526819662977  0.73095186517675048  0.74220431553582700
  0.75348962973127076  0.76410451731284446  0.77422762742966189  0.78429336765338387
  0.79502979918369554  0.80591208285643867  0.81698892242891741  0.82820199940512473
  0.83919153953829306  0.84977001120393580  0.86025647170611341  0.87047916230074773
  0.88040089121452603  0.89043542159158384  0.90098603311155601  0.91240079297430499
  0.92400979445511222  0.93506731872580040  0.94568731744551504  0.95625271945646373
  0.96780172266254871  0.97932623079074010  0.99009234969040094  1.00000000000000000
 -0.00238103936849993  0.00943924292850886  0.02106435978851857  0.03154878844241137
  0.04165040941310494  0.05151825749361869  0.06142059500722415  0.07160054517613676
  0.08121320874791617  0.09097612420972261  0.10134187507994320  0.11121255408931648
  0.12107038133305144  0.13081994608757591  0.14140659316242740  0.15204512547181306
  0.16260834251398498  0.17336068559890161  0.18418253302311346  0.19552995518239613
  0.20723444947410846  0.21918509171139869  0.23157842716148458  0.24406240490587949
  0.25645741836096370  0.26817109708655629  0.27932397354507654  0.29006920879274362
  0.30105978339818329  0.31159061942745786  0.32275911312160194  0.33356834030510546
  0.34473939828708072  0.35558116209086760  0.36727761067013787  0.37804919352011324
  0.38819464703631518  0.39828649443139125  0.40862315313763775  0.41982093034719103
  0.43012800668033752  0.43963155344072835  0.44876994428295103  0.45848638476698783
  0.46895343771302295  0.47984820714360465  0.49076469886259216  0.50136814896525816
  0.51243434666342591  0.52360708664368227  0.53369076548612948  0.54350708942823045
  0.55395933007267817  0.56446473294888166  0.57479023586421518  0.58550493412066595
  0.59688516856349838  0.60819146697316984  0.61885810040636735  0.62886992897596361
  0.63874133253988896  0.64935761910071532  0.66047019858079781  0.67138189901674028
  0.68205922738577796  0.69271029471865309  0.70306944938851668  0.71414069987567519
  0.72436288614222410  0.73456395785731909  0.74480449387347103  0.75623812630213660
  0.76761843467147162  0.77854185056368663  0.78942087118045312  0.80046400638655968
  0.81114618424688534  0.82174705779858559  0.83187770050715548  0.84123416354172564
  0.85106671098995779  0.86118031855179500  0.87010476575867413  0.87859222962368932
  0.88808703546240730  0.89785151319945145  0.90802081039170868  0.91875104660186679
  0.92999867911239009  0.94035166008037374  0.94986937448557085  0.95868471528378840
  0.96814513018464055  0.97657403487622541  0.98782914804106037  1.00000000000000000
 -0.00204444545945276  0.00785193070034020  0.01751076017529029  0.02785701860065514
  0.03876082910223439  0.04995679956871524  0.06118963686967380  0.07191283354201511
  0.08257729111438325  0.09290050782854772  0.10341475412686121  0.11346866989833415
  0.12263529099916011  0.13342615968889390  0.14345980356533591  0.15358037676447603
  0.16376441051842097  0.17441161591024193  0.18545375423817326  0.19576271518265967
  0.20492465307141500  0.21450993676090085  0.22554937965052033  0.23784287864539333
  0.24960709709383988  0.25943420805947626  0.26818116190924790  0.27662109983836047
  0.28477996560858876  0.29430255143500295  0.30552663412632719  0.31652492589927994
  0.32688274768423853  0.33737570876370515  0.34802810608550466  0.35876091617838285
  0.36968027830863887  0.38072908660905064  0.39215193535892395  0.40376966253012336
  0.41556081141670298  0.42664056837859893  0.43709521606016843  0.44621794964809769
  0.45501868585023636  0.46422527156664267  0.47405173653485971  0.48411873759051366
  0.49412109205319071  0.50351395848872660  0.51340063955319970  0.52391713439440957
  0.53486148509437326  0.54607509892205275  0.55714639307792768  0.56800094688909963
  0.57900453993668755  0.59019241426735058  0.60158943022235767  0.61257686780065668
  0.62291399704531025  0.63379221106274664  0.64574111810585155  0.65736507836187819
  0.66927215487461855  0.68144365470951129  0.69412427632058249  0.70718840187857401
  0.71541381906167978  0.72380076718174802  0.73228281642425852  0.74138299440837385
  0.75174809934574494  0.76333256927917004  0.77508044052762071  0.78644533770060998
  0.79692510835223707  0.80647215994855381  0.81615983482747967  0.82646624164927895
  0.83746885886441358  0.84855041109994822  0.85858611379867811  0.86764366983687768
  0.87708209114922009  0.88745026483408218  0.89838150341471168  0.90960383110353649
  0.92123633202021371  0.93318149274867146  0.94486713569226555  0.95621889861974985
  0.96708701736099389  0.97831521257338361  0.98858007504275003  1.00000000000000000
  0.18707862009947548  0.19867172065714375  0.21356838711328396  0.23706503687464639
  0.27220422880889661  0.31652357150987853  0.36709400316241442  0.41647440804707847
  0.45990797242975473  0.49812627992886183  0.53260296863803558  0.56262065322930710
  0.58664968297739917  0.60538436838281373  0.62006867649168207  0.63194633452017368
  0.64134825777063986  0.64838811836245192  0.65404012601587647  0.65877459700010010
  0.66335784919014051  0.66700044839609407  0.67012968073612356  0.67258566212486970
  0.67491561189790383  0.67695310517020568  0.67863628286336086  0.67998094798388020
  0.68142805588482613  0.68261985372981115  0.68377230262095368  0.68493855296023975
  0.68600195489197213  0.68696951167145892  0.68788579006141892  0.68874684975706157
  0.68957391520451849  0.69034792224224140  0.69104888524214492  0.69166335452683281
  0.69225383468723001  0.69279474176169853  0.69330197769240509  0.69380740514439565
  0.69432302419990666  0.69482894060077416  0.69533100605485498  0.69582195012239290
  0.69631481093786840  0.69682176158157194  0.69733938275033558  0.69786560410746856
  0.69839481510665435  0.69892557192037363  0.69945364812436051  0.69996357435397527
  0.70046509420917435  0.70099311938996089  0.70153726972182406  0.70211669510459751
  0.70267741880788082  0.70325719165907152  0.70387408921912231  0.70452821133189814
  0.70520685025950536  0.70585138718984375  0.70644423680646407  0.70704538407638573
  0.70768810024704065  0.70838816131888704  0.70918876738108116  0.71006599516200952
  0.71101076518632966  0.71206038290110552  0.71320989215940855  0.71440110119948774
  0.71559605746389798  0.71684315969639412  0.71824635205411669  0.71985453247582132
  0.72167986884537549  0.72376612209307867  0.72612663816820278  0.72876751207891632
  0.73178982032840856  0.73539032102341895  0.73961588988298721  0.74426279323991851
  0.74938954470140251  0.75536137786743995  0.76276802958422851  0.77325610944547474
  0.78740472034303921  0.80550489701058514  0.83995747177402758  1.00000000000000000
   2.3592628747080839E-009  -1.0000000000000000     
 F F F F F F F F F F F F F F F F F F F F F F F F F F F F F F F F F F F F F F F F F F F F F F F F F F F F F F F F F F F F F F F F
  <DiscreteSampler_grid>
  grouped_processes
  1 # 1 for a reference and 2 for a running grid.
  10 # Attribute 'min_bin_probing_points' of the grid.
  1 # Attribute 'grid_mode' of the grid. 1=='default',2=='initialization'
  0.0000000000000000 # Attribute 'small_contrib_threshold' of the grid.
  0.5000000000000000 # Attribute 'damping_power' of the grid.
 # binID   n_entries weight   weight_sqr   abs_weight
    19   10   1.421584182866408E+005   9.086505902298920E+010   1.421584182866408E+005
    22   10   1.421584182866408E+005   9.086505902298920E+010   1.421584182866408E+005
    25   10   1.421584182866408E+005   9.086505902298920E+010   1.421584182866408E+005
    28   10   1.421584182866408E+005   9.086505902298920E+010   1.421584182866408E+005
  </DiscreteSampler_grid>
