 -0.01168874891047599  0.09179778670098815  0.14490652843874943  0.18421159585024086
  0.21979345848035112  0.25274942170570341  0.28346895445686443  0.31364871274555123
  0.34129169383781305  0.36546671962514449  0.39065874460759781  0.41394341148537744
  0.43515982315950980  0.45595433262997770  0.47600703909428460  0.49476093122724196
  0.51245410258465141  0.52944699807320905  0.54595639720054701  0.56243768449145282
  0.57784029789634994  0.59260025483211487  0.60674500464278047  0.62052795676346617
  0.63383299830984030  0.64670968078877555  0.65910966446628749  0.67112898885683825
  0.68288526070919442  0.69450570241684917  0.70623395597631022  0.71834553778080257
  0.73058773951169087  0.74192691364039287  0.75286944026764946  0.76269713875642686
  0.77134393207084484  0.77929758686346573  0.78731306186691774  0.79596122561993154
  0.80492358662603980  0.81309100905480836  0.81963885662177560  0.82501276934306178
  0.83076421484904794  0.83717907697446292  0.84303302213251430  0.84814859725400094
  0.85342039272747539  0.85936025950265060  0.86501563960098349  0.87061506592239035
  0.87640252131769192  0.88275372455046086  0.88843283740170920  0.89332337446750942
  0.89709837641599388  0.90059858207542931  0.90430763846529449  0.90853651496280530
  0.91257149988636144  0.91620338705383331  0.91985324028880844  0.92374510143117428
  0.92789878944617277  0.93180178476952036  0.93520375193026239  0.93852338761096865
  0.94186273032157108  0.94499062642748710  0.94804540363317003  0.95116626796592973
  0.95427879378836100  0.95725457153106475  0.95986341672366349  0.96239172096019032
  0.96481200000078404  0.96700850976610730  0.96897204041959084  0.97079597572853660
  0.97254265027153819  0.97396793793452252  0.97555010705986489  0.97725167205440333
  0.97860304405168252  0.98001837582790707  0.98146788794673046  0.98280900751069022
  0.98413769259114170  0.98541426906242702  0.98675223247285226  0.98824522367002221
  0.99005621319781367  0.99252750070210594  0.99516554990080852  1.00000000000000000
  0.00000000007364725  0.00000000008021939  0.00000000008493710  0.00000000008843952
  0.00000000009179957  0.00000000009453816  0.00000000009726944  0.00000000009997920
  0.00000000010251773  0.00000000010535866  0.00000000010839726  0.00000000011145166
  0.00000000011462674  0.00000000011782614  0.00000000012109188  0.00000000012504025
  0.00000000012895570  0.00000000013294151  0.00000000013739521  0.00000000014091808
  0.00000000014406151  0.00000000014742056  0.00000000015092537  0.00000000015456652
  0.00000000015830164  0.00000000016321464  0.00000000016906918  0.00000000017516241
  0.00000000018127929  0.00000000018759542  0.00000000019372073  0.00000000020074037
  0.00000000020835120  0.00000000021572210  0.00000000022269941  0.00000000023004105
  0.00000000023759452  0.00000000024622318  0.00000000025686817  0.00000000026777257
  0.00000000027782856  0.00000000028821652  0.00000000029892498  0.00000000031163938
  0.00000000032592340  0.00000000034006185  0.00000000035395948  0.00000000036731892
  0.00000000038050700  0.00000000039434017  0.00000000040949755  0.00000000042676158
  0.00000000044608973  0.00000000046797233  0.00000000049333850  0.00000000051869342
  0.00000000054631852  0.00000000057486139  0.00000000060249758  0.00000000063206468
  0.00000000066485631  0.00000000070626274  0.00000000075343290  0.00000000080917283
  0.00000000086988577  0.00000000093479212  0.00000000101070977  0.00000000109651233
  0.00000000118596192  0.00000000128293496  0.00000000138600966  0.00000000149767362
  0.00000000163717389  0.00000000182228230  0.00000000205962613  0.00000000235484491
  0.00000000265632150  0.00000000299735603  0.00000000338691565  0.00000000387851735
  0.00000000459437483  0.00000000549916629  0.00000000674087249  0.00000000850234208
  0.00000001118628393  0.00000001514778246  0.00000002262707825  0.00000003564479670
  0.00000006807538146  0.00000020878282343  0.00000077807159136  0.00000411709858112
  0.00002669952304142  0.00018964347679197  0.01244260954267508  1.00000000000000000
 -0.00265004378814445  0.01012271770211980  0.01657871707027556  0.02502599554662073
  0.03305707909743665  0.04195814376755733  0.05145039780742289  0.06220166751444656
  0.07392977758193572  0.08498148002744976  0.09532641548342796  0.10542343699590806
  0.11587218452103316  0.12692427141397783  0.13796688626655967  0.14693990447964361
  0.15699300868066560  0.16822144157993710  0.17935106062676845  0.19119954235417275
  0.20253416710075528  0.21398688232389629  0.22482740857268238  0.23565896832084748
  0.24637795613106997  0.25670306737189530  0.26706134692952976  0.27706146944252946
  0.28755286254841472  0.29803752823706786  0.30874506650009775  0.31842063481830346
  0.32676508000270921  0.33489956939445414  0.34364704899182963  0.35390298403993314
  0.36534970629500313  0.37728043469733691  0.38902399445653424  0.40093616615870425
  0.41274009379220777  0.42450160582156399  0.43600783480224570  0.44721103799953915
  0.45778372061039285  0.46827378540470666  0.47841229225821058  0.48897735903901013
  0.50014157180978169  0.51192763406970954  0.52336403423143618  0.53409443786103483
  0.54477619070986849  0.55547504400093139  0.56545094977241062  0.57552733363648800
  0.58595047158060676  0.59670085988456978  0.60747481983900276  0.61819594692317281
  0.62881677193609509  0.63931817927959189  0.64920638036680278  0.65836468059965880
  0.66809166629047123  0.67897410221067311  0.69091868611797125  0.70227926743948721
  0.71274722097514198  0.72378568104232555  0.73488591147119087  0.74671963552566833
  0.75839186280666682  0.76891535661364829  0.77750332125122501  0.78519157416327334
  0.79408843144453689  0.80399280737240741  0.81375592774466954  0.82350581326147931
  0.83377123938206044  0.84451135740933181  0.85638308075962233  0.86834422500852304
  0.87970216786282684  0.89031134316262794  0.90085161312284034  0.91150776702642167
  0.92217627502416577  0.93305036147984688  0.94431553709761951  0.95624362878231783
  0.96840474984309988  0.97978906070357930  0.99057565633506206  1.00000000000000000
 -0.00246655437083067  0.00948246065433295  0.02052615199013679  0.03127122215453744
  0.04230269164030657  0.05372378369528245  0.06512765039214402  0.07662804311409591
  0.08800561144703917  0.09920733111380012  0.11048064756466104  0.12175529871459254
  0.13338313525194448  0.14493320657515196  0.15652677552933134  0.16745774429358407
  0.17824992038598164  0.18904179384266184  0.20002348293512937  0.21116701433119883
  0.22178931554045142  0.23283428931418998  0.24359030299893941  0.25445554410534171
  0.26462489083571283  0.27472509678844981  0.28580190931427096  0.29626367375616802
  0.30737077856359640  0.31855138281474643  0.33015673082734709  0.34079141860510709
  0.35124011016354767  0.36176557009298105  0.37182318043363233  0.38040158579488786
  0.38852668086620984  0.39668227428425623  0.40546756441300991  0.41437170880556734
  0.42381280529065962  0.43370074847226336  0.44391723334596495  0.45462095901498645
  0.46549692028696321  0.47565739908337629  0.48500085959381517  0.49433252890409324
  0.50465687379493651  0.51491137205415616  0.52477815581485354  0.53377725865745707
  0.54319717246967236  0.55373135552587927  0.56442221169443518  0.57463863841653851
  0.58509976892982218  0.59639681094210006  0.60742246245230191  0.61693065188898755
  0.62621046906709033  0.63586630791636400  0.64667969329460828  0.65789609108002800
  0.66868502768728799  0.67932568955350003  0.69027985632799549  0.70148011735111837
  0.71271334654204888  0.72370525158519083  0.73394743803129481  0.74357009436794474
  0.75334273553264164  0.76378309465850625  0.77521053972103438  0.78626042595320700
  0.79761617751522984  0.80894157302610425  0.81996344166678070  0.83098672462759404
  0.84152067674641329  0.85175490232280338  0.86200460895239372  0.87161215568410499
  0.88199378119112448  0.89320069356761822  0.90455559887000669  0.91533420136150812
  0.92566480146782282  0.93600332293277044  0.94681429395374594  0.95727591204534623
  0.96734285429174016  0.97754086564941656  0.98844131160800408  1.00000000000000000
 -0.00235283445144471  0.00861662035056561  0.01993721590842657  0.03074899096980221
  0.04129414439882207  0.05164916231330342  0.06221791023379669  0.07303390691351119
  0.08369073560196894  0.09401053344033934  0.10454547441189148  0.11533815229506583
  0.12604974244465089  0.13665970668884608  0.14772700250129581  0.15941949834976638
  0.17089006175619781  0.18194334997533818  0.19282028897934536  0.20324660173883771
  0.21267715041448138  0.22190472648321441  0.23149591889665463  0.24177570844891025
  0.25263317758047821  0.26389887011611096  0.27505686905996191  0.28597808112770345
  0.29689153234982668  0.30792941265920759  0.31862136623114928  0.32906988546023636
  0.33860242829697434  0.34881123373942385  0.35906266953747956  0.36948163534065370
  0.38019892185782722  0.39129117268649605  0.40289438852876924  0.41404549916819111
  0.42356291484311975  0.43345921770015039  0.44336602022879978  0.45364298143165543
  0.46520940012035372  0.47687808434466972  0.48820827056611421  0.49859299407213098
  0.50739281704135308  0.51631520770449324  0.52577102468680526  0.53549454007521502
  0.54455571462239283  0.55514945045398922  0.56631616809000407  0.57835645759290244
  0.58948725749351483  0.60006843701916013  0.61106965164989413  0.62298412665840841
  0.63507458748878809  0.64591840430765757  0.65540516730552589  0.66405650116083637
  0.67357030313246880  0.68448140477035846  0.69603056987074019  0.70721127531535777
  0.71773150495306981  0.72820936756879440  0.73880104504685329  0.75000588184347361
  0.76194754788558894  0.77364220054798638  0.78414194799655357  0.79379829138634384
  0.80307845047027793  0.81292223916966178  0.82432382961415740  0.83563917900223394
  0.84726476245125537  0.85806373364481714  0.86752281262725461  0.87633562443433843
  0.88575680328753192  0.89595919373092714  0.90527804818993651  0.91406295561229312
  0.92281397860183290  0.93228838149762971  0.94445895237922495  0.95656666571653137
  0.96742183534815041  0.97815173972020930  0.98896413522390603  1.00000000000000000
  0.18599919630859110  0.20145584128213331  0.21850952471818774  0.24287918810745343
  0.27656320063228085  0.31860563301297040  0.36140898191394433  0.39993026023981049
  0.43307060508734951  0.46336117131630306  0.49486923751007239  0.52524362207868625
  0.55462329823260548  0.57895530999247569  0.59983962484183373  0.61627122283934177
  0.62844486323741444  0.63756852530868036  0.64536442550503992  0.65200218047565051
  0.65761340146755420  0.66237327974460558  0.66652219448571004  0.66995171261840325
  0.67273873340264068  0.67511221770963359  0.67721564365403342  0.67905208637174796
  0.68061818979980870  0.68201196407858999  0.68338854368086777  0.68470472501148449
  0.68588389785993176  0.68692921076328439  0.68787666018082150  0.68872308726816112
  0.68954023872709858  0.69033247590749769  0.69108124070389487  0.69178186666843688
  0.69244445914985575  0.69306843188547651  0.69366118479309546  0.69423204441244390
  0.69480038774760267  0.69536911298272597  0.69593223231614598  0.69648693731942624
  0.69700966222143979  0.69751041671861780  0.69800433557815000  0.69848304034796327
  0.69898836559207811  0.69948923947119512  0.70000155405003095  0.70056115987873557
  0.70109170923176556  0.70163101978907549  0.70216368685408792  0.70274374175319909
  0.70330883470503036  0.70394049242724965  0.70464129246808749  0.70538858768223334
  0.70616562849410058  0.70693822399482131  0.70768099927634731  0.70846089260417699
  0.70925077404350700  0.71010062824488807  0.71101776326498645  0.71195157064102332
  0.71293589877357288  0.71396026057782758  0.71501014761623383  0.71616576013300803
  0.71746013942602771  0.71896996121483059  0.72062250524914107  0.72228653075744764
  0.72390167200632749  0.72579428879758912  0.72801004019162086  0.73059957021075206
  0.73379591821250434  0.73741222682184426  0.74135617239282836  0.74586684822074112
  0.75142976907451764  0.75833677817969336  0.76660281343109271  0.77670629216278086
  0.78857587449164290  0.80594393778767903  0.84182727990067696  1.00000000000000000
   2.4195713963010863E-009  -1.0000000000000000     
 F F F F F F F F F F F F F F F F F F F F F F F F F F F F F F F F F F F F F F F F F F F F F F F F F F F F F F F F F F F F F F F F
  <DiscreteSampler_grid>
  grouped_processes
  1 # 1 for a reference and 2 for a running grid.
  10 # Attribute 'min_bin_probing_points' of the grid.
  1 # Attribute 'grid_mode' of the grid. 1=='default',2=='initialization'
  0.0000000000000000 # Attribute 'small_contrib_threshold' of the grid.
  0.5000000000000000 # Attribute 'damping_power' of the grid.
 # binID   n_entries weight   weight_sqr   abs_weight
    19   10   3.181777977540828E+006   7.158494750910755E+013   3.181777977540828E+006
    22   10   3.181777977540828E+006   7.158494750910755E+013   3.181777977540828E+006
    25   10   3.181777977540828E+006   7.158494750910755E+013   3.181777977540828E+006
    28   10   3.181777977540828E+006   7.158494750910755E+013   3.181777977540828E+006
  </DiscreteSampler_grid>
