 -0.01028052990262779  0.08622031861812526  0.13904915045692254  0.18003845758333187
  0.21591855576978830  0.25014585344672019  0.28278067502679366  0.30986251652225300
  0.33583308399163642  0.36202689108308361  0.38721997521848289  0.40872212698146565
  0.42892112756999329  0.44976509507661994  0.47161629345452333  0.49246854372837345
  0.51122303357788457  0.52897168432528108  0.54662807801291358  0.56410793580742336
  0.58173083638186063  0.59899710554235319  0.61621010993184466  0.62859393571787825
  0.63949612724183225  0.65094749028860355  0.66480749920377069  0.67868176711632033
  0.69060348941551242  0.70307402038398215  0.71619952875817250  0.72761323638935893
  0.73698809092419371  0.74533967710545945  0.75401179665402729  0.76204520232323458
  0.77152887071185872  0.78283130538537515  0.79234002067855802  0.79990267664762249
  0.80760289745948910  0.81374887842722743  0.81900662413120495  0.82530880397254403
  0.83173609491374012  0.83751680879451718  0.84258381347755551  0.84790745806136847
  0.85318109159306577  0.85838125430967249  0.86341616026929779  0.86879459699384531
  0.87573846165149405  0.88262923454019993  0.88938563722015751  0.89586809212729257
  0.90179464515877650  0.90718588706733749  0.91160581936651985  0.91491746248535144
  0.91803982444793442  0.92114067112716080  0.92485906009942787  0.92849887516445884
  0.93190721537691501  0.93536080202476324  0.93834728334753159  0.94054325297603025
  0.94256055889985779  0.94435167984711021  0.94672802174928472  0.94881286969551082
  0.95087914160443088  0.95318344994701265  0.95545450929356601  0.95783265789312644
  0.96043099730152470  0.96294399602564751  0.96528088014675184  0.96744515559937472
  0.96943290005264393  0.97119314768336884  0.97235606913541539  0.97351689144029174
  0.97468293798833394  0.97591956276855041  0.97752292982233524  0.97937231411176917
  0.98117525766614011  0.98291822449198196  0.98469791493495062  0.98668943854710411
  0.98916757619780527  0.99229864388891975  0.99530150814958984  1.00000000000000000
  0.00000000001630604  0.00000000001802393  0.00000000001944623  0.00000000002090169
  0.00000000002251576  0.00000000002427564  0.00000000002613668  0.00000000002790469
  0.00000000002958770  0.00000000003140717  0.00000000003328175  0.00000000003449766
  0.00000000003583661  0.00000000003745827  0.00000000003943939  0.00000000004140613
  0.00000000004336772  0.00000000004531864  0.00000000004718601  0.00000000004915132
  0.00000000005165432  0.00000000005477698  0.00000000005773696  0.00000000006069791
  0.00000000006374052  0.00000000006690710  0.00000000006994308  0.00000000007302861
  0.00000000007604710  0.00000000007901059  0.00000000008211681  0.00000000008553713
  0.00000000008932659  0.00000000009342012  0.00000000009716016  0.00000000010048613
  0.00000000010402676  0.00000000010768664  0.00000000011170319  0.00000000011722785
  0.00000000012287462  0.00000000012819419  0.00000000013353672  0.00000000013905811
  0.00000000014463775  0.00000000015016987  0.00000000015582423  0.00000000016033644
  0.00000000016368705  0.00000000016906763  0.00000000017395103  0.00000000017806523
  0.00000000018440830  0.00000000019082518  0.00000000019733572  0.00000000020420719
  0.00000000021347805  0.00000000022489147  0.00000000023743834  0.00000000025017119
  0.00000000026340731  0.00000000027715164  0.00000000029207683  0.00000000031034090
  0.00000000032998379  0.00000000035374041  0.00000000037995852  0.00000000041225064
  0.00000000044956230  0.00000000050474555  0.00000000056272366  0.00000000062369232
  0.00000000068785878  0.00000000075649404  0.00000000083079029  0.00000000094827765
  0.00000000109124884  0.00000000127433270  0.00000000146311346  0.00000000168099560
  0.00000000199165702  0.00000000232210719  0.00000000273066785  0.00000000340047395
  0.00000000452923824  0.00000000647061135  0.00000001029497128  0.00000001627424953
  0.00000003331943662  0.00000011623552543  0.00000075417240799  0.00000624899163282
  0.00007876893285774  0.01026086717972303  0.61729412662402272  1.00000000000000000
 -0.00258659078313114  0.01036531959613383  0.01987434595867202  0.02984852747062288
  0.03965114463396945  0.05047211704406994  0.06098913230974845  0.07168868212630905
  0.08301456703497714  0.09502557113346972  0.10639448181522809  0.11566373459067522
  0.12405279432841328  0.13293143200793373  0.14154204258352038  0.15071732020223119
  0.16127608128794663  0.17177203226704507  0.18170665915961709  0.19115815068245701
  0.20123353527827062  0.21122054951116279  0.22263773981888260  0.23466325886433667
  0.24638792033957671  0.25751718475273944  0.26818263203634812  0.27828486068186581
  0.28823297166559453  0.29804024042947530  0.30813604768669967  0.31917253124086781
  0.33082161075081912  0.34214326294344971  0.35259920088280045  0.36253452529710295
  0.37276386393657368  0.38338751492938244  0.39422348968840165  0.40506776390130594
  0.41526389185808482  0.42576328540389480  0.43630834640048738  0.44711478144429129
  0.45725515625132834  0.46719868743924337  0.47729371536462811  0.48787762008789964
  0.49850087628252832  0.50884709240668935  0.51914513207632806  0.52911963034397169
  0.53951514018748359  0.55054839179721349  0.56159407281318274  0.57246906548652321
  0.58383990197251834  0.59585290701891458  0.60897437495661533  0.62047222053781470
  0.63261449802357461  0.64413756017060009  0.65671022264988321  0.66839813334236975
  0.68014322315880682  0.69180645092931736  0.70327644672603662  0.71459866362024704
  0.72552133908686944  0.73572184275042929  0.74557916138955183  0.75486554420485952
  0.76376396885135611  0.77237938837728859  0.78123052494450695  0.79141837451283703
  0.80217403660955555  0.81200285158396968  0.82172201464950512  0.83228789299829176
  0.84277528008967073  0.85425908199958556  0.86731969316547064  0.87894429929311368
  0.88831041822225232  0.89778149978781774  0.90732866317381289  0.91842691392812170
  0.93022281799917494  0.94145594940980948  0.95172825379379744  0.96105419203433728
  0.96996549268330468  0.97760544553522910  0.98693027254021559  1.00000000000000000
 -0.00280580772157226  0.01047316498381407  0.02133511437521581  0.03260184857464687
  0.04387696139073412  0.05606276469790340  0.06782893542273034  0.07723805182082834
  0.08597490506867865  0.09498920540029346  0.10534667423856443  0.11691584579048955
  0.12850621823265035  0.14013527175201712  0.15237516286543984  0.16241587349921560
  0.16882212588722192  0.17594098034472563  0.18437926498579213  0.19438857301183055
  0.20653791423164022  0.21954087707667549  0.23188262801378903  0.24319817420962822
  0.25366680243900946  0.26372368485813674  0.27335481630666092  0.28303141420433214
  0.29254356046367708  0.30215214030044013  0.31279556493320160  0.32297131035071258
  0.33276769526347233  0.34254658843586278  0.35278737372269187  0.36429196293751476
  0.37571612217053452  0.38687281934772372  0.39815355388679874  0.41021931915606108
  0.42298229366417195  0.43509831349418338  0.44551141756019841  0.45513356886874445
  0.46511402698946119  0.47609036856112935  0.48735379014260766  0.49853476933051838
  0.50936065383473850  0.51972548424688336  0.53010208869311903  0.54025507851861132
  0.55115994902905230  0.56160793719324109  0.57230861759927609  0.58268240663339488
  0.59254006917810820  0.60270628899518697  0.61351253517187532  0.62386349512876593
  0.63335535499738582  0.64229120431352216  0.65102798065033007  0.65966961043042649
  0.66851830352317165  0.67765697781621981  0.68688586006806973  0.69705326273965185
  0.70847254859686304  0.71977710692153374  0.72933236175686744  0.73862845139716371
  0.74767315075096152  0.75817218295120525  0.76782354409056530  0.77746849647921312
  0.78741963768249223  0.79815621786708824  0.80939081565175097  0.82092396096765674
  0.83239987983612573  0.84378154863080490  0.85495470802720230  0.86599882512787085
  0.87651413395845668  0.88645084110799099  0.89671728104213932  0.90796558656462245
  0.92099041972021700  0.93350656560741174  0.94573759525137102  0.95745437855511062
  0.96863007970949988  0.97959151029446134  0.98945069030976140  1.00000000000000000
 -0.00254453337610174  0.00911409559059504  0.02038803590371806  0.03197133185962830
  0.04353153192141342  0.05359631771268668  0.06282926927177442  0.07252241100261694
  0.08245434999093820  0.09334526070868328  0.10487939888917117  0.11608896307620108
  0.12668886754365324  0.13753133364827802  0.14870460012108030  0.16032613995719580
  0.17090185546913494  0.18137451028438942  0.19193149171922028  0.20345392617540223
  0.21601552615590774  0.22800339026087940  0.23942654325822038  0.25024015550274098
  0.26049535417885178  0.27071317838201892  0.28137533016755972  0.29224704204066060
  0.30342288532649636  0.31396753370978836  0.32421667837154444  0.33514750086875261
  0.34644527228904126  0.35700297916921681  0.36701865600736727  0.37606138660497790
  0.38542750280399979  0.39584603212312314  0.40654378478149589  0.41726494379358803
  0.42856525714313004  0.44026684039179415  0.45097057392807499  0.46064743617840193
  0.46999188034688366  0.48021929202807667  0.49156791721530219  0.50357201456833423
  0.51560014022397083  0.52707303522323001  0.53795055617552856  0.54832446567758197
  0.55859933477086676  0.56953900068655450  0.58122528218070579  0.59337099929448289
  0.60550586088520530  0.61734971963173579  0.62892020316020913  0.63991546200169336
  0.65042844790197973  0.65965818347598071  0.66750808663829708  0.67502085344781426
  0.68199217832923931  0.68969028140821065  0.70000252604406832  0.71180821427164420
  0.72403821315988282  0.73560201465498343  0.74659735274131811  0.75705542091446709
  0.76667413744236579  0.77570840058454116  0.78527699896640191  0.79439495739474042
  0.80453818158079016  0.81680265629146032  0.82946298611373848  0.83987411757962716
  0.84898279499482410  0.85813407726964086  0.86723418352823278  0.87760825610869397
  0.88895078275239281  0.90038883023730321  0.91008487848793118  0.91909563154827634
  0.92848025343951757  0.93763011938628638  0.94685203500824822  0.95521349221042262
  0.96435900775447136  0.97481014078594241  0.98637832272152093  1.00000000000000000
  0.18709971487266999  0.19790729169405200  0.20939143051994835  0.22712674446322717
  0.25072902743606973  0.27948015028617212  0.31699436585745344  0.35774932259363185
  0.40401013887222270  0.45429023298058924  0.49967933712751378  0.53692860553166588
  0.56580744820722595  0.58825183654545943  0.60541980317714650  0.61879788307557471
  0.62853622514468221  0.63819107088484250  0.64550838900280638  0.65191483073759937
  0.65759161340532057  0.66238995345619045  0.66655173482854280  0.67000528397533887
  0.67277180431632333  0.67501870229982475  0.67698419900803952  0.67867290248582590
  0.68022905430851144  0.68176480311866317  0.68314352969226755  0.68436840452305803
  0.68550037799451247  0.68656956919511691  0.68756159806006456  0.68846282768746725
  0.68931219628522777  0.69008606919183246  0.69080967010198857  0.69150218798604524
  0.69217198427510118  0.69277947646952420  0.69332953005403353  0.69386608536023775
  0.69438505865982114  0.69487192140023779  0.69537173160076060  0.69588037824974613
  0.69637800060410993  0.69684827082105183  0.69732220381861920  0.69781904990559218
  0.69834348396038692  0.69887820299773273  0.69942386652927779  0.69997628335015893
  0.70052693850812786  0.70099437476042792  0.70146973771903764  0.70196312945517958
  0.70251708984432681  0.70315388600489392  0.70384168030787941  0.70449033241502712
  0.70504243859382543  0.70561097750937773  0.70621819509357830  0.70687463726986488
  0.70765213281240869  0.70860418672090519  0.70949966790186592  0.71036166470699891
  0.71117029594452452  0.71206377001373800  0.71306267298141535  0.71414975641633749
  0.71532074414743740  0.71654935362401351  0.71807947607809997  0.72004356180051199
  0.72233408953016542  0.72495509523773627  0.72737829827510814  0.72982961277935765
  0.73250539873928744  0.73599152174727156  0.73954914514638637  0.74322683261804734
  0.74751930282462176  0.75348713638378484  0.76126450669434376  0.77070833032841102
  0.78289606537147283  0.79882405131547396  0.83259185859876139  1.00000000000000000
   2.7131404183006648E-009  -1.0000000000000000     
 F F F F F F F F F F F F F F F F F F F F F F F F F F F F F F F F F F F F F F F F F F F F F F F F F F F F F F F F F F F F F F F F
  <DiscreteSampler_grid>
  grouped_processes
  1 # 1 for a reference and 2 for a running grid.
  10 # Attribute 'min_bin_probing_points' of the grid.
  1 # Attribute 'grid_mode' of the grid. 1=='default',2=='initialization'
  0.0000000000000000 # Attribute 'small_contrib_threshold' of the grid.
  0.5000000000000000 # Attribute 'damping_power' of the grid.
 # binID   n_entries weight   weight_sqr   abs_weight
    19   10   4.972164650578063E+005   2.067807385113693E+012   4.972164650578063E+005
    22   10   4.972164650578063E+005   2.067807385113693E+012   4.972164650578063E+005
    25   10   4.972164650578063E+005   2.067807385113693E+012   4.972164650578063E+005
    28   10   4.972164650578063E+005   2.067807385113693E+012   4.972164650578063E+005
  </DiscreteSampler_grid>
