 -0.01345071909835466  0.10135282838431128  0.15758600366392592  0.20143790098505787
  0.23372389105717484  0.26444154953804727  0.29240484457289184  0.31371187758100583
  0.33542111895114096  0.35962905254201494  0.38182728728352833  0.40337689446565095
  0.42398055429635922  0.44397003619751940  0.46054710076110916  0.47599639024539925
  0.49251324028865284  0.50904543199708774  0.52483289467977112  0.53976877036324822
  0.55363959049371325  0.56748248899098586  0.58147226323771106  0.59419450224871329
  0.60667700043065087  0.61938703781031501  0.63309146564765961  0.64491823809677562
  0.65537715404616093  0.66529459176177119  0.67603371257657252  0.68782297006097459
  0.69891036821347985  0.70940957716896713  0.71903271253723855  0.72788393168001020
  0.73665870616081786  0.74532247504243931  0.75452315600819986  0.76410066246349140
  0.77315575117467017  0.78156496147668852  0.78966274697530137  0.79718634826050117
  0.80386530476939766  0.81005220265255340  0.81655629186773426  0.82380225509223826
  0.83223366716138703  0.83986375553890391  0.84741701593723628  0.85450620205856842
  0.86125539389375882  0.86742379350869048  0.87336199431644490  0.87862999814857345
  0.88349635528051429  0.88851904520318636  0.89366401187654243  0.89782069157975330
  0.90219180469882909  0.90662192244244422  0.91093416990901965  0.91492584658904552
  0.91880109947019040  0.92297918730853346  0.92742925217277006  0.93144387684895291
  0.93532049851361565  0.93898192264234959  0.94279645421656677  0.94668811801617969
  0.95030237945478835  0.95338507973465525  0.95577194931715970  0.95758551546692106
  0.95929112338450162  0.96095182366436949  0.96260638476860183  0.96441186194543926
  0.96657452461239357  0.96891174789810841  0.97098651921336254  0.97317862963191493
  0.97515994498537351  0.97747873379497263  0.97981371222423386  0.98174000056268351
  0.98332879631967507  0.98477483325555626  0.98615143644728931  0.98772234620569044
  0.98935828342392607  0.99145247902357236  0.99552321332933980  1.00000000000000000
  0.00000000001375304  0.00000000001587721  0.00000000001751319  0.00000000001918256
  0.00000000002085555  0.00000000002282172  0.00000000002483108  0.00000000002665004
  0.00000000002850669  0.00000000003041445  0.00000000003195923  0.00000000003338550
  0.00000000003468140  0.00000000003581381  0.00000000003687954  0.00000000003774650
  0.00000000003871839  0.00000000003974876  0.00000000004077475  0.00000000004187320
  0.00000000004336734  0.00000000004449265  0.00000000004566643  0.00000000004696236
  0.00000000004855771  0.00000000005031987  0.00000000005254316  0.00000000005504422
  0.00000000005752024  0.00000000006021884  0.00000000006327718  0.00000000006609736
  0.00000000006925633  0.00000000007221676  0.00000000007501155  0.00000000007781792
  0.00000000008066706  0.00000000008354515  0.00000000008657187  0.00000000008994679
  0.00000000009439213  0.00000000009869971  0.00000000010325815  0.00000000010791333
  0.00000000011269605  0.00000000011758661  0.00000000012287503  0.00000000012860616
  0.00000000013464653  0.00000000014041122  0.00000000014482563  0.00000000014966665
  0.00000000015482254  0.00000000015948961  0.00000000016413540  0.00000000017049029
  0.00000000017811136  0.00000000018605112  0.00000000019465110  0.00000000020382482
  0.00000000021373875  0.00000000022309401  0.00000000023698431  0.00000000025376947
  0.00000000027218880  0.00000000029017585  0.00000000031041110  0.00000000032982791
  0.00000000035081715  0.00000000036989607  0.00000000040267013  0.00000000044722844
  0.00000000049623126  0.00000000055233856  0.00000000062679597  0.00000000072300743
  0.00000000083809909  0.00000000098465613  0.00000000117828249  0.00000000141609247
  0.00000000175111577  0.00000000221863469  0.00000000277359830  0.00000000350093907
  0.00000000456755371  0.00000000705026323  0.00000001106239506  0.00000001875479852
  0.00000004145588860  0.00000020098465308  0.00000123071649153  0.00000957193006017
  0.00010948857387838  0.00965070419456537  0.70445180428666232  1.00000000000000000
 -0.00285493634926570  0.00980659471722238  0.02047162639964236  0.03133512015037161
  0.04279963407754722  0.05471509484443754  0.06707755228510184  0.07801185325791721
  0.08830291725660010  0.09852255645752096  0.10920089115638930  0.12041280854602071
  0.13144185646707451  0.14207701089475425  0.15308488872806211  0.16403545993167060
  0.17500055152566027  0.18517116429148398  0.19461406053967581  0.20468325767225973
  0.21601694379626304  0.22804943206881009  0.23830261944538264  0.24689631670625095
  0.25530584752234836  0.26305295539758522  0.27333360706706006  0.28361953683448271
  0.29424000446010529  0.30504919368005351  0.31750850833654187  0.32997689505532285
  0.34158898866822135  0.35233155365096319  0.36176480740086359  0.37163712897212053
  0.38178074354445984  0.39229670907251024  0.40329882083527507  0.41485641868003681
  0.42649989901508478  0.43807418031057332  0.44981068142714487  0.46135489500352250
  0.47242415340883021  0.48275444612401713  0.49235181928500410  0.50186053854935753
  0.51203018830916469  0.52316906435320742  0.53441661629436377  0.54373824527531844
  0.55103659256792525  0.55831288186422656  0.56652265067058782  0.57428087153793639
  0.58427488511291503  0.59553815803537835  0.60689346158928525  0.61886725574529089
  0.63067728862955375  0.64195740135122525  0.65182202409273593  0.66095706489229189
  0.67081762710135762  0.68118483421879505  0.69227789853104305  0.70377032487882651
  0.71534234750626879  0.72759074329711537  0.73986888076829882  0.75108046139694384
  0.76162890379606185  0.77147384222058901  0.78168451370727399  0.79261580442323798
  0.80334342774802936  0.81417060043098921  0.82529421212287180  0.83654955463759761
  0.84772687511055722  0.85825500295956647  0.86875575785695369  0.87938217559487608
  0.89095431664329583  0.90148970202458223  0.91130129361100043  0.92126098219035102
  0.93043163282842034  0.93958802840781575  0.94911432917511329  0.95929474437585938
  0.97016566461283682  0.98060944616330648  0.99025061708089845  1.00000000000000000
 -0.00200764575116688  0.00824138266305116  0.01830414598336646  0.02879025062103336
  0.03944095594468322  0.04997359950088319  0.06055495050943824  0.07044210113986922
  0.07980888564670230  0.08932163757282620  0.09958790438283555  0.11028949804739403
  0.12190868531400903  0.13393699291147151  0.14512565195925931  0.15591479534435188
  0.16662220321895826  0.17827086138094805  0.18987502794325956  0.20111145022176066
  0.21141604138352077  0.22088491742434690  0.23066135554726813  0.24133541779082485
  0.25301602306070969  0.26370623076029964  0.27371865396317618  0.28347047520569180
  0.29357579778499754  0.30489164824832826  0.31567883322537099  0.32489467573242592
  0.33403297542906407  0.34369997708244782  0.35379328914771146  0.36446957170616390
  0.37476486938954123  0.38459902400998563  0.39450918659907958  0.40503647892014888
  0.41646457492127387  0.42867012693718720  0.44082034653656033  0.45201585505488923
  0.46241778237773512  0.47259997924530828  0.48271481935697597  0.49294165178883187
  0.50318288536944833  0.51366789842348570  0.52502081321455496  0.53589966145632395
  0.54554953034832843  0.55431563908422954  0.56244591323587834  0.57049144897911286
  0.58010450527515300  0.59020431530273498  0.60181245740047284  0.61501258165100425
  0.62635033302289533  0.63574942697344528  0.64479711120973704  0.65466505423034949
  0.66558559980718146  0.67735362405341548  0.68914308056266083  0.70018257763665825
  0.71061805574142778  0.72069595498940109  0.73114317499452053  0.74242444014382003
  0.75401214867328725  0.76566320020037804  0.77739257570435838  0.78905776882657996
  0.80058742051170073  0.81122658497672051  0.82140052463967395  0.83177042464120754
  0.84290478217155995  0.85288019292504558  0.86306139491460798  0.87382749735239584
  0.88579815365027181  0.89671476040003617  0.90635287406441178  0.91594987197010169
  0.92601594594503867  0.93708360093260512  0.94890783933160172  0.96044251954239879
  0.97016330058715528  0.97961867023486293  0.98987190346349163  1.00000000000000000
 -0.00106448197436845  0.00605231109378233  0.01412220757871278  0.02290183227283841
  0.03387765799946095  0.04494471642801737  0.05490385762684354  0.06423468418607470
  0.07344787138750436  0.08294539636500288  0.09388898313859523  0.10488010780515236
  0.11506004829932477  0.12468872686462679  0.13396431172472814  0.14336002012838581
  0.15300728104562134  0.16299199657439220  0.17343641862399595  0.18404664441806931
  0.19535477318447214  0.20667284083122414  0.21824351469709335  0.22994752323106207
  0.24169947881520631  0.25283192758882111  0.26354103092853148  0.27379243065152692
  0.28372439922136172  0.29373988093720832  0.30467251850227639  0.31632914320133954
  0.32789999470499931  0.33863786167446769  0.34866145887837480  0.35835328763393726
  0.36789221573551922  0.37698049456654836  0.38672207320783025  0.39678632886411441
  0.40638751049267002  0.41538724178095532  0.42363352926948833  0.43240167781416339
  0.44348498072563014  0.45606781584214900  0.46814536718025718  0.47926321243744857
  0.49010637555944736  0.50154579515279796  0.51412189640232930  0.52664732457127461
  0.53832420521424329  0.54878038395105089  0.55910525030745006  0.57014754699346681
  0.58193756778704941  0.59334360890902083  0.60434029202554429  0.61441750580926258
  0.62261116584482712  0.63012245154017532  0.63841851973698271  0.64815394625476763
  0.65773513979570364  0.66615514770579309  0.67469790786972594  0.68425123271372079
  0.69502392416520853  0.70650846004982859  0.71824970904628105  0.72994474807413834
  0.74200881994772505  0.75445440750431725  0.76580368684320077  0.77568041831748347
  0.78597195069622883  0.79609257672805789  0.80700110633205469  0.81811751886190787
  0.82878973864258809  0.83826818651478052  0.84741562593443653  0.85726960303935451
  0.86877932960987625  0.88096723729835891  0.89290021977573586  0.90450199874052206
  0.91622702237768006  0.92837915027846263  0.94046822921544027  0.95212779141223125
  0.96409081677207964  0.97660598643451590  0.98858948821764081  1.00000000000000000
  0.18831962834901675  0.21006952041693816  0.22968085617565806  0.24763040849086029
  0.27564954542237163  0.31338542788941548  0.35888589259652293  0.40569525253432420
  0.45028239334525944  0.48822452412989625  0.51906503717380181  0.54784610306269510
  0.57403015918498401  0.59562827253381745  0.61219556749861548  0.62559315059772880
  0.63654518554914108  0.64527786571632240  0.65204188146267916  0.65693522613071242
  0.66128552335811330  0.66498294769075927  0.66839205083546271  0.67128036191381224
  0.67364980026808230  0.67569617705699159  0.67753826443086917  0.67933034102442946
  0.68104104574856861  0.68248012143707515  0.68362624118091042  0.68466874120261967
  0.68562635656029414  0.68644872436081694  0.68729451432910638  0.68811945999288582
  0.68873951118843668  0.68941911495213204  0.69012576167203055  0.69078190492180047
  0.69140689627291141  0.69204214838758926  0.69271224183370528  0.69333953570136275
  0.69392247147890407  0.69446875357280557  0.69498253812083355  0.69549656830596485
  0.69601887515621530  0.69652769634866585  0.69704428254684148  0.69755238852707235
  0.69801717049723122  0.69845599359317256  0.69889767030757766  0.69937472285211755
  0.69989137673436141  0.70041413252210438  0.70092526883409867  0.70141143175706211
  0.70190649037158126  0.70242993926426411  0.70300279388478770  0.70362679151830720
  0.70425816955561649  0.70487723915255063  0.70551704750921329  0.70621838909292367
  0.70694111248545821  0.70773048689776108  0.70857309289528814  0.70938248938284143
  0.71022916095310673  0.71118325604266996  0.71228185892545570  0.71359234876970556
  0.71499890711970837  0.71648473140705937  0.71801290839856746  0.71956827106325505
  0.72127024753860802  0.72326516946235686  0.72546675319541454  0.72785246456999175
  0.73053155770876044  0.73379494916469956  0.73783857045335488  0.74249102926120258
  0.74809313790731158  0.75426300787133915  0.76122172292789692  0.76962737375637269
  0.78155680516271797  0.79986136400573538  0.83712575930995625  1.00000000000000000
   2.6242152555238331E-009  -1.0000000000000000     
 F F F F F F F F F F F F F F F F F F F F F F F F F F F F F F F F F F F F F F F F F F F F F F F F F F F F F F F F F F F F F F F F
  <DiscreteSampler_grid>
  grouped_processes
  1 # 1 for a reference and 2 for a running grid.
  10 # Attribute 'min_bin_probing_points' of the grid.
  1 # Attribute 'grid_mode' of the grid. 1=='default',2=='initialization'
  0.0000000000000000 # Attribute 'small_contrib_threshold' of the grid.
  0.5000000000000000 # Attribute 'damping_power' of the grid.
 # binID   n_entries weight   weight_sqr   abs_weight
    19   10   8.256025199241665E+006   6.381130375030586E+014   8.256025199241665E+006
    22   10   8.256025199241665E+006   6.381130375030586E+014   8.256025199241665E+006
    25   10   8.256025199241665E+006   6.381130375030586E+014   8.256025199241665E+006
    28   10   8.256025199241665E+006   6.381130375030586E+014   8.256025199241665E+006
  </DiscreteSampler_grid>
