 -0.00882595851692254  0.03805936346220103  0.05592610918161885  0.07357324055447499
  0.09075468771967263  0.11196773840800825  0.13308613741535713  0.14829237904825626
  0.16199169763485943  0.17575039707715992  0.18933474090221777  0.20298529299795615
  0.21753370441205291  0.23191716172062529  0.24464309796630090  0.25682127577309410
  0.26922251817654047  0.28149293558171418  0.29456739294983120  0.30848409880806388
  0.32162621371635997  0.33384609822482325  0.34570698173860620  0.35720128313759553
  0.36823869697368006  0.37934016367276568  0.39062924046989417  0.40178491100903879
  0.41294531323084083  0.42430729997015898  0.43579637094830759  0.44686026477381890
  0.45771930842314035  0.46858451466523721  0.47954042892466076  0.49038491584441168
  0.50131653809804677  0.51210677901628843  0.52298443571235620  0.53420103361588200
  0.54561476833671052  0.55712722327382780  0.56842475638662637  0.57960388580737188
  0.59058526024216829  0.60140158655824960  0.61269015956526585  0.62407772648890769
  0.63503783471580133  0.64573188780842727  0.65609812955531499  0.66629711819213489
  0.67654695029571255  0.68681755573056158  0.69711298156258372  0.70740827787594796
  0.71760467572584885  0.72766472331745946  0.73754255501404453  0.74734176623763793
  0.75708234003427866  0.76679200933854186  0.77656609897574280  0.78635737262414918
  0.79612121163185012  0.80586845014669151  0.81562225007677724  0.82540024266505196
  0.83513079603536722  0.84477557190926655  0.85425505223525444  0.86341421895491111
  0.87238443790978348  0.88111200824228741  0.88951726669819309  0.89789208356527750
  0.90626417708528306  0.91446142830579802  0.92234628096284876  0.92993286597108227
  0.93720316671996506  0.94411805122959946  0.95076695869041750  0.95701780728640573
  0.96246974695165655  0.96731676600832717  0.97210272681298582  0.97661848809217688
  0.98062772243886021  0.98416089180846744  0.98725445144610990  0.98995989427249842
  0.99229275213374235  0.99416269245678801  0.99534745259352275  1.00000000000000000
  0.00088166994961768  0.00091481782979162  0.00093458492643482  0.00095584406582110
  0.00098125714828075  0.00100628437438932  0.00103111308439931  0.00105484497099038
  0.00107890961986329  0.00110335483835693  0.00112804622407274  0.00115335845909416
  0.00117987212421934  0.00120748491334948  0.00123514629219577  0.00126296545608279
  0.00129154371390738  0.00132171357665885  0.00135338216050724  0.00138590514050401
  0.00141896761028781  0.00145291393454044  0.00148871470274460  0.00152568332863011
  0.00156327645281669  0.00160215827492509  0.00164287170199105  0.00168532061760600
  0.00172899225412066  0.00177348157554144  0.00181946348726986  0.00186844271587846
  0.00191813870847583  0.00196728527002331  0.00201904268290430  0.00207425643610753
  0.00213234866488992  0.00219259696844939  0.00225496293928942  0.00231908370151628
  0.00238371048865063  0.00244894508055448  0.00251866205790519  0.00259392270878301
  0.00267135466111261  0.00274997602153833  0.00283345063144762  0.00292120721135054
  0.00301296521785506  0.00311349709671482  0.00322312716305742  0.00333648702715231
  0.00345551661996638  0.00358417304771093  0.00371966410153831  0.00386117852432771
  0.00401150187442152  0.00416822804988551  0.00433292762877255  0.00451162425820064
  0.00469324095580726  0.00488381067242844  0.00508294363398091  0.00529612845462711
  0.00552619685628070  0.00576520593239988  0.00602114886438959  0.00630074401498881
  0.00659675222311232  0.00691578103545008  0.00725092122751163  0.00760842754053131
  0.00798925245760695  0.00839709197767676  0.00883630779994561  0.00930258157849780
  0.00979290938307097  0.01031674352030852  0.01088968639334163  0.01154767088167366
  0.01225569233263767  0.01304522742708797  0.01392423609952244  0.01489588530486780
  0.01600096146646448  0.01729099432865853  0.01887721987266051  0.02085449890058569
  0.02313904805664265  0.02573760103014512  0.02853710526260178  0.03678084770865319
  0.06567976500569615  0.14714594048252508  0.64044169191509814  1.00000000000000000
  0.00047953781678243  0.00254019795227677  0.00440034501026857  0.00596814761822216
  0.00692576418580371  0.00918664737619055  0.01348352902800695  0.01641934511576434
  0.02044646327115923  0.03020387744989383  0.04251134301527986  0.05402307674218983
  0.06542993755616866  0.07682490339751749  0.08798543772447878  0.09878389160232279
  0.10972421361037976  0.12073506593020757  0.13265728418189096  0.14507406067414702
  0.15712431400741006  0.16881484248629314  0.18029732997723022  0.19149670355349199
  0.20251737302903020  0.21353826197113679  0.22471329012255220  0.23591823988829699
  0.24710166025029276  0.25825312277150736  0.26940082727899894  0.28042113923794293
  0.29148970648347339  0.30279024517235797  0.31410948158892960  0.32530608413191170
  0.33650082262291470  0.34772169404361708  0.35907622214931278  0.37063258893015061
  0.38241823992250579  0.39407047576699333  0.40453395294550443  0.41452258455351909
  0.42446885333676521  0.43418435571451958  0.44394556268825464  0.45368028984830044
  0.46391916947565054  0.47488324269872378  0.48577786101077786  0.49685603683749285
  0.50766363298733397  0.51837609584789657  0.52931559404692574  0.54029837029540029
  0.55129823478818030  0.56246326222249199  0.57409193638100620  0.58547471719788458
  0.59632247440144803  0.60706533838370680  0.61793761801072611  0.62877520187320723
  0.63936552927797763  0.65028605547383800  0.66250518035693939  0.67421196357854363
  0.68574934326210046  0.69748289049440082  0.70922767275605558  0.72071454425361825
  0.73235268147633281  0.74417540485175970  0.75572202765462504  0.76707847059264467
  0.77876126972229587  0.79078070279335855  0.80274517600808670  0.81487992976837720
  0.82755546290685522  0.84037784942526228  0.85299919462092999  0.86537291584481058
  0.87731770984771262  0.88876715570281817  0.89987642942976265  0.91079551948471560
  0.92167995166614169  0.93271921600249896  0.94397922388641065  0.95539353102909930
  0.96668591209204047  0.97785862909649635  0.98896658587028097  1.00000000000000000
 -0.00252548495482051  0.00987006207837366  0.01994988281584235  0.03055802362197297
  0.04109228697057049  0.05205189089099959  0.06300347517294505  0.07427973133345060
  0.08529846834381893  0.09570552134467554  0.10589398699560257  0.11628807853376685
  0.12662772213220244  0.13611132016734595  0.14565084805411505  0.15543312034386644
  0.16578786762837647  0.17629113405938129  0.18673068078827615  0.19744476659315499
  0.20845995348397806  0.21989614015021788  0.23132446374236168  0.24214712179162526
  0.25298505062471566  0.26374346834858958  0.27431579097810610  0.28464635676728706
  0.29490224726474057  0.30494272277952489  0.31510596683936132  0.32535281701097518
  0.33570826136109960  0.34647809847809563  0.35719484416774983  0.36797727048686518
  0.37880290178866149  0.38935421748186982  0.39974380143168065  0.40975800889665676
  0.41962746227444436  0.42913673922774970  0.43863841180001462  0.44841595392543920
  0.45818551608186026  0.46816218091157535  0.47835718301542440  0.48903753534614597
  0.49995087761518131  0.51034061654083163  0.52080644423207711  0.53121720885980162
  0.54161682361074814  0.55206349279658251  0.56254645279681037  0.57298735511533072
  0.58345996887645935  0.59419060309704030  0.60511509266590757  0.61583519634696793
  0.62660085704444246  0.63793344996915946  0.64866861779333362  0.65759516776498217
  0.66711254794668873  0.67691832276152109  0.68685008913368140  0.69667189187237688
  0.70660923967656752  0.71789776005576822  0.72981900952721113  0.74126272526804027
  0.75225084116394725  0.76290028289132727  0.77332657607878030  0.78361385289168406
  0.79379228533508039  0.80391040315390150  0.81420806680624269  0.82490191126799117
  0.83557690961922892  0.84603656086646006  0.85653475826534831  0.86700292754059471
  0.87726942262232599  0.88733899403965777  0.89779411161382738  0.90885306478364569
  0.92012653533334721  0.93129245958034768  0.94220429445796938  0.95285954814751705
  0.96346618106349480  0.97399287333227502  0.98474608106366213  1.00000000000000000
 -0.00250219180369541  0.01005457663232191  0.02008325400619716  0.03069680583005758
  0.04145323131348527  0.05182632726426641  0.06229308394008883  0.07244177388498628
  0.08261794079151503  0.09281532485211294  0.10298503113395072  0.11324511585667091
  0.12369607166876771  0.13462676488790276  0.14593532478214349  0.15744167961446773
  0.17222960344242591  0.18513217075009725  0.19639843019189882  0.20704552750899186
  0.21777372359133765  0.22841782981857472  0.23868636567452631  0.24907157995159504
  0.26007875823862991  0.27068177996996873  0.28017233616119702  0.28928084624139078
  0.29847078952871520  0.30815010410910409  0.31796052782789641  0.32757128445805356
  0.33723692842752789  0.34727329925753025  0.35687528884520975  0.36575864580117229
  0.37565601508726365  0.38570988743197587  0.39580816141662550  0.40573996950894281
  0.41563404683858424  0.42605012102517958  0.43671449013370534  0.44732480516153222
  0.45807746696937263  0.46907263366877056  0.48015384941301786  0.49112535102075466
  0.50190801243758310  0.51232864197444405  0.52307629519549992  0.53448565013833982
  0.54572408398077232  0.55579780988114968  0.56625997872236211  0.57736613368819045
  0.58826585352889360  0.59850948322722419  0.60872414660045226  0.61893627028486564
  0.62933125857528405  0.63982754308905154  0.65013093739425043  0.66009657326834048
  0.67010891646835224  0.68025240996200387  0.69045391018759383  0.70085475483128823
  0.71152589541788436  0.72266327851520973  0.73385257176671514  0.74495585682489129
  0.75578634970712577  0.76635855434577116  0.77686538021205254  0.78708229967428611
  0.79716892108569926  0.80718209587109724  0.81805500444056500  0.82865548221515151
  0.83930049183425381  0.84980883050857503  0.86019325379775002  0.87021550896175903
  0.88063384004076173  0.89163860376846182  0.90215318343742057  0.91217851556299756
  0.92242095875185925  0.93314846076030988  0.94350037652015872  0.95355969281064568
  0.96385792281578231  0.97384702122181854  0.98394233022926558  1.00000000000000000
  0.99972361436970603  0.99972720718144648  0.99973009884162489  0.99973298777689601
  0.99973584244347824  0.99973870364098028  0.99974158240596345  0.99974444901218928
  0.99974727388704843  0.99975006555739376  0.99975283815391625  0.99975552305096738
  0.99975811366687750  0.99976069757582775  0.99976334038680481  0.99976608270698197
  0.99976881641370441  0.99977155892380754  0.99977429861427880  0.99977702927470036
  0.99977974041036188  0.99978243178066772  0.99978510962069989  0.99978778617756225
  0.99979047226832918  0.99979316407187779  0.99979584097005858  0.99979851019870869
  0.99980117445103589  0.99980383677202611  0.99980648556066254  0.99980911121384164
  0.99981171997184515  0.99981436004657076  0.99981712698461855  0.99981987073305667
  0.99982259426249598  0.99982530661618418  0.99982801528652754  0.99983074499225377
  0.99983346551448082  0.99983618000358809  0.99983887251662384  0.99984156044199224
  0.99984425010080391  0.99984690490790007  0.99984950386655969  0.99985205509425445
  0.99985461908168793  0.99985723071210497  0.99985989521423180  0.99986256254451356
  0.99986522466607086  0.99986790675105097  0.99987060275608020  0.99987329205457598
  0.99987597261047967  0.99987865525994357  0.99988133696425807  0.99988400906147223
  0.99988666791330072  0.99988932402295516  0.99989199916903959  0.99989468821082839
  0.99989738056502309  0.99990006764083705  0.99990277853363396  0.99990550846618342
  0.99990825959701091  0.99991101547002381  0.99991377101508938  0.99991653727815455
  0.99991931236758536  0.99992210563498685  0.99992492030405056  0.99992775664919586
  0.99993061398723160  0.99993349428203826  0.99993640561736885  0.99993934116604211
  0.99994228081661418  0.99994521634339795  0.99994816015179877  0.99995114987768785
  0.99995421223635350  0.99995735275310604  0.99996056095942210  0.99996382468130340
  0.99996716940389507  0.99997063186106794  0.99997423682001041  0.99997801389903818
  0.99998203383225637  0.99998658051495903  0.99999213271047915  1.00000000000000000
   4.3916567175124125E-005  -1.0000000000000000     
 F F F F F F F F F F F F F F F F F F F F F F F F F F F F F F F F F F F F F F F F F F F F F F F F F F F F F F F F F F F F F F F F
  <DiscreteSampler_grid>
  grouped_processes
  1 # 1 for a reference and 2 for a running grid.
  10 # Attribute 'min_bin_probing_points' of the grid.
  1 # Attribute 'grid_mode' of the grid. 1=='default',2=='initialization'
  0.0000000000000000 # Attribute 'small_contrib_threshold' of the grid.
  0.5000000000000000 # Attribute 'damping_power' of the grid.
 # binID   n_entries weight   weight_sqr   abs_weight
    19   10   1.084238765356033E+007   4.372214048177218E+014   1.084238765356033E+007
    22   10   1.084238765356033E+007   4.372214048177218E+014   1.084238765356033E+007
    25   10   1.084238765356033E+007   4.372214048177218E+014   1.084238765356033E+007
    28   10   1.084238765356033E+007   4.372214048177218E+014   1.084238765356033E+007
  </DiscreteSampler_grid>
