 -0.00002160313485667  0.04076210637807386  0.07030383838866819  0.09443273542974066
  0.11325256086807872  0.13089456336813071  0.15102885082636650  0.16965456392345404
  0.18725357869629949  0.20108539195280656  0.21342755486368259  0.22504248202345850
  0.23629430663442030  0.24717610455911229  0.26029253823930287  0.27135382337568992
  0.28321210963966981  0.29648359326222101  0.30847139910476223  0.32034710511234432
  0.33440874821519739  0.35094208352092116  0.36856310174883694  0.38342438542815072
  0.39684156148235189  0.41160784437384668  0.42716327346722777  0.44247775650817256
  0.45554325868897066  0.46755729093112980  0.47780906420267122  0.48879155122747914
  0.49656751905870183  0.50721626006330589  0.51551010531421337  0.52030884039591219
  0.52807020270836658  0.53628114914336045  0.54489691954211084  0.55364274379867850
  0.56207405205549599  0.57865071992051609  0.59789347910137569  0.61489587344553898
  0.63091227431468067  0.64418173028186021  0.65703870716032386  0.67210036836751430
  0.68587945431984310  0.69622609690121362  0.70097688215533926  0.70502690483252606
  0.70927253438523863  0.71276324622672493  0.71605434194284789  0.71916018532500325
  0.72254252916541595  0.72605046613800495  0.72897945824184596  0.73290828144818521
  0.74293823057131336  0.75554202368516932  0.76545976510925207  0.77433875570792043
  0.78442439761221416  0.79400541352159304  0.80296703869337704  0.81243050183060395
  0.82125648796367690  0.83023074653416840  0.83906692928281879  0.85005296304393041
  0.86213232591467392  0.87403582060989948  0.88569094016496608  0.89724277190925361
  0.90843018405221310  0.91776149334095958  0.92598423031770627  0.93334032949700807
  0.94017667091011969  0.94624610818884836  0.94817067026275459  0.95033872266990149
  0.95260490883233762  0.95564483044065729  0.95858190688253320  0.96148506062980144
  0.96446999085096363  0.96754237778895924  0.97020796755183591  0.97279955395483386
  0.97550366109306708  0.97862847884792392  0.99224237755689970  1.00000000000000000
  0.00000000153005692  0.00000000177594744  0.00000000194761461  0.00000000211928179
  0.00000000231603726  0.00000000251547383  0.00000000271520950  0.00000000291590247
  0.00000000311659543  0.00000000340644590  0.00000000375969821  0.00000000412787514
  0.00000000454595148  0.00000000499267627  0.00000000546064608  0.00000000627717977
  0.00000000709371345  0.00000000790541402  0.00000000871037023  0.00000000951532644
  0.00000001036372492  0.00000001122742677  0.00000001208298896  0.00000001291328798
  0.00000001374358700  0.00000001471205750  0.00000001575576217  0.00000001704829503
  0.00000002100032786  0.00000002522402847  0.00000002973695808  0.00000003431871805
  0.00000003868639275  0.00000004301796079  0.00000004754136166  0.00000005216432644
  0.00000005641954066  0.00000006066196387  0.00000006479327206  0.00000006879581666
  0.00000007437826637  0.00000008350598383  0.00000009533048412  0.00000010859927001
  0.00000012931872598  0.00000015518034693  0.00000018370446407  0.00000021740283533
  0.00000024996954354  0.00000028130411078  0.00000033279796511  0.00000044302733576
  0.00000056554097757  0.00000067862320994  0.00000086026595998  0.00000106817999208
  0.00000131411951729  0.00000164501820019  0.00000207646565094  0.00000254843006781
  0.00000323836170622  0.00000416489155547  0.00000536189159352  0.00000685612622896
  0.00000858741836672  0.00001068228281743  0.00001337663796526  0.00001673803679053
  0.00002092236648552  0.00002602327750099  0.00003211281244482  0.00003954991097842
  0.00004968640254933  0.00006155618666778  0.00007535069515135  0.00009433101373733
  0.00011804217618729  0.00014930044748524  0.00018442019672571  0.00022670723707696
  0.00028428012173725  0.00036273032812858  0.00046511977497111  0.00060379258935679
  0.00078802707227802  0.00103008627544605  0.00136613453821255  0.00185807742911354
  0.00264060234073198  0.00375734130744103  0.00574938102118116  0.00908184803596910
  0.01511937085636210  0.02852144691155013  0.07102522767768112  1.00000000000000000
 -0.00090165692488593  0.00310300510533842  0.00916303807209375  0.01520682845775757
  0.02087716061802251  0.02654795477811589  0.03223862526725849  0.03908382387734796
  0.05352132138910672  0.06993679459788822  0.08652563633038332  0.10160173006067499
  0.11464431804633089  0.12689647342788873  0.13899930665314245  0.15054292499233735
  0.16601003278014778  0.18417099023730626  0.19957879475085821  0.21028980395303748
  0.22092815349468115  0.23466347343018054  0.24770572591548462  0.26306360277236551
  0.28014512701846667  0.29392047223499479  0.30390039114011258  0.31230224424233410
  0.32130432487666710  0.33272199205461533  0.34680143047265427  0.36269277765380337
  0.37805098463122827  0.39113780793572345  0.40189233180955686  0.41113844300159080
  0.42204459365363711  0.43054104840831664  0.43811950111996206  0.44594344487704268
  0.45360424831215440  0.46144067423921625  0.46756520379171213  0.47545784678220737
  0.48643805141743102  0.49723409331069235  0.50842031830434553  0.52027448451088187
  0.53202820997494082  0.54300053644663693  0.55447731309119908  0.56607490738382682
  0.57481560408460586  0.58348269795440599  0.59209878685294381  0.59964190853572841
  0.60708239558607469  0.61836662308246471  0.62841492172469060  0.63891747878275118
  0.65119254414637384  0.66439108228335786  0.67619504015564236  0.68897715046599284
  0.70245675760563142  0.71582135133279212  0.72929218788668326  0.74278660163481491
  0.75665111485258929  0.77159303758290443  0.78494715841151563  0.79828537643797515
  0.81178615179687941  0.82489975300077589  0.83532673405261537  0.84490081043721044
  0.85360637810716866  0.86201794351741945  0.87050106636137670  0.87900839914443640
  0.89014030093733376  0.90059815930544385  0.90514761703370494  0.90965320176256415
  0.91433194808308704  0.92022845089295746  0.92580113923084151  0.93056730412898392
  0.93369393208518914  0.93651965465520859  0.94396301331050358  0.95321333115542461
  0.96297014806332815  0.97369644868933003  0.98495457429691835  1.00000000000000000
 -0.00358007803261259  0.01378363259775380  0.02683498865685544  0.03915545971323411
  0.05219930690038109  0.06796658975259995  0.08295954220645976  0.09682942816439950
  0.11070232593336278  0.12352988749167532  0.13509076734628328  0.14519991170765967
  0.15338836185917665  0.15954999913554577  0.16578376536982312  0.17181808171760271
  0.17867033929710643  0.18652086312524591  0.19557446088581198  0.20699110747085780
  0.22165337320726106  0.23741383881660894  0.25219803851536660  0.26581234896604883
  0.28027112170604290  0.29684914497914322  0.31477611273425610  0.33024238895947261
  0.34290856002539760  0.35332331341481210  0.36513918060834616  0.37796979538883146
  0.39144172121353410  0.40573833778602897  0.41880473373011901  0.42666134976618225
  0.43256785246197049  0.43857069209814731  0.44464982447694734  0.45126647266577796
  0.45753324126333261  0.47186910561650475  0.48707592970377195  0.50067339573655456
  0.50927417954732679  0.51719539821914040  0.52681521715270041  0.53808188558304271
  0.54926615738746998  0.56159246643815652  0.57520695316435866  0.58280736453458315
  0.58819073389201504  0.59363598288611352  0.59813003688348088  0.60294958218253836
  0.60757056428574008  0.61221961749602039  0.62043535333474109  0.63305993311939479
  0.64644301782625235  0.65914096467274841  0.67071459079144125  0.68401356884960807
  0.69726686682323114  0.70922685379878680  0.72088729549715158  0.73295481351494396
  0.74601112244142398  0.75959271718200261  0.77104847818601052  0.78186799565289544
  0.79252311713317825  0.80200979791843985  0.81109986161016578  0.82161730158470692
  0.83029155404916999  0.83905197368456164  0.84811696139701609  0.85895478710422102
  0.86913955017612021  0.87860446137556536  0.88895922011435080  0.89809970428070485
  0.90631033844007758  0.91482835301304544  0.92294362250037265  0.93077800750028028
  0.93849410366794972  0.94659760277475768  0.95929760237913775  0.96870073009541358
  0.97742689259798843  0.98549710454277617  0.99280875968017557  1.00000000000000000
 -0.00283553377219941  0.00960098401073463  0.02057279434398454  0.02901061385819310
  0.03620590724815408  0.04438370584238995  0.05523827840808564  0.06656085860442940
  0.07736901849782081  0.08753910090565756  0.09599773094626179  0.10568876843138235
  0.11491660214860627  0.12396768388314816  0.13368618606475358  0.14341962437116307
  0.15229771446948467  0.16163806588910004  0.17315338988664453  0.18474607772695625
  0.19144889864336137  0.19556873467647864  0.20043624444976424  0.20494245493847649
  0.20983564596486590  0.21480295697437626  0.21919061489474320  0.22930751416177222
  0.24394620655600413  0.25707089516435200  0.26902246681695630  0.28198032143185797
  0.29700502319342303  0.31327112225325748  0.32769222985926810  0.34014890342631909
  0.35114496081235913  0.36213680591172687  0.37594597287590087  0.39304505953007690
  0.40838585219622497  0.42044377648749520  0.43148726161857803  0.44304247224570947
  0.45635252342859539  0.47064982457581633  0.48171023807982227  0.49184241616267527
  0.50098194720126898  0.50887023460822556  0.51328306140086144  0.51888306275507068
  0.52456325318728081  0.52981047180124530  0.53523378868759897  0.54182868562403663
  0.54904695066265552  0.56084194703857659  0.57772514914605089  0.59601990317022724
  0.61376366393731474  0.62877896544382694  0.63866221116953159  0.64670655988041748
  0.65192624871696425  0.65712929980980916  0.66220154400653097  0.66877964170978621
  0.67813148334872853  0.68930974098693210  0.70331002558886835  0.72046099168633193
  0.73838028537772904  0.75483517313089410  0.76931301866055923  0.78316914078878530
  0.79753165173948448  0.81188270443562149  0.82597412311474439  0.83911503639083418
  0.84999875845003181  0.85927055564509314  0.86784668236232954  0.87576175391837852
  0.88306144554793342  0.89169744126942796  0.90152471253929045  0.91095307458670227
  0.92039985373833832  0.93179698378839793  0.94469588530060511  0.95707476168513061
  0.96971434867626571  0.98244905477171518  0.99213632634885729  1.00000000000000000
  0.19500140552808140  0.20285202969035893  0.22188848010433485  0.25079839131779086
  0.28484722932471679  0.31937186490871372  0.35346151302697837  0.38876819712098148
  0.42444871898535663  0.46460604935711919  0.49760514039939652  0.52191905610278877
  0.54062462764019770  0.56477173271552850  0.58280957084029028  0.59878205436700638
  0.61399464737756460  0.62906391519987825  0.64068516640578221  0.64771017513222262
  0.65325950703816449  0.65845931775402322  0.66281702085938943  0.66724710098103879
  0.66996745239710387  0.67235176329274493  0.67502302704568018  0.67774573211159905
  0.68020968223473943  0.68225502782758896  0.68377563827046628  0.68502618744484534
  0.68610960819273004  0.68727974994533647  0.68836278971733245  0.68928677300324770
  0.69031696039194523  0.69139896651697796  0.69251965496909407  0.69365905342325851
  0.69466800376344517  0.69560068980531375  0.69634787007923438  0.69682636714260460
  0.69719068386858329  0.69750635435086428  0.69782942797278236  0.69822773761307044
  0.69870133549292601  0.69918585324398119  0.69966151716437663  0.70009483793826865
  0.70086940026125299  0.70176617293787047  0.70230065618250470  0.70270149184220054
  0.70314420109137277  0.70356321049025317  0.70394960945626739  0.70432168719882338
  0.70472822913102851  0.70511123003650089  0.70548726185948996  0.70590515753528305
  0.70642560763763895  0.70716965987872482  0.70818723661313776  0.70929280194011091
  0.71044662172095963  0.71176805981163038  0.71341587078438440  0.71531297769507785
  0.71735311890370324  0.71947398321843814  0.72160075907191801  0.72383478419300795
  0.72626858200084021  0.72902594151429601  0.73207009205310203  0.73559361895783415
  0.73900148510383901  0.74266215932163382  0.74648698728003349  0.75064225235987236
  0.75546744166315327  0.75969924659849741  0.76287026868067220  0.76638140355063977
  0.77011977287938149  0.77394643187770062  0.78096644175311769  0.79218779541325668
  0.80672165736687196  0.82698405590789359  0.86538235868077851  1.00000000000000000
   2.4563339351485218E-007  -1.0000000000000000     
 F F F F F F F F F F F F F F F F F F F F F F F F F F F F F F F F F F F F F F F F F F F F F F F F F F F F F F F F F F F F F F F F
  <DiscreteSampler_grid>
  grouped_processes
  1 # 1 for a reference and 2 for a running grid.
  10 # Attribute 'min_bin_probing_points' of the grid.
  1 # Attribute 'grid_mode' of the grid. 1=='default',2=='initialization'
  0.0000000000000000 # Attribute 'small_contrib_threshold' of the grid.
  0.5000000000000000 # Attribute 'damping_power' of the grid.
 # binID   n_entries weight   weight_sqr   abs_weight
    19   10   7.913903536707617E+006   3.129623655599071E+014   7.913903536707617E+006
    22   10   7.913903536707617E+006   3.129623655599071E+014   7.913903536707617E+006
    25   10   7.913903536707617E+006   3.129623655599071E+014   7.913903536707617E+006
    28   10   7.913903536707617E+006   3.129623655599071E+014   7.913903536707617E+006
  </DiscreteSampler_grid>
