 -0.01375069416380843  0.09631078663280729  0.14549328928668429  0.18551032576301923
  0.22030123291445308  0.25261510448111102  0.28270620385285189  0.30856434387369275
  0.33262974602660855  0.35624177147831720  0.37798396796797951  0.39803371713348018
  0.41736631885512626  0.43759968876992911  0.45790090279324697  0.47679218210390523
  0.49311276635706758  0.50842259118327671  0.52453940990949122  0.54007251603138073
  0.55451907208811757  0.56995914644619905  0.58527626604159999  0.59921364278779976
  0.61310614550282827  0.62777256864749298  0.64210645429282842  0.65582437785294656
  0.66873849306718158  0.68056350508358143  0.69160255183662611  0.70260456815811456
  0.71415088718691488  0.72532245652257166  0.73615033121115292  0.74691736713126800
  0.75705233606788258  0.76655984802902577  0.77592616282764681  0.78485536534859945
  0.79316162241112453  0.80141414530855948  0.80957768743942837  0.81678088339349464
  0.82318627239267572  0.82998426180549378  0.83706387448383446  0.84313958300180714
  0.84930190710319076  0.85576349900154447  0.86204401379198070  0.86849519333058944
  0.87552667776606685  0.88243654541891936  0.88746607070444805  0.89251694085514444
  0.89735020883765881  0.90153034964801415  0.90519980981912385  0.90907736536860129
  0.91317897332956888  0.91727453930568781  0.92133576433417153  0.92533014943950076
  0.92902330351518025  0.93262907833002540  0.93615863883071759  0.94005694708614174
  0.94402991208085163  0.94759473418232099  0.95066363433511603  0.95341732661709777
  0.95583793324997823  0.95813385979757515  0.96060522869539933  0.96303087803655452
  0.96497991178347686  0.96657963204325570  0.96822311849036025  0.96982473724330875
  0.97131920971227348  0.97278654941623888  0.97429361655023294  0.97592595723629161
  0.97774616431331884  0.97956191859952746  0.98126817350833118  0.98297315562237020
  0.98469126280222885  0.98620988336572213  0.98773632610009610  0.98937214296830933
  0.99124346855323620  0.99361879113732177  0.99498013232714788  1.00000000000000000
  0.00000000052018688  0.00000000055907026  0.00000000058650211  0.00000000060717569
  0.00000000062681897  0.00000000064439539  0.00000000066357140  0.00000000068327146
  0.00000000070312196  0.00000000072222745  0.00000000074132740  0.00000000076217454
  0.00000000078609873  0.00000000080826084  0.00000000083117644  0.00000000085457316
  0.00000000087837502  0.00000000090690386  0.00000000093326607  0.00000000095483373
  0.00000000097345634  0.00000000099154785  0.00000000100983974  0.00000000102839400
  0.00000000105313171  0.00000000107834832  0.00000000110265548  0.00000000112836716
  0.00000000115460506  0.00000000118373302  0.00000000121586415  0.00000000124719015
  0.00000000127764314  0.00000000130866737  0.00000000134053160  0.00000000137283205
  0.00000000140962897  0.00000000145611228  0.00000000150598416  0.00000000155618649
  0.00000000160611706  0.00000000166128852  0.00000000172403276  0.00000000179231818
  0.00000000186492427  0.00000000194089693  0.00000000202134976  0.00000000209892803
  0.00000000217550071  0.00000000225991754  0.00000000234923967  0.00000000245574210
  0.00000000258159394  0.00000000271991652  0.00000000287351557  0.00000000304229346
  0.00000000322806086  0.00000000342759779  0.00000000365287099  0.00000000391880543
  0.00000000422563106  0.00000000455728498  0.00000000482915869  0.00000000514162132
  0.00000000548810573  0.00000000593220711  0.00000000649295100  0.00000000711554597
  0.00000000780808394  0.00000000865043371  0.00000000970943017  0.00000001114391451
  0.00000001282917225  0.00000001460519934  0.00000001690251414  0.00000002014550069
  0.00000002465215713  0.00000003125499690  0.00000004012559340  0.00000005553101185
  0.00000008535118924  0.00000013742168543  0.00000022973892263  0.00000039253056551
  0.00000072708309027  0.00000149327868847  0.00000298635463928  0.00000624908084884
  0.00001490987685195  0.00003569541563577  0.00009053985989901  0.00029590198200273
  0.00110173780232888  0.01342074514618657  0.30841135704980244  1.00000000000000000
 -0.00307519745456287  0.01122313773978432  0.02193899474902054  0.03336170366572230
  0.04392383603672941  0.05348943458975242  0.06309549140420752  0.07288917676662852
  0.08221686215732102  0.09265197267032502  0.10326965066297866  0.11414630688172424
  0.12539056636524629  0.13721530838501900  0.14857518199110931  0.15956975848924279
  0.16941984488993186  0.17884941722618775  0.18747043336574348  0.19574668118894178
  0.20534082356155892  0.21536247054524427  0.22594110647278370  0.23794302072128717
  0.24950633177754328  0.26136514865943683  0.27254340542944283  0.28386079260587804
  0.29399948769577672  0.30288973214093895  0.31140312430944561  0.31999488535667370
  0.32943570054070315  0.33998911007445010  0.35035037695422466  0.36038417148477869
  0.37074484575874739  0.38136806994105971  0.39148953745762383  0.40083755002696220
  0.41045003241374234  0.42089033621334659  0.43188122110892446  0.44298436277509901
  0.45353242243835679  0.46391629906953097  0.47363150147988736  0.48326067954516100
  0.49279965087693517  0.50257989329929109  0.51260407156363907  0.52323773648259286
  0.53402142642765338  0.54439015617161590  0.55475407348281236  0.56553840400847988
  0.57706418717318220  0.58829928105021512  0.59935249269700575  0.60990155660449641
  0.62055231834153046  0.63109091450324639  0.64161408982802870  0.65228151304991155
  0.66340071837790027  0.67477077699252219  0.68585715650435086  0.69693375554158332
  0.70796984984424371  0.71879826626897780  0.72966562685981540  0.74059508669631491
  0.75170193233691640  0.76242891161885651  0.77293460988932794  0.78346732694584775
  0.79397224602502459  0.80469443460923518  0.81551674469377355  0.82654104501975956
  0.83766943262687976  0.84827668844144477  0.85834686851111641  0.86750560318954395
  0.87719969783736218  0.88777675287252145  0.89947022078896666  0.91131958467480900
  0.92288664696734390  0.93398908478987941  0.94508586022034635  0.95622587175841545
  0.96728359596415980  0.97788623319134171  0.98766573408194180  1.00000000000000000
 -0.00228560449893563  0.00895719258721357  0.02019479132564294  0.03016682293964463
  0.04034427518834787  0.05081713446358963  0.06178166102569859  0.07366141371585679
  0.08455014143819214  0.09497307677861211  0.10438824390186244  0.11392625334613748
  0.12410407317774991  0.13423998242710328  0.14463649010644117  0.15532010337935287
  0.16610226851548499  0.17697378359121718  0.18798777628498065  0.19838752993799733
  0.20825608364020462  0.21815386140029763  0.22844332631767011  0.23950514850983187
  0.25100534425295362  0.26220921051115220  0.27375756162983012  0.28426574087665757
  0.29300065446494133  0.30168786261265734  0.31031287404987340  0.32116519739646687
  0.33338533114208146  0.34540456970783096  0.35694017647082005  0.36804096415052623
  0.37812588192775082  0.38813416763643782  0.39760304440033384  0.40680932937386527
  0.41714484128091950  0.42801055046603353  0.43910444796980902  0.44995495398747426
  0.46076261334363738  0.47209517363039533  0.48383000062671994  0.49584238638638051
  0.50762920292337244  0.51899933545260468  0.53029846279629334  0.54186671974527678
  0.55356286696023327  0.56486752986548583  0.57599776167132966  0.58711120032461117
  0.59869990802152584  0.61041716402629465  0.62116357968834179  0.63160129316669089
  0.64168388352883665  0.65218699211575848  0.66275070887134524  0.67337953038363385
  0.68453220161779904  0.69504478396151725  0.70495594617636836  0.71509730880252709
  0.72524240740403956  0.73580718315519245  0.74581345625193707  0.75556585007800292
  0.76525932728855139  0.77546932599609053  0.78483920445599942  0.79377910089197079
  0.80189540376375246  0.81024801587906969  0.82001433273379054  0.82981169916508712
  0.83949259878058913  0.84936330928025250  0.85916931118439488  0.86949459609853286
  0.88104102368052140  0.89200471200854592  0.90245564658034572  0.91222418018210083
  0.92212752634452866  0.93334145289273762  0.94503643428963557  0.95729785431746839
  0.96904177249253165  0.97966303990134929  0.99029074211299861  1.00000000000000000
 -0.00210522526374112  0.00882239884001171  0.02043927991374567  0.03080063678473217
  0.04213293829235487  0.05380534778261524  0.06515062100677793  0.07658684004692978
  0.08792266981594066  0.09924690352403594  0.11020311690038090  0.12025261687570457
  0.13001617082870667  0.13960815130067428  0.14899956550614452  0.15813503992980377
  0.16723506221308646  0.17803461118556654  0.18932326391499774  0.20166585999327166
  0.21268924493239388  0.22329269344302585  0.23402542702485507  0.24498984801415460
  0.25650467419830802  0.26777057493398676  0.27874825916828788  0.28902872576239602
  0.29899968926954734  0.30925705787642571  0.31927618971526156  0.32970421611188300
  0.33980764149111303  0.34995171403746211  0.36020713748104038  0.37101345428663945
  0.38089939936077188  0.39027610580467925  0.39946123642916570  0.40997402536461214
  0.42176472479281468  0.43340339708168751  0.44370500153893050  0.45316421502505971
  0.46218807903439918  0.47021892512004582  0.47836390638390103  0.48732644634967004
  0.49746792644015414  0.50837565613891567  0.51962898205601415  0.53096014711737483
  0.54157474876380918  0.55118008750467518  0.56058426047958698  0.57074004818372570
  0.58191327859004660  0.59308857966693052  0.60364215610926453  0.61371073003917520
  0.62411264763275787  0.63507848011105450  0.64617335993104164  0.65778431446994912
  0.66900250237387615  0.67984104865339468  0.69008147353069349  0.70035286410285902
  0.71135433224599520  0.72110925457083996  0.72968149414682693  0.73845005487018422
  0.74702602808707830  0.75661620186583700  0.76831921537299830  0.77961208772044766
  0.79087953323773030  0.80166555617513169  0.81345237816382587  0.82549393903145551
  0.83779873100686886  0.84976329345569357  0.86066635993180152  0.87097908039103411
  0.88145182445425851  0.89201236796957240  0.90288248415670203  0.91366762889324271
  0.92510268762849523  0.93654781881215665  0.94756325732021773  0.95799746633307381
  0.96867666278925069  0.97955741877212910  0.98895617932625224  1.00000000000000000
  0.18688613723602965  0.20350217492520095  0.22376775221278600  0.25461777437096222
  0.28889249067981471  0.32746934515633630  0.37087953969521270  0.41722023140177961
  0.46016873599846769  0.50035581509509008  0.53681514912402872  0.56605323840253619
  0.58738760727708361  0.60432432424547022  0.61774633945908530  0.62930498559029324
  0.63902562631756110  0.64678643661243074  0.65280283313517018  0.65769837552863453
  0.66201749021556044  0.66616128272976827  0.66935004654755526  0.67186814775865478
  0.67422494047808523  0.67653586444461344  0.67866312456441258  0.68048445108642275
  0.68204859461438128  0.68348307527919339  0.68479495627831311  0.68599595011802283
  0.68709739571380790  0.68810474510206654  0.68902416214439699  0.68983854937696687
  0.69061541582182140  0.69134058149596656  0.69200157475338075  0.69261805258583820
  0.69320573227107629  0.69377779985061694  0.69434307778609294  0.69490970826676868
  0.69547537801434833  0.69601193497818981  0.69650838027103135  0.69698333690930558
  0.69743649467763680  0.69789149432836239  0.69838162359246159  0.69889855321693783
  0.69944487430087643  0.70001418717135366  0.70059751591352548  0.70118664554656096
  0.70177436411395944  0.70236773961825438  0.70297128573468048  0.70358510428762766
  0.70421379602955381  0.70485972206909819  0.70553449209156138  0.70625998155070391
  0.70699060127907143  0.70775164186265649  0.70855203098549702  0.70937617929990748
  0.71018963675133850  0.71104113974489969  0.71197023746038979  0.71299428625846339
  0.71406182089306980  0.71521177432373351  0.71652575023580178  0.71802246461373498
  0.71957130292295957  0.72112581686132260  0.72282216758539974  0.72462163847109717
  0.72659282831534111  0.72884530355029953  0.73142767069535819  0.73433004609618235
  0.73756356482604413  0.74134032641092584  0.74578622565414709  0.75064751060324053
  0.75603500014670266  0.76247804342764391  0.76992273861068050  0.77869642663329786
  0.79008421121837413  0.80964671157083901  0.84813214852808749  1.00000000000000000
   2.1467504249900862E-009  -1.0000000000000000     
 F F F F F F F F F F F F F F F F F F F F F F F F F F F F F F F F F F F F F F F F F F F F F F F F F F F F F F F F F F F F F F F F
  <DiscreteSampler_grid>
  grouped_processes
  1 # 1 for a reference and 2 for a running grid.
  10 # Attribute 'min_bin_probing_points' of the grid.
  1 # Attribute 'grid_mode' of the grid. 1=='default',2=='initialization'
  0.0000000000000000 # Attribute 'small_contrib_threshold' of the grid.
  0.5000000000000000 # Attribute 'damping_power' of the grid.
 # binID   n_entries weight   weight_sqr   abs_weight
    19   10   1.070717769511277E+006   5.322901418714664E+012   1.070717769511277E+006
    22   10   1.070717769511277E+006   5.322901418714664E+012   1.070717769511277E+006
    25   10   1.070717769511277E+006   5.322901418714664E+012   1.070717769511277E+006
    28   10   1.070717769511277E+006   5.322901418714664E+012   1.070717769511277E+006
  </DiscreteSampler_grid>
