 -0.01072255772300060  0.09334568815844449  0.14511059720965788  0.18587617550004784
  0.21975541695633871  0.25204285591223086  0.28242934713484408  0.30518933101613710
  0.32875461294639213  0.35406347604829169  0.37732241934332222  0.40076284523248706
  0.42241679677248445  0.44239606168096407  0.46085975322467598  0.47757117083206496
  0.49324469948854249  0.50921769712205767  0.52501508596839586  0.53971623033915506
  0.55427716561776463  0.56894079658998786  0.58360742287570266  0.59786739798328481
  0.61110995444501093  0.62352443321844797  0.63539845176935184  0.64797393114808455
  0.66058380612886125  0.66993013943498703  0.67852552667374466  0.68693444291091532
  0.69670181465417158  0.70570518633936574  0.71414196456596246  0.72225739339263550
  0.73110735307632935  0.74057473173076249  0.75007974897390906  0.75915422261024501
  0.76774961599658309  0.77623350341519493  0.78453145758158060  0.79271645697142845
  0.80081970963336246  0.80856640320118900  0.81623994290777757  0.82410023803988885
  0.83209251224036396  0.83949721764508878  0.84670860135102910  0.85342455962275998
  0.86000422230094020  0.86646971292390795  0.87295630725628037  0.88015744042605926
  0.88670166023148678  0.89283618728486214  0.89877793213153812  0.90410348325566436
  0.90944613187119661  0.91474646008907623  0.91992962488060825  0.92485177632968096
  0.92953604088658992  0.93425422382161882  0.93847188876321885  0.94216231171193088
  0.94571065772786533  0.94889237942966953  0.95159563925596780  0.95403915076074075
  0.95647117309275342  0.95891990000896399  0.96133981641961208  0.96391779983120585
  0.96677135902376721  0.96962179528248116  0.97214702752121607  0.97458093962768355
  0.97659985626047119  0.97733614442119032  0.97807243258190946  0.97880872074262848
  0.97957608976834398  0.98034848646155570  0.98112088315476742  0.98192390643542093
  0.98276403225060460  0.98360415806578827  0.98444428388097183  0.98682703921801063
  0.98957585931386816  0.99257749395022843  0.99537009208752913  1.00000000000000000
  0.00000000005888393  0.00000000006519588  0.00000000006937316  0.00000000007233929
  0.00000000007553727  0.00000000007886278  0.00000000008228567  0.00000000008524066
  0.00000000008820348  0.00000000009113966  0.00000000009385979  0.00000000009673291
  0.00000000009964668  0.00000000010251049  0.00000000010570931  0.00000000010901139
  0.00000000011235294  0.00000000011611409  0.00000000011978288  0.00000000012341072
  0.00000000012712952  0.00000000013102364  0.00000000013511302  0.00000000013928091
  0.00000000014329180  0.00000000014799758  0.00000000015296040  0.00000000015860684
  0.00000000016501902  0.00000000017163753  0.00000000017762226  0.00000000018335834
  0.00000000018866214  0.00000000019409320  0.00000000020003224  0.00000000020624112
  0.00000000021237631  0.00000000021896610  0.00000000022666201  0.00000000023494602
  0.00000000024074940  0.00000000024667618  0.00000000025295326  0.00000000026025403
  0.00000000026786784  0.00000000028028421  0.00000000029383625  0.00000000030693100
  0.00000000031876341  0.00000000032945606  0.00000000033997160  0.00000000035143026
  0.00000000036565824  0.00000000038283324  0.00000000040376785  0.00000000042700661
  0.00000000045104879  0.00000000047774151  0.00000000050606003  0.00000000053318137
  0.00000000055715558  0.00000000058067288  0.00000000060582333  0.00000000064039858
  0.00000000068922506  0.00000000074580153  0.00000000081247723  0.00000000087880664
  0.00000000094237132  0.00000000101089302  0.00000000108420119  0.00000000116262486
  0.00000000124381192  0.00000000133105851  0.00000000142673449  0.00000000160146812
  0.00000000191626671  0.00000000225950277  0.00000000266539534  0.00000000313700375
  0.00000000373419918  0.00000000468201751  0.00000000624619374  0.00000000836135056
  0.00000001158710122  0.00000001901943014  0.00000003703085474  0.00000010073489492
  0.00000029131834340  0.00000122943512992  0.00000611112886343  0.00003359707939951
  0.00025138166559064  0.01076667052581486  0.59957727574738118  1.00000000000000000
 -0.00166198885265773  0.00764656219796807  0.01794250510777114  0.02743744923246484
  0.03773744959752166  0.04883512046172168  0.05971409573734422  0.07109024594879652
  0.08163574789116362  0.09023967310498880  0.09858715717551024  0.10604193938676267
  0.11469061366210635  0.12446966888443980  0.13454779842506254  0.14537385571421640
  0.15620869917603583  0.16632194377946768  0.17774854067130347  0.18985265955648542
  0.20156701704623908  0.21308264393504397  0.22357095567928198  0.23418821008559937
  0.24479682211341383  0.25491468901411823  0.26291585433177622  0.27035427237977727
  0.27778528252632967  0.28699374932805205  0.29866575569793347  0.30973539751966589
  0.31845283284852827  0.32647723271554541  0.33516725261667601  0.34479650959835340
  0.35573150958258049  0.36670205905820386  0.37753599274361122  0.38931360018796618
  0.40130862341448587  0.41235436408412068  0.42291044381630100  0.43379355246831691
  0.44495929324832201  0.45601894197834680  0.46699309116780224  0.47736537931130990
  0.48723086375226848  0.49660429121535249  0.50532348489827217  0.51441657505388383
  0.52439249214520645  0.53556872827683832  0.54748307445612465  0.55880036491478458
  0.56965634334617465  0.58043121239746476  0.59199981898946308  0.60366332253620558
  0.61525289907314484  0.62683559142282586  0.63815929598552412  0.64910834404199103
  0.65968147061275673  0.67036155985092516  0.68231150380968153  0.69352944809995087
  0.70348161683109200  0.71246336789914610  0.72140556659158428  0.73149640679231021
  0.74223517202506373  0.75266405660740643  0.76285208592250231  0.77343546911300587
  0.78417446189285955  0.79479937000832823  0.80452070080704086  0.81438361953732108
  0.82465743808792968  0.83568143984567733  0.84633463353770244  0.85635803973445745
  0.86617769179370119  0.87643799878581019  0.88800921373160169  0.90027669312615088
  0.91287196405514914  0.92578838174435973  0.93885993539366464  0.95149057348768484
  0.96372788046090196  0.97599001654997464  0.98838727096598000  1.00000000000000000
 -0.00288901963502705  0.01058639082813742  0.02229694431555113  0.03384986930993997
  0.04486484331592867  0.05560888813170409  0.06640792910717959  0.07835984446732841
  0.09065052780616246  0.10168898490017721  0.11132741272927653  0.12078478109463869
  0.13060964387949184  0.14109079551502948  0.15192002750928713  0.16236210487146993
  0.17228072625093843  0.18188278141055447  0.19150985360178799  0.20215492654216841
  0.21302768478737222  0.22259392399945646  0.23166973336181090  0.24085354614038698
  0.25035621360647597  0.26192202720472180  0.27128320352038976  0.28034872932037486
  0.28980837436478341  0.29970396990203441  0.31075194904950376  0.32218097260393480
  0.33366612758732023  0.34512587270478912  0.35679977489911929  0.36788469278848385
  0.37853277316596878  0.38946679441769994  0.40044627819413992  0.41092253126659090
  0.42131277296459513  0.43250057242369611  0.44397052085576455  0.45460846478619688
  0.46471634952684615  0.47475085584691662  0.48551461756516040  0.49690731944254646
  0.50809037350894959  0.51871239238586497  0.52909620389094192  0.53967640811076678
  0.55023845041544805  0.56109278401987017  0.57251572047212396  0.58404629834748989
  0.59511479696515301  0.60551490751235604  0.61531448857065996  0.62516841258355527
  0.63583610379751998  0.64601836351159203  0.65761655289282472  0.66855332302050896
  0.67941043173114235  0.69033199320358285  0.70144098759577023  0.71236681025891357
  0.72236715603802948  0.73175927441706312  0.74141703906786405  0.75190175622605993
  0.76266338871706063  0.77284579097326966  0.78302627868216201  0.79354506464152308
  0.80451334086335669  0.81572599608627328  0.82733877347437190  0.83832206121184660
  0.84861481641461001  0.85869374220941930  0.86818954452285380  0.87819008835122625
  0.88809534086099884  0.89802606423218601  0.90905821961969424  0.91930732126918913
  0.92878133422783782  0.93726277808271297  0.94570868547070608  0.95474988037509589
  0.96478898060858309  0.97616009351526023  0.98792773815448820  1.00000000000000000
 -0.00231805158943948  0.00956406737193762  0.01982741548339732  0.03099269895279017
  0.03991581539866176  0.04873720883031262  0.05805823464477068  0.06720854686645612
  0.07783076361173522  0.08858922890490054  0.09933211519038487  0.11076814293787571
  0.12230139706971509  0.13323800376993616  0.14376278453940083  0.15467194782540561
  0.16630613039794420  0.17865371337737293  0.19030608791511347  0.20121218383072995
  0.21112530963358803  0.22099330078615098  0.23137089793985724  0.24115830212473613
  0.25105595058295527  0.26189375546955668  0.27352764058831458  0.28538808281829187
  0.29681192851884708  0.30684714419390791  0.31446486026170273  0.32136501440447912
  0.32808086585157459  0.33708198907293979  0.34829714503914949  0.35976459559651586
  0.37179481295880490  0.38366237641653306  0.39453744344316283  0.40439468575428056
  0.41369731600933440  0.42303222660975864  0.43263748609964503  0.44234027815474186
  0.45205460595420544  0.46183367106024337  0.47200438251742943  0.48256725608418288
  0.49318692611296416  0.50404094937091182  0.51539359643372251  0.52673235991009459
  0.53744689961514147  0.54767915304553139  0.55748842153055800  0.56721813319660863
  0.57653237421105841  0.58440081002184507  0.59257746573711090  0.60096196686478498
  0.61120949163127558  0.62221744271899460  0.63340939752320913  0.64463792534096509
  0.65593682658178520  0.66710009333934894  0.67749678535123270  0.68796832331031788
  0.69906318397061795  0.71071876675372125  0.72225128242480485  0.73337347290894539
  0.74464010334266451  0.75626141376124034  0.76812838485982160  0.78010871797720915
  0.79225068642929242  0.80317635955308264  0.81284977958463134  0.82269380799341474
  0.83272481327558434  0.84374752398631947  0.85491345662326368  0.86625392730960438
  0.87802444951803937  0.88985733514273790  0.90128386438526487  0.91263662062372308
  0.92383563957961212  0.93507257676937905  0.94598002309557827  0.95645777123112252
  0.96684537940270043  0.97734119783277762  0.98822171739217157  1.00000000000000000
  0.18767636155547807  0.19655305520603522  0.20439257563860971  0.21721353770560065
  0.23767531753507176  0.26963343979095422  0.31096761443703291  0.35375887117942745
  0.39319417584005556  0.43497692135453792  0.47237911167148544  0.51067406751436339
  0.54188365256112370  0.56516838105592804  0.58444102219663241  0.60063863586473487
  0.61630933915160502  0.62879204198690364  0.63805668877870625  0.64658046220756060
  0.65320964536221426  0.65846840946405938  0.66266599298202522  0.66636215446389768
  0.66960221122532626  0.67241149836264191  0.67493417793757726  0.67718762235538699
  0.67909866146758802  0.68083516685179757  0.68229569618171637  0.68360239774527565
  0.68476648430969522  0.68589736727303041  0.68690569652594546  0.68784369372221976
  0.68868692788100005  0.68942368830155643  0.69010404708486639  0.69076381635041706
  0.69140713143882737  0.69204892201979362  0.69269855198085095  0.69333008489891967
  0.69393144852500643  0.69449888516553848  0.69503326085280515  0.69553446159832510
  0.69602009306001089  0.69648666005338933  0.69694981597395755  0.69742202184492530
  0.69790861499142076  0.69841654433208522  0.69893222101392394  0.69944716148568087
  0.69996825353865677  0.70048454086671341  0.70100176360524902  0.70156053310805144
  0.70209371444618007  0.70257203305226334  0.70304478465576936  0.70350320251502385
  0.70401322753223894  0.70458570168787771  0.70523205452430726  0.70592572828539046
  0.70665598352410630  0.70743874910194604  0.70827186173305223  0.70918869219353853
  0.71019193191280505  0.71129445372788780  0.71248451521905198  0.71378081598403076
  0.71516609292089417  0.71667633581757684  0.71837513192536606  0.72035428914716959
  0.72259780109910410  0.72502446589943692  0.72771793814044772  0.73068513456904793
  0.73418964343155801  0.73809473851502383  0.74262837329722520  0.74745785182777569
  0.75302240482528793  0.75976457704998235  0.76878171406709594  0.77877045645626941
  0.79055009767935880  0.80749505375936814  0.83636590755532070  1.00000000000000000
   2.4693605699086798E-009  -1.0000000000000000     
 F F F F F F F F F F F F F F F F F F F F F F F F F F F F F F F F F F F F F F F F F F F F F F F F F F F F F F F F F F F F F F F F
  <DiscreteSampler_grid>
  grouped_processes
  1 # 1 for a reference and 2 for a running grid.
  10 # Attribute 'min_bin_probing_points' of the grid.
  1 # Attribute 'grid_mode' of the grid. 1=='default',2=='initialization'
  0.0000000000000000 # Attribute 'small_contrib_threshold' of the grid.
  0.5000000000000000 # Attribute 'damping_power' of the grid.
 # binID   n_entries weight   weight_sqr   abs_weight
    19   10   5.147977124978304E+006   1.337550487176063E+014   5.147977124978304E+006
    22   10   5.147977124978304E+006   1.337550487176063E+014   5.147977124978304E+006
    25   10   5.147977124978304E+006   1.337550487176063E+014   5.147977124978304E+006
    28   10   5.147977124978304E+006   1.337550487176063E+014   5.147977124978304E+006
  </DiscreteSampler_grid>
