 -0.01228295161165298  0.09693585985536754  0.15520130787552300  0.19896252630031913
  0.23741715568851948  0.27222178681529069  0.30049931608794023  0.32592958285866330
  0.35281866983681415  0.37743747218937379  0.39719182541742393  0.41078621326794523
  0.42286969528214624  0.43945678445191977  0.45764245477420917  0.47438301162008034
  0.49043323137304423  0.50644692218062870  0.52158553113775785  0.53635688916310764
  0.55037336505107493  0.56348498382119150  0.57625167207325989  0.58966150250938809
  0.60376925620155997  0.61741559173958083  0.62951590183040496  0.64095650076526789
  0.65253210215459445  0.66386572784449971  0.67465449825844026  0.68492832121040459
  0.69443725402653422  0.70272080452486108  0.71037364125228064  0.71840187467518879
  0.72696858445929546  0.73585211514737681  0.74449068524375750  0.75165375823042746
  0.75918428197410703  0.76672863039041139  0.77521728210000196  0.78419971735608829
  0.79301593135324222  0.80057078397972292  0.80723133366889788  0.81298956074512918
  0.81902622093025179  0.82495892351973066  0.83114916333201028  0.83772599206621512
  0.84443043863162415  0.85145805420982645  0.85792435995269833  0.86297484792599843
  0.86780543238741070  0.87275686876097724  0.87768769768357502  0.88351517014477798
  0.88938891107574092  0.89454750221689239  0.89915455814244560  0.90313894631134184
  0.90667030938656223  0.91021228558197753  0.91374367369731957  0.91681530584802995
  0.91965947671146220  0.92247937286204085  0.92530454531386519  0.92807004822973149
  0.93120733994659777  0.93519797446023611  0.93871987496632825  0.94276672590523303
  0.94668336660513897  0.95043568775559517  0.95382452541224616  0.95659653239015152
  0.95913317403923903  0.96171925992879737  0.96420766743530884  0.96652312210048041
  0.96867267083782149  0.97099833334957231  0.97381316213243763  0.97638593820854025
  0.97861712346941077  0.98080096395500138  0.98304260591054882  0.98539403448301111
  0.98811002816392868  0.99141882814440607  0.99552854693343762  1.00000000000000000
  0.00000000000406858  0.00000000000576149  0.00000000000699132  0.00000000000816723
  0.00000000000926292  0.00000000001037708  0.00000000001165336  0.00000000001295137
  0.00000000001427594  0.00000000001562081  0.00000000001698576  0.00000000001846985
  0.00000000001991482  0.00000000002131909  0.00000000002277403  0.00000000002425169
  0.00000000002582749  0.00000000002747473  0.00000000002926234  0.00000000003118534
  0.00000000003315150  0.00000000003511197  0.00000000003710747  0.00000000003919641
  0.00000000004142730  0.00000000004377899  0.00000000004633009  0.00000000004902837
  0.00000000005185802  0.00000000005502834  0.00000000005808924  0.00000000006110380
  0.00000000006380650  0.00000000006566942  0.00000000006755433  0.00000000006952231
  0.00000000007153062  0.00000000007367840  0.00000000007638037  0.00000000008087510
  0.00000000008513345  0.00000000008925877  0.00000000009321380  0.00000000009694436
  0.00000000010192905  0.00000000010697860  0.00000000011167853  0.00000000011572734
  0.00000000012005896  0.00000000012466508  0.00000000013021708  0.00000000013608632
  0.00000000014207975  0.00000000014905176  0.00000000015898685  0.00000000016773441
  0.00000000017417020  0.00000000018026110  0.00000000018720340  0.00000000019732113
  0.00000000020854730  0.00000000021960164  0.00000000023660569  0.00000000025630969
  0.00000000027500806  0.00000000029440459  0.00000000031541551  0.00000000033849844
  0.00000000036805503  0.00000000039521730  0.00000000042291889  0.00000000045551455
  0.00000000049420366  0.00000000053562317  0.00000000058061933  0.00000000063145988
  0.00000000068906837  0.00000000075507221  0.00000000083430067  0.00000000093193595
  0.00000000105257062  0.00000000120824860  0.00000000138982228  0.00000000162459802
  0.00000000205059177  0.00000000263335499  0.00000000352086003  0.00000000549441987
  0.00000000944815184  0.00000001995064793  0.00000009401055128  0.00000081490350420
  0.00001003041331938  0.00023740264930717  0.12275997420172741  1.00000000000000000
 -0.00214866970499178  0.00936736690296597  0.01908176007795123  0.02945840900409713
  0.03937381319320901  0.04918481775728715  0.05813121405750416  0.06799994376220896
  0.07929630007555075  0.08952861432757980  0.09917702354712608  0.10873662864923674
  0.11780504158926250  0.12768986102813323  0.13665505428244878  0.14607451599992211
  0.15543411426392215  0.16531590033542964  0.17574069560618455  0.18619680893450880
  0.19674743872399308  0.20763801635696483  0.21889281734288860  0.23057609557689032
  0.24265169010221369  0.25419311747501644  0.26529273138658699  0.27669740625668054
  0.28897527716160648  0.30122112225388736  0.31208954619498430  0.32226305873285094
  0.33321110082352368  0.34475650006813663  0.35543317356455234  0.36542908699287246
  0.37537898928584457  0.38657183373843840  0.39863895476797506  0.41026177492261012
  0.42093605665875206  0.43057025645404640  0.44056319830917590  0.45099443266869299
  0.46254423770325326  0.47256780145307353  0.48171681727974774  0.49236852401735248
  0.50373516849635869  0.51523430333414899  0.52572981474838165  0.53662486965880596
  0.54812401575929826  0.56024429483390725  0.57084400451690520  0.58071547590784023
  0.58981329379606040  0.60009345727167296  0.61081420518409024  0.62274988143047905
  0.63368759805054653  0.64375537743257694  0.65410382534270617  0.66483987615778906
  0.67530666201406819  0.68587850318679500  0.69600441135074564  0.70639534400516246
  0.71630402235998181  0.72605921918021799  0.73612217308334316  0.74706155465722934
  0.75814244945868448  0.76898874399824346  0.78006041903098267  0.79128546391895171
  0.80261074440402091  0.81399543359783455  0.82561623905418569  0.83739664178132123
  0.85017093852568193  0.86243989081438721  0.87273854283761310  0.88203868243102435
  0.89202866787991375  0.90265441597844465  0.91328908680720011  0.92373512610818520
  0.93348290948838386  0.94206419557718057  0.95150742198211224  0.96042059592950080
  0.96854686714204929  0.97730332123439945  0.98943037019980495  1.00000000000000000
 -0.00241782902844860  0.00974055131307295  0.02177593332015545  0.03336171068584717
  0.04500811713915134  0.05690761683001506  0.06780675534764946  0.07839230134524509
  0.08921260841645250  0.10057114591131591  0.11116044537609478  0.12070392748393483
  0.12979181281046501  0.13975738004630658  0.15049943831581797  0.16257109496900798
  0.17530010673213015  0.18713030471838402  0.19784947006319298  0.20862256577406954
  0.22014647375514135  0.23228022331236226  0.24489809546440244  0.25652848938437744
  0.26743204471470189  0.27805093377202883  0.28893496371609972  0.29990771579974340
  0.31068957889527743  0.32135532639274855  0.33239151389577010  0.34378196713432718
  0.35530044177353487  0.36680321786848169  0.37737606970060844  0.38706261989924223
  0.39665301537025099  0.40623146348097522  0.41569377724300527  0.42512356631277304
  0.43391022200534357  0.44220767022646695  0.45030079233275594  0.45979979096136442
  0.47118573324549790  0.48278479095103033  0.49335059342692950  0.50441703800928916
  0.51527411130383771  0.52446949203733417  0.53229065627946437  0.53933796483274565
  0.54624820037126842  0.55459817046283844  0.56518583760176866  0.57719582185640894
  0.58959932782331159  0.60129102653745958  0.61256733649482897  0.62418887507503462
  0.63624788873562077  0.64788923475114113  0.65897163969825179  0.66943095755253124
  0.67974368151823661  0.69014218208040723  0.70053744379388794  0.71125527078862083
  0.72185836160155814  0.73246848587946856  0.74377857746910181  0.75582879849990536
  0.76720007223975928  0.77668412621661109  0.78585219378952453  0.79576394569834852
  0.80512300537962389  0.81446992048469669  0.82480704036262320  0.83406701068772837
  0.84310401454358808  0.85144529313079875  0.86050186954473895  0.87048259856096777
  0.88174270278222089  0.89340046958926711  0.90350731231022163  0.91242769310546012
  0.92148190769002392  0.93181720275362545  0.94323732433210028  0.95501773392181322
  0.96567961739581942  0.97697939378650644  0.98728782897048950  1.00000000000000000
 -0.00288919498841008  0.01072757137287434  0.02094657956802826  0.03110289624551816
  0.04145653813126771  0.05256588877055340  0.06398712855339911  0.07417616022126156
  0.08333315868507685  0.09260890736456885  0.10289170807219329  0.11474505022280045
  0.12757294485097817  0.13893006560983823  0.14796406187204789  0.15576765201108239
  0.16353205786162278  0.17242492164614903  0.18268691558887964  0.19291721699072606
  0.20244695603772989  0.21209055436734905  0.22232309475458137  0.23288514393468723
  0.24324152947259425  0.25291996102695030  0.26341889860366474  0.27263837135786756
  0.28072715532491888  0.28931622242533434  0.29867147141887729  0.30905220290810387
  0.32007024651109550  0.32968748335520309  0.33790201332839120  0.34607683547432438
  0.35470815986564425  0.36515900869561557  0.37643607012972713  0.38780738979848012
  0.39955202866519202  0.41112407505524728  0.42251096558225859  0.43382533222656722
  0.44503579304746321  0.45606012349144631  0.46648811154111097  0.47626177835005662
  0.48533844690581152  0.49550053596471971  0.50665756208623769  0.51826040445065980
  0.53027067963086072  0.54172775114801341  0.55275996331574340  0.56438073663677391
  0.57552909515496731  0.58597052832186414  0.59674738584378573  0.60778204277469827
  0.61848547598536019  0.62904888631890710  0.63997040484156664  0.65181030100833681
  0.66450842659470344  0.67695450492596931  0.68855509326295072  0.69918223255030632
  0.70975597147696490  0.72064577775861971  0.73211037084979425  0.74341927533509433
  0.75504034633715122  0.76664248583288919  0.77708773152980259  0.78773465727616354
  0.79760843066366360  0.80894229400067275  0.82007070420032213  0.83269891713431954
  0.84558967390338280  0.85781421768678412  0.86904167827337486  0.87995859508489305
  0.89176963527161457  0.90124495013371630  0.90921618490530631  0.91666084146594751
  0.92449021876446180  0.93403077061686213  0.94466689083656652  0.95583335794184743
  0.96759975690090749  0.97978109273682001  0.99030939271973661  1.00000000000000000
  0.18680067384460514  0.19994483716291495  0.21172998972706675  0.23039137847091512
  0.26229296394390317  0.29675678160593089  0.33842686878207662  0.38689479181189379
  0.43297583939087375  0.46991734490746301  0.50028534488169862  0.52759898228906010
  0.54592641550020171  0.56528106055288541  0.58748142697073680  0.60778001684277105
  0.62299436032854572  0.63419044313017336  0.64343818873417280  0.65103089574113671
  0.65739541233087873  0.66216225707187915  0.66593437962724900  0.66931294289806120
  0.67231438407128397  0.67514926243930540  0.67752032416812780  0.67951192077134126
  0.68119505389658874  0.68268237158863609  0.68405551803416409  0.68530412494757775
  0.68643614903598205  0.68745932482663519  0.68837575328853606  0.68919069156958890
  0.68990754951913669  0.69058291803388883  0.69123074349020797  0.69189158076413770
  0.69255886705059777  0.69306671759928995  0.69347825451691492  0.69382876456829135
  0.69418241508090783  0.69452145897642936  0.69498776264837547  0.69550545995505952
  0.69599117927596243  0.69647129248048667  0.69693355683895508  0.69741555442376135
  0.69789872540877607  0.69833126399323497  0.69877050578094424  0.69920618797500234
  0.69967243955651781  0.70016888526273635  0.70067517979753891  0.70119538619620669
  0.70172164332279430  0.70225239635999270  0.70277530305549896  0.70331453938723243
  0.70385292054785109  0.70439379466130558  0.70495303644029428  0.70554474212353513
  0.70621614971710756  0.70695272886154070  0.70777356761816734  0.70869230438480335
  0.70964204724781199  0.71058917823836265  0.71154008227144905  0.71258128989602576
  0.71379668368063398  0.71516139014664970  0.71661312548786127  0.71816615561834096
  0.71993928315184552  0.72200880975578052  0.72421721454342813  0.72635392678532640
  0.72877944908901959  0.73123893850859945  0.73441225441360636  0.73837430439934904
  0.74337262929967918  0.74986531487359698  0.75734652614989606  0.76651117296461169
  0.77857018020404978  0.79714399926838075  0.83532502764009442  1.00000000000000000
   2.7158448335178625E-009  -1.0000000000000000     
 F F F F F F F F F F F F F F F F F F F F F F F F F F F F F F F F F F F F F F F F F F F F F F F F F F F F F F F F F F F F F F F F
  <DiscreteSampler_grid>
  grouped_processes
  1 # 1 for a reference and 2 for a running grid.
  10 # Attribute 'min_bin_probing_points' of the grid.
  1 # Attribute 'grid_mode' of the grid. 1=='default',2=='initialization'
  0.0000000000000000 # Attribute 'small_contrib_threshold' of the grid.
  0.5000000000000000 # Attribute 'damping_power' of the grid.
 # binID   n_entries weight   weight_sqr   abs_weight
    19   10   2.213208353118110E+005   2.438237877241352E+011   2.213208353118110E+005
    22   10   2.213208353118110E+005   2.438237877241352E+011   2.213208353118110E+005
    25   10   2.213208353118110E+005   2.438237877241352E+011   2.213208353118110E+005
    28   10   2.213208353118110E+005   2.438237877241352E+011   2.213208353118110E+005
  </DiscreteSampler_grid>
