 -0.01391708199095175  0.10279511972769918  0.15608165065427107  0.19404651669907733
  0.21994298679998556  0.25223642955518749  0.28144191350638603  0.30836970053316437
  0.33457534056316668  0.36001466015938116  0.38377465536140992  0.40628582850657774
  0.42674123829776001  0.44304665809179927  0.46052099946350661  0.47916964716052440
  0.49856402279383588  0.51718305977573720  0.53434935405671380  0.54991448394739861
  0.56483672591333900  0.58109885235444281  0.59721136142731546  0.61082670117216997
  0.62340317463190686  0.63500020943362356  0.64720395690269195  0.65948474891232267
  0.67127731169064664  0.68212904640901439  0.69231436405190527  0.70270940165420370
  0.71302408396817096  0.72252841837042103  0.73154476036668625  0.74048611640558959
  0.74812846281428647  0.75559055305477119  0.76281620706071640  0.77009015278637105
  0.77841112045702887  0.78690180693991951  0.79554919903977672  0.80400581029680152
  0.81067344463650648  0.81594013272795307  0.82079217820647032  0.82476307141189886
  0.82858395772902083  0.83166285569003817  0.83725095739945943  0.84308974146073834
  0.84885113256650391  0.85494167947857425  0.86078126903010543  0.86611212924013570
  0.87078705550580759  0.87550230518894667  0.88051589632141603  0.88547662792072301
  0.88992034449811352  0.89338975035706347  0.89627458206846788  0.89917749257532487
  0.90233443188447682  0.90505634383714517  0.90766814288215525  0.91025674994557915
  0.91342655745955681  0.91645548728188986  0.91964120209653377  0.92313279870441922
  0.92668586660637287  0.93044199037983422  0.93414208076678162  0.93772892973028432
  0.94142810488666906  0.94526559948886035  0.94886984729339796  0.95232296820553508
  0.95567750105602212  0.95892534869384738  0.96200966072222438  0.96472718927043255
  0.96741020590560134  0.97031495334712514  0.97312323411503054  0.97577622176637768
  0.97831561084783314  0.98074664364880937  0.98317788222452640  0.98570435793042377
  0.98863500976425278  0.99236674285844528  0.99536227949329625  1.00000000000000000
  0.00000000006232865  0.00000000006718773  0.00000000007055743  0.00000000007309286
  0.00000000007534926  0.00000000007726453  0.00000000007926595  0.00000000008131572
  0.00000000008350674  0.00000000008623374  0.00000000008934263  0.00000000009246066
  0.00000000009545124  0.00000000009855393  0.00000000010181870  0.00000000010509252
  0.00000000010836403  0.00000000011154604  0.00000000011470155  0.00000000011812202
  0.00000000012196185  0.00000000012579337  0.00000000013020725  0.00000000013553091
  0.00000000014186773  0.00000000014868976  0.00000000015618597  0.00000000016439967
  0.00000000017287428  0.00000000018151168  0.00000000019021055  0.00000000019881295
  0.00000000020765597  0.00000000021639461  0.00000000022495632  0.00000000023474382
  0.00000000024592237  0.00000000025722760  0.00000000026747950  0.00000000027627181
  0.00000000028400410  0.00000000029181349  0.00000000030050006  0.00000000030916653
  0.00000000031751282  0.00000000032666467  0.00000000033618035  0.00000000034590216
  0.00000000035893563  0.00000000037724350  0.00000000039807164  0.00000000041960899
  0.00000000044383729  0.00000000046935947  0.00000000049758944  0.00000000052621991
  0.00000000055323090  0.00000000057972448  0.00000000060712299  0.00000000063584630
  0.00000000067608760  0.00000000072130546  0.00000000077308313  0.00000000083020629
  0.00000000089442778  0.00000000097190080  0.00000000106378898  0.00000000115155374
  0.00000000124630790  0.00000000135556402  0.00000000149126223  0.00000000166272548
  0.00000000182590595  0.00000000199672908  0.00000000220324822  0.00000000246928021
  0.00000000282691875  0.00000000329894318  0.00000000375557729  0.00000000421667641
  0.00000000477434335  0.00000000535670174  0.00000000635967707  0.00000000903621235
  0.00000001397488961  0.00000002242560619  0.00000003901532060  0.00000010076703680
  0.00000030451806948  0.00000110142549060  0.00000429168755719  0.00001801553159777
  0.00009819342000897  0.00123540216775154  0.17630582221341518  1.00000000000000000
 -0.00242323900897867  0.00929730409452261  0.02128602554340439  0.03255657389290131
  0.04383466639332358  0.05471580873436654  0.06568709215306211  0.07613254064395762
  0.08623372886224399  0.09651220052405715  0.10724741275877160  0.11858030223832342
  0.13020396482312577  0.14180291742473369  0.15365101942480242  0.16555898249324630
  0.17709817903966968  0.18867534054862581  0.20027478731241155  0.21203803013733447
  0.22385670811637159  0.23510392603410707  0.24534632703510453  0.25499403108130853
  0.26452434339454811  0.27394263408505004  0.28293784250418785  0.29252922093738848
  0.30267963473741444  0.31121816427631094  0.31950689454552572  0.32879550296890470
  0.33975743825463389  0.35219350276667888  0.36467442127460808  0.37598413074639470
  0.38703783020027560  0.39735291488387525  0.40753813171607034  0.41761112250014126
  0.42664289058472077  0.43554813122967501  0.44478175309866408  0.45408555797650130
  0.46391783752012172  0.47423362694093746  0.48489081918207705  0.49566200514280184
  0.50685145096124495  0.51868045237313054  0.53053469962417499  0.54124058064148606
  0.55056714662828488  0.55952278509465703  0.56950516042203170  0.58079302379493991
  0.59265351294727975  0.60452396250509943  0.61632874420696471  0.62830819958768458
  0.64036784094993326  0.65171765694915962  0.66205120559857278  0.67259014143078089
  0.68377328931115811  0.69590401361567222  0.70851103651607983  0.71910294941242503
  0.72811242452144398  0.73663003924969883  0.74518816306203728  0.75517968814116854
  0.76653856864938963  0.77869732297146277  0.79093171244684923  0.80267315538137840
  0.81369428953791467  0.82500315763459553  0.83702053189824410  0.84933509916799055
  0.86137936986065144  0.87328120611171156  0.88562964416248968  0.89716414286734503
  0.90618061407211126  0.91418172969453537  0.92205172927241918  0.93020686906559691
  0.93890073475172875  0.94853512753986569  0.95948601048902937  0.96878706250239000
  0.97673223431715772  0.98448118975167931  0.99223395770919887  1.00000000000000000
 -0.00237288712415628  0.00928799670751425  0.02081085764323636  0.03265927776140267
  0.04462202156821470  0.05584832288103345  0.06539668594482100  0.07478583002871871
  0.08436634681307499  0.09341463377235366  0.10378439276630269  0.11490801858485226
  0.12582230672568612  0.13614731311740536  0.14669808808000784  0.15708640944304847
  0.16859912216190193  0.18087896134594666  0.19341012876839833  0.20588616488911229
  0.21708606158600374  0.22588297192450119  0.23350592373635581  0.24124185822683500
  0.24888222572884730  0.25721775859579593  0.26697541521544083  0.27639855915723921
  0.28560452903344757  0.29556209153506874  0.30764437249456983  0.32067651960568022
  0.33360290951058541  0.34585521547846176  0.35708504738081093  0.36765272712538050
  0.37806435572667862  0.38854918508530351  0.39967453969744560  0.41094131021877994
  0.42178356596990679  0.43262773638975299  0.44396261484937427  0.45571200645963172
  0.46759288574213825  0.47913756802163265  0.49050802563886842  0.50162560126798317
  0.51256594230118180  0.52345726795198522  0.53371930593323880  0.54375232709604504
  0.55349609513808307  0.56343797555064912  0.57376255583835267  0.58407796659229971
  0.59437150907453606  0.60479112394673529  0.61534684780964755  0.62551269451338676
  0.63448575631404514  0.64269086866392466  0.65036159900271173  0.65898855112195887
  0.67012644748286920  0.68164906795870817  0.69319742937228590  0.70509328957527295
  0.71617204200478268  0.72696088739261089  0.73665251085138006  0.74668530941431410
  0.75768768245844564  0.76804878598503923  0.77818595850028272  0.78904169528670021
  0.80017059218312669  0.80979740081564899  0.81959045055016100  0.82892023362823131
  0.83792119481898952  0.84722003537417989  0.85630154390199742  0.86513550024491714
  0.87529811299332283  0.88646133454086151  0.89768919359696919  0.90923627769949900
  0.92118689262569564  0.93281529904449356  0.94464585137124268  0.95592209751993396
  0.96647401774559349  0.97709243066622298  0.98902071963830851  1.00000000000000000
 -0.00231043210405472  0.00870803840461021  0.01940045100255007  0.02951421852823887
  0.03660198960198640  0.04478950690361139  0.05426683083287411  0.06366822037995916
  0.07368213300382655  0.08568697973530971  0.09819589705328380  0.11078206333729639
  0.12289958951788023  0.13498223034113513  0.14677045458361362  0.15592539153738050
  0.16527082265785284  0.17447884595427171  0.18365636030398780  0.19405372186269879
  0.20437960270153938  0.21550682421605935  0.22672236354966163  0.23707111820792792
  0.24626572007811875  0.25465172112799689  0.26414866637106704  0.27417107877388391
  0.28549754680747758  0.29677814442347239  0.30794129915369728  0.31866018965186210
  0.32869259301968046  0.33879525199730492  0.34834553432754228  0.35740946212172559
  0.36655793030521056  0.37520471029764602  0.38584839402756221  0.39620460994778911
  0.40693048005579996  0.41827706449584717  0.42990567670431779  0.44115214822185328
  0.45282907121904015  0.46490688857056284  0.47675780306177096  0.48793958823606309
  0.49827085827606066  0.50829408595974512  0.51837255408507654  0.52921371414716567
  0.53996153404000624  0.55123245941808119  0.56266159382884395  0.57382746941660390
  0.58394683953324977  0.59337651852157836  0.60316318312973205  0.61454207664917038
  0.62652343459767279  0.63786673774655778  0.64830324329563549  0.65819335582359739
  0.66801603107325824  0.67825524920317792  0.68906910247177544  0.69973924428016521
  0.71061113387711350  0.72171304130392866  0.73144486858863544  0.73945120341788895
  0.74757682622552424  0.75560705011972684  0.76367766934032932  0.77384886103690986
  0.78650779900623013  0.79933275504437518  0.81213222964452825  0.82464510761757714
  0.83677933101304613  0.84839259903472908  0.85890117171810321  0.86951105181259958
  0.87980849601860756  0.89075513202446810  0.90307419479003292  0.91534049002998141
  0.92630635873994105  0.93788151375146600  0.94990468821227148  0.96130417664928269
  0.97110593867580319  0.98071740698127285  0.99012388950259222  1.00000000000000000
  0.18654590874372359  0.20128141354122051  0.21847498758174971  0.24331205345635623
  0.28375648226173916  0.33543081138796760  0.38817156696397170  0.43405160573844442
  0.47662768242439024  0.51634616330874172  0.55004823893810117  0.57744731132244009
  0.59993759960535931  0.61677971238268514  0.62861963905563567  0.63711159762144898
  0.64410334147818393  0.65031954024136718  0.65597831041861909  0.66121921896545810
  0.66571064351862219  0.66940913116881362  0.67236560674090950  0.67473198337675777
  0.67675491488313044  0.67869017889073757  0.68052386319270242  0.68196645165418190
  0.68310380311791363  0.68412192771624758  0.68498365866025768  0.68585281730909398
  0.68686797379499109  0.68785640182007568  0.68871445240531670  0.68951520672843258
  0.69027521386722901  0.69099888237825968  0.69168281432567735  0.69232897004095373
  0.69295107517651455  0.69355356659082834  0.69410500083667004  0.69459256398132818
  0.69505830720699868  0.69553480682476265  0.69603706855044456  0.69654260023341807
  0.69706695325458312  0.69758394301408932  0.69809243404016807  0.69860535722866657
  0.69915672847337407  0.69966482519936446  0.70013814970625088  0.70062219485508237
  0.70111147248179773  0.70164582613769289  0.70220206553656561  0.70275667152809995
  0.70331688600004982  0.70386052399457621  0.70440184468701872  0.70499119188395865
  0.70563048995595790  0.70621737364287995  0.70676599422408803  0.70736082935629763
  0.70801825409884933  0.70878888068693346  0.70955480109219082  0.71021474852087518
  0.71094991228129456  0.71172332920919124  0.71244580660077472  0.71336588151561742
  0.71476221179638066  0.71613998428949432  0.71767779074206661  0.71938149208944135
  0.72113957972716181  0.72289072195149462  0.72457485544952682  0.72639683661064347
  0.72857282760391040  0.73131995778521108  0.73485573573501617  0.73912067395173153
  0.74411902984427969  0.75035838208866568  0.75805325900823595  0.76770050634342835
  0.78099042225975956  0.80010743459327771  0.83812832654141212  1.00000000000000000
   2.4156326890685968E-009  -1.0000000000000000     
 F F F F F F F F F F F F F F F F F F F F F F F F F F F F F F F F F F F F F F F F F F F F F F F F F F F F F F F F F F F F F F F F
  <DiscreteSampler_grid>
  grouped_processes
  1 # 1 for a reference and 2 for a running grid.
  10 # Attribute 'min_bin_probing_points' of the grid.
  1 # Attribute 'grid_mode' of the grid. 1=='default',2=='initialization'
  0.0000000000000000 # Attribute 'small_contrib_threshold' of the grid.
  0.5000000000000000 # Attribute 'damping_power' of the grid.
 # binID   n_entries weight   weight_sqr   abs_weight
    19   10   1.053797047876505E+006   1.010250810556566E+013   1.053797047876505E+006
    22   10   1.053797047876505E+006   1.010250810556566E+013   1.053797047876505E+006
    25   10   1.053797047876505E+006   1.010250810556566E+013   1.053797047876505E+006
    28   10   1.053797047876505E+006   1.010250810556566E+013   1.053797047876505E+006
  </DiscreteSampler_grid>
