 -0.00933181193769080  0.08505201103219363  0.13669818958110633  0.17799955134013096
  0.21562145170690758  0.24906053271926415  0.27795729966271276  0.30484912495463190
  0.33120048753553061  0.35681072242806056  0.38095683057202245  0.40251555759714674
  0.42214322100310864  0.44208125647993773  0.46372208392943615  0.48375296469071294
  0.50201241684337927  0.51920566158399295  0.53553277703771218  0.55158666105776255
  0.56721600344398482  0.58290438875175088  0.59777244279029529  0.61146727124806155
  0.62525820502590501  0.64011446451618559  0.65433321114573784  0.66649288075661373
  0.67744798506263604  0.68802098538671974  0.69995795862351096  0.71172711203709860
  0.72320626930604837  0.73417363142940473  0.74467111947324627  0.75458502539636330
  0.76417442667990121  0.77307285685790472  0.78248050970547978  0.79178862059619515
  0.80031444045791000  0.80909941582794831  0.81687666054992658  0.82466684928296319
  0.83289520534531181  0.84102677718657526  0.84738806609948147  0.85191530598640453
  0.85572877359722621  0.85974715449774886  0.86421611410900623  0.86911856172938096
  0.87492816736707690  0.88074097440038257  0.88619415869590301  0.89119139021787830
  0.89586536137014627  0.90011670945337430  0.90401200203103049  0.90812725149186468
  0.91220587687884513  0.91637897645454935  0.92082140166183402  0.92500696435817253
  0.92845701234286127  0.93195082676461127  0.93519761318465078  0.93786884287736927
  0.94066883239078014  0.94321991676245764  0.94564994766760591  0.94806345144894677
  0.95058964045775951  0.95327423761636421  0.95611432576622235  0.95899705650890343
  0.96165401647422999  0.96453221348654838  0.96749966597163428  0.97026609994809754
  0.97255023300820653  0.97472425194710632  0.97681301861474912  0.97866010138328874
  0.98030594894929746  0.98171747458663283  0.98300827121172407  0.98444062332071758
  0.98584134869599360  0.98729233160103747  0.98877628058551237  0.99029340253397613
  0.99218371221783241  0.99376500779171917  0.99507106198150452  1.00000000000000000
  0.00000000005007482  0.00000000005395852  0.00000000005664296  0.00000000005898772
  0.00000000006120971  0.00000000006322371  0.00000000006514320  0.00000000006757070
  0.00000000006980258  0.00000000007176708  0.00000000007375131  0.00000000007569741
  0.00000000007778901  0.00000000008002038  0.00000000008233998  0.00000000008449645
  0.00000000008676941  0.00000000008904995  0.00000000009125577  0.00000000009503443
  0.00000000009892016  0.00000000010255402  0.00000000010560841  0.00000000010897811
  0.00000000011243012  0.00000000011571265  0.00000000011873759  0.00000000012157713
  0.00000000012426846  0.00000000012837913  0.00000000013344293  0.00000000013932633
  0.00000000014575675  0.00000000015233424  0.00000000015876083  0.00000000016515446
  0.00000000017202310  0.00000000017923779  0.00000000018737831  0.00000000019604505
  0.00000000020501668  0.00000000021422088  0.00000000022435699  0.00000000023557915
  0.00000000024734960  0.00000000025924458  0.00000000027128314  0.00000000028385709
  0.00000000029675035  0.00000000030865905  0.00000000032116430  0.00000000033291739
  0.00000000034577726  0.00000000036048106  0.00000000037717892  0.00000000039864597
  0.00000000042263443  0.00000000045053561  0.00000000048113061  0.00000000051264741
  0.00000000054272848  0.00000000057676012  0.00000000061618713  0.00000000066166943
  0.00000000071460074  0.00000000077138141  0.00000000082907093  0.00000000089754805
  0.00000000096131787  0.00000000103861417  0.00000000112929559  0.00000000124235969
  0.00000000136505186  0.00000000150402423  0.00000000166569311  0.00000000184906089
  0.00000000204551834  0.00000000234726152  0.00000000280057080  0.00000000338364439
  0.00000000406733167  0.00000000497717366  0.00000000623966526  0.00000000814070762
  0.00000001087872972  0.00000001511348958  0.00000002204859343  0.00000003873736200
  0.00000013928996401  0.00000061942670547  0.00000306995370880  0.00002228225219229
  0.00025545887482851  0.03641226589331427  0.62032975176084459  1.00000000000000000
 -0.00251026923892183  0.00963490440598310  0.02149877088755297  0.03386982545816501
  0.04638666836857604  0.05823899106115131  0.07010851776176080  0.08177755268016310
  0.09348547511442655  0.10487203585475234  0.11630042221336724  0.12684396179756907
  0.13648579665441188  0.14607254351473625  0.15612276001538358  0.16766540480962119
  0.17956806256901864  0.19079982802621889  0.20193459631991995  0.21218557705538812
  0.22215511414932840  0.23226651591839284  0.24297621573851930  0.25451981280268648
  0.26621270696668831  0.27764122995778806  0.28815254819872788  0.29735881522269536
  0.30468595500590329  0.31163151849607651  0.31985782422750125  0.32821873767692206
  0.33561787002044641  0.34462473562976315  0.35606369749142064  0.36624008878257142
  0.37604142944661606  0.38571689857409758  0.39636260998223311  0.40622613689355580
  0.41504331138115880  0.42362851242401728  0.43329210688833342  0.44420476124773561
  0.45523080606473781  0.46588890327979227  0.47680677725120796  0.48722733201275858
  0.49752732860935628  0.50807880153470530  0.51828065151062630  0.52832375788636554
  0.53855015338096024  0.54852058187342811  0.55878476251426246  0.56949619293397757
  0.58092054034170326  0.59332842338992653  0.60543696921709977  0.61675497033257110
  0.62706860926233898  0.63694697594941319  0.64707382052810203  0.65786332843121009
  0.66904621058979685  0.68018226516162750  0.69133180677050987  0.70254548143001216
  0.71299513342488430  0.72253232476862395  0.73178971661820302  0.74140796533765241
  0.75171924005787838  0.76200826596044791  0.77255572777940251  0.78408967733838542
  0.79620968565549921  0.80835228759078881  0.81994537996738204  0.83110410846433513
  0.84211707501943545  0.85319474615862789  0.86418535239983330  0.87497267013206248
  0.88583979322948303  0.89593327502977682  0.90651896922271946  0.91725704175268208
  0.92933109147723070  0.94103715378571384  0.95214757425986807  0.96264946571343613
  0.97235408765095499  0.98146948524598854  0.99052804959436724  1.00000000000000000
 -0.00218832797322946  0.00912668340792229  0.01985133015822020  0.03147186575485290
  0.04364536810777557  0.05473465910914718  0.06538862523940280  0.07487177499679054
  0.08502463921954233  0.09546462464337666  0.10594458306256646  0.11679424681912880
  0.12693278298148353  0.13617962336977218  0.14568889296891491  0.15451166759540697
  0.16429041988455637  0.17522531672421540  0.18664571929649956  0.19687433985995151
  0.20566415057066481  0.21493147021679473  0.22443906536240946  0.23476284441339534
  0.24566478416523027  0.25661710281501010  0.26739855340929025  0.27780843294984364
  0.28775163042119400  0.29717717188483861  0.30721058180849770  0.31753911972708604
  0.32835623712454592  0.33897565487508818  0.34951542140769748  0.36019494624962611
  0.37042641774139967  0.38062297397433503  0.39193354638124400  0.40309149292604107
  0.41421405160210850  0.42462920800384324  0.43443236646740291  0.44473730443238563
  0.45556841505971596  0.46710071340642945  0.47951481729297590  0.49191128221964114
  0.50336944441571219  0.51399872406273484  0.52419313495734277  0.53379089838589344
  0.54389866569482648  0.55466534407833856  0.56570697333510700  0.57677571666194516
  0.58764704259818146  0.59855113493263579  0.60971111116661747  0.61973765864042285
  0.62856449952294224  0.63616306010241153  0.64365190830396601  0.65232067809928695
  0.66068865183299019  0.66931033206782387  0.67936686624117160  0.69073838247871455
  0.70169273294844026  0.71183409296496913  0.72244941972964283  0.73413754369258544
  0.74611476557921708  0.75760490031578998  0.76871431914302346  0.77965221084213032
  0.79064879628023921  0.80187860250112197  0.81305991858575111  0.82431577694978453
  0.83569927149450707  0.84745690434555809  0.85911897954514016  0.87047938268479930
  0.88108783074109487  0.89170092446817439  0.90264050012580077  0.91445995708756012
  0.92631359136711755  0.93764931852008493  0.94879772186520850  0.95932397471040776
  0.97008341607485948  0.98008688696413615  0.99059647494475100  1.00000000000000000
 -0.00224493773302995  0.00694178854037724  0.01634865824039395  0.02678721971073765
  0.03814321333677652  0.05011293760971382  0.06220953093564419  0.07403542355208471
  0.08533427621514791  0.09620777014420406  0.10689180655700650  0.11769099724921571
  0.12896046502193956  0.14064304349533246  0.15242304592401718  0.16396299471941733
  0.17541617220717082  0.18654373387858084  0.19703056506187139  0.20695474946747214
  0.21670553509602333  0.22695923770587215  0.23700649097662987  0.24663005199073784
  0.25592754227532055  0.26542461253283323  0.27557609586665222  0.28642527682321595
  0.29667693669366646  0.30601290447813922  0.31485555936735710  0.32328025289097795
  0.33243048291786287  0.34142621781229476  0.35137878431748543  0.36270224396812839
  0.37409910901583016  0.38535404088609948  0.39629684549287530  0.40776596285951094
  0.41860016289405333  0.42974708420496349  0.44125586454170457  0.45260619044156308
  0.46429555658426797  0.47565746796303082  0.48780069803518489  0.49968056404650818
  0.51098708814601768  0.52225882022265069  0.53316631702704809  0.54345537322489790
  0.55339722458809359  0.56348843592094355  0.57408183104164079  0.58489243453213380
  0.59616000617222897  0.60776945218844314  0.61906758895571501  0.62963892251610831
  0.63984209043353535  0.65027310873054900  0.66125959419093583  0.67236386745930987
  0.68335080129687598  0.69431292543451584  0.70509221880450290  0.71562349223254595
  0.72564496773565101  0.73578921698110078  0.74622201737507832  0.75689384515679881
  0.76564999749618778  0.77354606099685663  0.78179315721160392  0.79064957304656858
  0.80122811339602018  0.81211722082951709  0.82230690245840876  0.83240059647198317
  0.84272977723577536  0.85352476602498561  0.86473355860980594  0.87617638653498364
  0.88748177136526940  0.89853126769320590  0.90949803054615885  0.91993854405965347
  0.92966228956821484  0.93956783980820924  0.94981744986239325  0.96100023078354491
  0.97180034521531589  0.98174703528684926  0.99114413637638166  1.00000000000000000
  0.18868909133375580  0.19378937556941331  0.20982807479598822  0.23595634493680218
  0.27496406994536854  0.32379593170396692  0.37435432956967452  0.42184979539256617
  0.46666681643938174  0.50878076394982996  0.54643561895132486  0.57605574067379439
  0.59560403581533927  0.60795898295813822  0.61756918321581011  0.62660281788001970
  0.63561002315729542  0.64275187870722350  0.64892674998103450  0.65415081372497519
  0.65913198533196105  0.66357914817574415  0.66747769662824641  0.67080572282864470
  0.67355539519103835  0.67574353127003062  0.67754140094698001  0.67920488693778325
  0.68084671395919028  0.68241383598164185  0.68380370786643485  0.68504758726951887
  0.68617939273120176  0.68720389300857077  0.68814501144487550  0.68899862959689540
  0.68983097737059873  0.69061433283827933  0.69134206417931732  0.69203247140942747
  0.69266628250473672  0.69323897196491957  0.69377910943794907  0.69430792540278596
  0.69486306846195756  0.69541580016798432  0.69594524345049491  0.69648848334550317
  0.69701224862189637  0.69751457274535500  0.69799025011829396  0.69846482749556005
  0.69894090140346887  0.69940903881842442  0.69988735120401113  0.70038817852783175
  0.70090480228758811  0.70145540549524921  0.70203428068257423  0.70261071920922202
  0.70315459269735026  0.70371194334656761  0.70435742341585128  0.70504892560542776
  0.70573092330757725  0.70642114532176192  0.70714392310765362  0.70789711472407135
  0.70874167619740258  0.70968674407180365  0.71061967940560933  0.71157003604610358
  0.71258591720087139  0.71366622278865233  0.71469413836255791  0.71558682132485396
  0.71654085655086275  0.71762050713573411  0.71894909691744646  0.72075474800386818
  0.72273990600986682  0.72481140240184094  0.72714116541227758  0.72990415727518909
  0.73319852788751427  0.73654761327398255  0.73988380381553409  0.74378920498363454
  0.74868716655625722  0.75505487551398742  0.76325668762923748  0.77335693858684074
  0.78674209825476027  0.80532558120919906  0.84323787107157988  1.00000000000000000
   2.4703642338732395E-009  -1.0000000000000000     
 F F F F F F F F F F F F F F F F F F F F F F F F F F F F F F F F F F F F F F F F F F F F F F F F F F F F F F F F F F F F F F F F
  <DiscreteSampler_grid>
  grouped_processes
  1 # 1 for a reference and 2 for a running grid.
  10 # Attribute 'min_bin_probing_points' of the grid.
  1 # Attribute 'grid_mode' of the grid. 1=='default',2=='initialization'
  0.0000000000000000 # Attribute 'small_contrib_threshold' of the grid.
  0.5000000000000000 # Attribute 'damping_power' of the grid.
 # binID   n_entries weight   weight_sqr   abs_weight
    19   10   6.315706902686400E+003   1.143244187633270E+008   6.315706902686400E+003
    22   10   6.315706902686400E+003   1.143244187633270E+008   6.315706902686400E+003
    25   10   6.315706902686400E+003   1.143244187633270E+008   6.315706902686400E+003
    28   10   6.315706902686400E+003   1.143244187633270E+008   6.315706902686400E+003
  </DiscreteSampler_grid>
