 -0.01037699469284496  0.09253341303171908  0.14249777847773193  0.17755158022728193
  0.21298726609230625  0.24354909493321816  0.26867410260073338  0.29510534473619160
  0.32074623391983947  0.34338592672319718  0.36156292172445992  0.37779657361157332
  0.39469629233552983  0.41501291814149888  0.43492756934207805  0.45266523597349212
  0.46874759798345339  0.48369336498257565  0.49946241976694267  0.51610939610937889
  0.53231478091172624  0.54776323434989282  0.56221059641727211  0.57593052212607898
  0.58820021254706401  0.59768172454657709  0.60676211116163603  0.61681305528217700
  0.62848148075536892  0.63996424457104772  0.65166244300915266  0.66374619382568223
  0.67526418641982067  0.68579729529240008  0.69579531735922495  0.70516860573327289
  0.71227261204956904  0.71892632124359490  0.72515538401980029  0.73209874401721653
  0.74158088684448698  0.75067446324352416  0.75968810039746548  0.76845917645972261
  0.77754576286679844  0.78600038056221044  0.79424232574275755  0.80232324858726389
  0.81020742540766644  0.81750228518232249  0.82437341026942101  0.83153362043733303
  0.83884346662162712  0.84620161076340061  0.85334424219882821  0.85878835154209832
  0.86357038112151963  0.86809673259893283  0.87267876726822158  0.87775590375266310
  0.88305041496409387  0.88840752930370726  0.89324306387887142  0.89792763366835193
  0.90271504394147428  0.90743098455382176  0.91234434975075607  0.91694065645760869
  0.92139003984119416  0.92580240312272077  0.93028215871349107  0.93478328830190771
  0.93842766895865437  0.94220233726284219  0.94575449212491025  0.94903575261198347
  0.95284988688366812  0.95656950259979667  0.96007291001384876  0.96291617578256017
  0.96512408274904515  0.96700695639487333  0.96860068223398643  0.97021743740659250
  0.97188694215234317  0.97407141230877858  0.97609440193601471  0.97794450493204965
  0.97966577089647200  0.98149571679343117  0.98346383147576655  0.98559819218905920
  0.98831628889218404  0.99274744699535666  0.99567889251399233  1.00000000000000000
  0.00000000000490856  0.00000000000766919  0.00000000000991509  0.00000000001150750
  0.00000000001309992  0.00000000001478376  0.00000000001670461  0.00000000001862546
  0.00000000002042269  0.00000000002214790  0.00000000002387312  0.00000000002617675
  0.00000000002874592  0.00000000003120681  0.00000000003362901  0.00000000003648064
  0.00000000003954226  0.00000000004243929  0.00000000004546490  0.00000000004889298
  0.00000000005213890  0.00000000005530232  0.00000000005775687  0.00000000006019403
  0.00000000006261138  0.00000000006566079  0.00000000006933765  0.00000000007356144
  0.00000000007816983  0.00000000008313955  0.00000000008821880  0.00000000009309772
  0.00000000009817971  0.00000000010441479  0.00000000011037188  0.00000000011653578
  0.00000000012297934  0.00000000012939233  0.00000000013600033  0.00000000014289495
  0.00000000014953747  0.00000000015638854  0.00000000016374813  0.00000000017214568
  0.00000000018133632  0.00000000019119112  0.00000000020120902  0.00000000021209526
  0.00000000022417614  0.00000000023706449  0.00000000025121475  0.00000000026663985
  0.00000000028271076  0.00000000030024332  0.00000000031880933  0.00000000033706470
  0.00000000035597315  0.00000000037592489  0.00000000040083166  0.00000000043361270
  0.00000000047055123  0.00000000050936956  0.00000000055858536  0.00000000061272330
  0.00000000066672996  0.00000000072081740  0.00000000078461455  0.00000000085999513
  0.00000000096006654  0.00000000108582260  0.00000000122659348  0.00000000136350798
  0.00000000149877746  0.00000000165293980  0.00000000185816503  0.00000000211447942
  0.00000000246675051  0.00000000293185200  0.00000000347442302  0.00000000433216632
  0.00000000545879487  0.00000000712419243  0.00000000979307004  0.00000001385621023
  0.00000002142896421  0.00000003883452454  0.00000007784112380  0.00000018602393516
  0.00000050039566370  0.00000158279799746  0.00000522135231124  0.00001937771451421
  0.00008465497103291  0.00050656699326538  0.01254607046051973  1.00000000000000000
 -0.00286433078179156  0.01069666566056835  0.02226471415436788  0.03419412458987861
  0.04519364367681496  0.05593444724448133  0.06745817999551006  0.07858699807941710
  0.08854686552170789  0.09893429192360220  0.11072641438990558  0.12248757069128051
  0.13460324959282235  0.14691626500506733  0.15777809541849835  0.16774001250653647
  0.17706199964872388  0.18587561053781931  0.19643583963000841  0.20790746466734775
  0.22028123069651639  0.23321322328994748  0.24537953940504451  0.25701968638786998
  0.26822467814357276  0.27935633888854960  0.29020500314313180  0.30115502604594380
  0.31193068706977900  0.32237878890349103  0.33249526098734494  0.34253646287373357
  0.35325684047598122  0.36495662650724703  0.37693728932230142  0.38748946032195297
  0.39722038409432225  0.40687793131850714  0.41739174418457825  0.42859413695570447
  0.43975184811603690  0.45073642411616383  0.46191995371255545  0.47405987700035873
  0.48591641488086701  0.49603535988532110  0.50583384716635449  0.51472927828595938
  0.52051853954169613  0.52819230917647519  0.53395267198176510  0.53979516111066173
  0.54604675030563776  0.55372332510967692  0.56150361447471220  0.57083062663376816
  0.57967984097396397  0.58977702296830326  0.60070343437463480  0.61119103146807929
  0.62091402537118212  0.63048817492719333  0.64024191160882349  0.64996109167054650
  0.65929570379456781  0.66893326697370803  0.67921490712967836  0.69021111106905175
  0.70136343814177415  0.71204923250224417  0.72299370009009667  0.73382872253161413
  0.74454827683970182  0.75552636194196077  0.76731615368155681  0.77912713105504472
  0.79063610661488692  0.80159556505603746  0.81308435946172841  0.82553388152511542
  0.83864712461036461  0.85186584939470711  0.86372889613290749  0.87392588958126660
  0.88384014494911944  0.89387443657080756  0.90466420074481591  0.91460239058813497
  0.92451202604007654  0.93483380282131368  0.94650372975709562  0.95760772543893735
  0.96857383432651800  0.97868614260563547  0.98975765520172743  1.00000000000000000
 -0.00227776227544908  0.00940915495758294  0.02092229583170867  0.03143872079732867
  0.04206390580651861  0.05257889620274046  0.06405164094417438  0.07544332705767219
  0.08653898153990650  0.09823795723013504  0.11081028733625582  0.12255433690055953
  0.13313284015905058  0.14295596127656554  0.15392041360312636  0.16413940020167531
  0.17467726693085533  0.18200191423503193  0.19067640905332595  0.19897993740072722
  0.20812790313232238  0.21895953516778871  0.23047734024881666  0.24109414870180201
  0.25106009763857617  0.26137027588110218  0.27274345609324052  0.28465702502799450
  0.29558689802953014  0.30615838696483078  0.31705593053484765  0.32886383582280598
  0.34114719347896660  0.35331130674666295  0.36534470943411185  0.37750650382702161
  0.38976795955294097  0.40173648845039306  0.41290431985135151  0.42348567040765378
  0.43395832386683791  0.44332901605649333  0.45168470677706768  0.45993343562851458
  0.46783164416523459  0.47641489477518195  0.48614287632861197  0.49630336165533623
  0.50658911336776813  0.51561176454171787  0.52372971774155364  0.53196758139800826
  0.54100237971547094  0.55160558725348618  0.56316130021995647  0.57489617403197457
  0.58527761886984830  0.59451871774019571  0.60353358351806274  0.61233331718068085
  0.61959772088828469  0.62838274155224072  0.63793803280827155  0.64914043307350111
  0.66120760477093998  0.67294250924405818  0.68310389120583848  0.69221086653837560
  0.70197021245813962  0.71170131166446371  0.72143284008544750  0.73124060708634731
  0.74145449470175362  0.75218630343277704  0.76250842860253010  0.77299023561814872
  0.78422850045415937  0.79582815967779785  0.80729906900244286  0.81789433453228666
  0.82779075442202599  0.83882073854780026  0.85015580475263397  0.86206817921543311
  0.87366515978428338  0.88517931114782755  0.89633951218573138  0.90745573156091064
  0.91933635941317060  0.93119790361797272  0.94217351156000340  0.95270139044577429
  0.96292047361059396  0.97555786137963119  0.98703016780445207  1.00000000000000000
 -0.00253639926076191  0.00989004968760564  0.02131197937510592  0.03388687779951489
  0.04221770105640710  0.05118936773806557  0.06016421814225252  0.06877919120497364
  0.07886022050266510  0.09054785138982832  0.10239170795654964  0.11355918051843697
  0.12356134133340844  0.13217680452200589  0.14179399556010563  0.15292636733016313
  0.16437819994126332  0.17539262331825053  0.18566884969497513  0.19597031823781796
  0.20633467966803509  0.21640002857042073  0.22669081393329640  0.23826014126384515
  0.25018302869399406  0.26187036943311298  0.27318744209603713  0.28415709942820944
  0.29543826090456671  0.30697474580398548  0.31841197444515368  0.33019935014186086
  0.34144669774973130  0.35216921106663968  0.36210987348749318  0.37208817848102316
  0.38230468192500178  0.39239358307635874  0.40338898174627458  0.41429182572658624
  0.42582245564448740  0.43802606653705572  0.44944559343258406  0.46002590938253290
  0.46979862314150822  0.47876218768870882  0.48837883139359523  0.49812515469614516
  0.50840059137492766  0.51922812297491294  0.53021498422810487  0.54132486717838468
  0.55249112255504940  0.56388614886311295  0.57544560443975890  0.58692539215818651
  0.59771802242880234  0.60795714903177112  0.61688449118033450  0.62475671136323896
  0.63286355162361074  0.64143787703849775  0.65260308760957686  0.66464062836804461
  0.67608909889148017  0.68685300676501371  0.69717010168302818  0.70736730566172601
  0.71738308750720492  0.72709519211343721  0.73616337089641626  0.74610723095233034
  0.75787379968474933  0.76987538562657831  0.77911438013099710  0.78636515911390215
  0.79422817766336451  0.80270367392909103  0.81393111709545229  0.82589079954408606
  0.83758918696263074  0.84911158686033994  0.86033927037108493  0.87165613569538047
  0.88300452195621804  0.89416216952508887  0.90493382929430966  0.91488598597052273
  0.92479874908394788  0.93436407320890624  0.94546009783873408  0.95609674124416433
  0.96807430568722730  0.97966467885972952  0.98981469504464792  1.00000000000000000
  0.18426096179180107  0.21215480766701467  0.23256039567882764  0.25888940473545635
  0.29418018543760266  0.34020883159151211  0.38074306214816128  0.41437213214841762
  0.44913693219258793  0.48544704571109937  0.52323864282471588  0.55781366983831548
  0.58223453574814343  0.60064752966283252  0.61590636313071090  0.62651178316273448
  0.63528603316733623  0.64322805190610821  0.65045348414651039  0.65681227283084220
  0.66214643625206016  0.66649731984963623  0.66994606864892026  0.67272403901542333
  0.67496448741574000  0.67694061147733164  0.67865646795717072  0.68017876982406134
  0.68155838880253639  0.68298404575169880  0.68429449147556787  0.68545465457257659
  0.68638301857006045  0.68728812530635408  0.68812437338982635  0.68890334031702416
  0.68974774353551949  0.69051993638235898  0.69121975146917491  0.69180434876756336
  0.69224770500384125  0.69270496943071935  0.69316801614004431  0.69363911057007632
  0.69416207003658736  0.69471433244204839  0.69522956793560653  0.69569480546811069
  0.69613954935126454  0.69660716401097877  0.69711258942737775  0.69762983472033480
  0.69814664420075545  0.69865500242267009  0.69914044239647222  0.69951873696271216
  0.69988134400347313  0.70025344584261195  0.70066647955188033  0.70113277560862675
  0.70162579466593566  0.70213797814340873  0.70269529636206751  0.70330205864870654
  0.70384879658092303  0.70431360424203759  0.70479494322616676  0.70530058705177123
  0.70590636106952753  0.70666772875776396  0.70751089232849784  0.70841780818580957
  0.70940514357112883  0.71046585330026768  0.71157373624669651  0.71273181953394649
  0.71401654910872658  0.71541929777039281  0.71677032021443088  0.71817419842747277
  0.71975700120582908  0.72175980888813340  0.72401481628026843  0.72647374955721900
  0.72919690956043282  0.73245440577341747  0.73629376429913374  0.74084291106690969
  0.74613118921438326  0.75286800869395132  0.76082395270797676  0.77022448746709749
  0.78206974791986805  0.79958333770506840  0.83503602234304042  1.00000000000000000
   2.6768927318521383E-009  -1.0000000000000000     
 F F F F F F F F F F F F F F F F F F F F F F F F F F F F F F F F F F F F F F F F F F F F F F F F F F F F F F F F F F F F F F F F
  <DiscreteSampler_grid>
  grouped_processes
  1 # 1 for a reference and 2 for a running grid.
  10 # Attribute 'min_bin_probing_points' of the grid.
  1 # Attribute 'grid_mode' of the grid. 1=='default',2=='initialization'
  0.0000000000000000 # Attribute 'small_contrib_threshold' of the grid.
  0.5000000000000000 # Attribute 'damping_power' of the grid.
 # binID   n_entries weight   weight_sqr   abs_weight
    19   10   3.721210995456295E+005   7.162542673372992E+011   3.721210995456295E+005
    22   10   3.721210995456295E+005   7.162542673372992E+011   3.721210995456295E+005
    25   10   3.721210995456295E+005   7.162542673372992E+011   3.721210995456295E+005
    28   10   3.721210995456295E+005   7.162542673372992E+011   3.721210995456295E+005
  </DiscreteSampler_grid>
