 -0.01415636916464932  0.10490972388574163  0.16168594169905429  0.20358242826205036
  0.24275494077979543  0.27801105427299644  0.30850606295938698  0.33599365066359954
  0.36319777160310468  0.38858294575357039  0.41125837519853431  0.43092356449329988
  0.44885317543797393  0.46721050910777367  0.48777413441918921  0.50723216414244510
  0.52064824547998023  0.53376559196141971  0.55014608115258534  0.56667690995718800
  0.58200924533875609  0.59797366878218827  0.61279185622325183  0.62352944272007438
  0.63414263267613746  0.64532431025471249  0.65724210498315294  0.66870108983854670
  0.67994715615314349  0.69163641917480989  0.70267370790835737  0.71305100583650649
  0.72273264018664507  0.73295086715669155  0.74341239095483025  0.75364055349798675
  0.76322717011678542  0.77252866737305026  0.78161664126911989  0.79060713681192629
  0.79925886115682820  0.80797293138655990  0.81683896258444055  0.82504644224322943
  0.83209472645298632  0.83884786543805245  0.84570914980756906  0.85255985343317864
  0.85901240752804209  0.86479739654167354  0.86984200997559091  0.87447272188184533
  0.87928201078101131  0.88454406504819605  0.88984428835913765  0.89430957663043609
  0.89849061761364657  0.90262442102533780  0.90649138075363334  0.91053643832854059
  0.91425261693127735  0.91747779692570353  0.92049237000403117  0.92364683557833316
  0.92730221910062849  0.93123762713147384  0.93500271272676583  0.93831106618034965
  0.94130652959533190  0.94420143571769433  0.94693795419748394  0.94932668121212438
  0.95127921002328275  0.95310248946819331  0.95492611454991727  0.95684165217243211
  0.95870548085947660  0.96079989102791741  0.96305572216148638  0.96517803976632754
  0.96739613747492204  0.96952830246328159  0.97142514680347269  0.97332857958261132
  0.97516572063383888  0.97696295778361997  0.97899468318617466  0.98092599028232519
  0.98280541992477022  0.98465872489722162  0.98652353898950373  0.98835043015254898
  0.99026948067215881  0.99279648499572548  0.99503172804273166  1.00000000000000000
  0.00000000002576094  0.00000000003093706  0.00000000003474546  0.00000000003680806
  0.00000000003886650  0.00000000004101061  0.00000000004317498  0.00000000004524081
  0.00000000004726966  0.00000000004934707  0.00000000005144799  0.00000000005345906
  0.00000000005545674  0.00000000005741230  0.00000000005950180  0.00000000006207567
  0.00000000006464954  0.00000000006732980  0.00000000007002667  0.00000000007271147
  0.00000000007538977  0.00000000007833979  0.00000000008156914  0.00000000008477879
  0.00000000008798210  0.00000000009132997  0.00000000009473390  0.00000000009821159
  0.00000000010263812  0.00000000010746783  0.00000000011328791  0.00000000011986100
  0.00000000012661499  0.00000000013292150  0.00000000013901609  0.00000000014441129
  0.00000000015018860  0.00000000015573970  0.00000000016040431  0.00000000016529321
  0.00000000017039799  0.00000000017633422  0.00000000018326144  0.00000000019065140
  0.00000000019892059  0.00000000020773861  0.00000000021830996  0.00000000022841357
  0.00000000023801312  0.00000000024719255  0.00000000025613606  0.00000000026528359
  0.00000000027515561  0.00000000028406708  0.00000000029402757  0.00000000030551524
  0.00000000032029834  0.00000000033872510  0.00000000035808705  0.00000000037918239
  0.00000000039981111  0.00000000042141855  0.00000000044374598  0.00000000046529050
  0.00000000049124792  0.00000000052618802  0.00000000056432341  0.00000000060455381
  0.00000000065102907  0.00000000070275896  0.00000000075761901  0.00000000082045702
  0.00000000089787776  0.00000000098124706  0.00000000107427707  0.00000000118316603
  0.00000000132643431  0.00000000150843089  0.00000000164894483  0.00000000180780094
  0.00000000203686402  0.00000000240856467  0.00000000291316574  0.00000000354013012
  0.00000000439314874  0.00000000544265670  0.00000000702142357  0.00000001002900626
  0.00000001995138479  0.00000004415214976  0.00000016202061220  0.00000109164110255
  0.00000737237237243  0.00008853730306877  0.00731914122921758  1.00000000000000000
 -0.00252760000214695  0.00980934912608537  0.02025330753115592  0.03121307937436906
  0.04126722223121808  0.05228529396445935  0.06219774582352925  0.07241058758850066
  0.08225878997700790  0.09253500249378524  0.10310435648701023  0.11431270035825815
  0.12510600409379283  0.13555996740594395  0.14617446431071721  0.15813211783584824
  0.17084060817037708  0.18233109650336346  0.19420276801386477  0.20583494161216484
  0.21726355538240424  0.22844446831450899  0.24084346133869580  0.25247796554483842
  0.26142397724320071  0.26855081242407863  0.27602896261056420  0.28524479627012533
  0.29612832515453208  0.30738673340825390  0.31933798911496758  0.33177817967045364
  0.34358739698312224  0.35336920500519547  0.36200156624652335  0.37021126463458143
  0.37884649766994061  0.38920030199347838  0.39904985175077634  0.40889652992325920
  0.41923736663034961  0.42942263650684798  0.44016416799750879  0.45047941495160460
  0.46069617761128878  0.47100786625574398  0.48207806837071537  0.49297018145784149
  0.50316581236089331  0.51293726636581682  0.52337415647081986  0.53491816693141758
  0.54657870826802346  0.55865228441680270  0.57013006118103260  0.58095829300894009
  0.59145033790411039  0.60199647728157968  0.61324052343425861  0.62453827245120241
  0.63465632849299947  0.64396759889429223  0.65341028615072005  0.66316626027045822
  0.67278829529189954  0.68280162718808179  0.69307085736248852  0.70355505228364279
  0.71343685590783323  0.72318780562584251  0.73302167076610947  0.74376068196828671
  0.75412522669811821  0.76511347849760503  0.77644506521925372  0.78773209022373791
  0.79839233945247989  0.80835558774996841  0.81838388954339158  0.82862353317926563
  0.83830361240591966  0.84745323170361886  0.85683014307129635  0.86738476830170752
  0.87934408079476523  0.89169339113047097  0.90383287663305456  0.91570874638059452
  0.92712896969220382  0.93803208728888343  0.94786748674320209  0.95709298072892746
  0.96689109371424520  0.97726582772120230  0.98883889700566252  1.00000000000000000
 -0.00285525261538898  0.00987685165953435  0.02037099280789326  0.03018230414723318
  0.03986348758784951  0.04937430388556190  0.05869472241728015  0.06815470315867447
  0.07775474648199927  0.08787907518054158  0.09894517288172748  0.11052366761366732
  0.12279425077891327  0.13534503798545236  0.14766128747592341  0.15989692181662749
  0.17196430757785736  0.18363792443359800  0.19541145514322802  0.20625340850360283
  0.21672104010013685  0.22637597284788902  0.23599888575608277  0.24555778572027412
  0.25479632884404380  0.26466704025048260  0.27390913336200695  0.28216915239201079
  0.29020683536673064  0.29927928460651759  0.30990872103532119  0.32117770775837234
  0.33228571808426416  0.34308555091926723  0.35370158023350123  0.36447606705561691
  0.37515222382954022  0.38644697104905312  0.39712397903651742  0.40710154159604633
  0.41530492557492099  0.42354413610765695  0.43241299421663254  0.44283627380673912
  0.45487772030070345  0.46655485604141006  0.47772716702378243  0.48809800751853050
  0.49752313630978834  0.50732228956180403  0.51721494221272557  0.52855715242821844
  0.53965159378039562  0.55071471297727181  0.56200827201457237  0.57347534776710307
  0.58531608322696416  0.59698639692427080  0.60839539844225310  0.61911795860131336
  0.62966221462790717  0.64004016753694337  0.65005117373664745  0.66033349529967889
  0.67118777939646357  0.68300922310321033  0.69541124251674957  0.70720440079498748
  0.71790520956844484  0.72767111772271786  0.73765606803303674  0.74893397451300614
  0.76019897284520033  0.76991909981961404  0.77981213413378603  0.79087830880128085
  0.80209602067921826  0.81170914869458655  0.82005533485506554  0.82840091576550134
  0.83691330119049334  0.84554529682126189  0.85589830870598660  0.86847299680602807
  0.88050516995255013  0.89213596376427451  0.90376881186604685  0.91499182844921600
  0.92528870492493598  0.93646969744653086  0.94765151614807064  0.95841857119051366
  0.96793010922863354  0.97741597790446400  0.98817272397749489  1.00000000000000000
 -0.00242462490609331  0.00959820747853461  0.02008672127624998  0.03020475921585195
  0.03974614253283316  0.04883086567161170  0.05872093426934960  0.06987466095393181
  0.08098457264870337  0.09159438375011388  0.10212670112439583  0.11278134221757605
  0.12340345328202687  0.13349974495178904  0.14363154101525355  0.15371181798259342
  0.16378819949294929  0.17416260549891838  0.18490392013784321  0.19570281777868412
  0.20678170951245275  0.21798416347365143  0.22835361748009431  0.23860319630739951
  0.24911150548930730  0.25933638375209223  0.26970850611925934  0.28192891201934461
  0.29311664074568000  0.30357411602864254  0.31439366185292256  0.32509023080995181
  0.33494792437672338  0.34350289990257643  0.35103816822131328  0.35976736497800382
  0.36963718609292395  0.38024812497199512  0.39093077967053547  0.40203566947168567
  0.41181865285541452  0.42190251779035048  0.43166645630680411  0.44153918394536412
  0.45191217494779229  0.46077766544134302  0.47009261444835909  0.48018148633835867
  0.49110904624141682  0.50288421131891214  0.51404270597690993  0.52453704304207516
  0.53494787480002481  0.54616996197771406  0.55725767368585799  0.56817078369426821
  0.57883282358070953  0.58995350692118098  0.60159208263617325  0.61323819157926585
  0.62402774238761693  0.63458136189990810  0.64560878397870680  0.65694275735231378
  0.66873578789736610  0.67986687557197134  0.69025754577651754  0.70001733377230857
  0.70992739598476973  0.72049926828960453  0.73172939766410083  0.74241302413549559
  0.75201794079830442  0.76154127091011892  0.77140048565009467  0.78168094564146462
  0.79143425434782444  0.80060411192629044  0.81017672878616098  0.81933875109577181
  0.82856075169400323  0.83893871853895052  0.84986567723951700  0.86262867612132210
  0.87541081167129053  0.88726358623751611  0.89902763921321827  0.91086308867113341
  0.92203349349915442  0.93239744128320323  0.94308281126108640  0.95441330122091328
  0.96718302933487199  0.97873591592727327  0.98937811905230677  1.00000000000000000
  0.18441565162568460  0.20766341816626463  0.23136964898185103  0.26794485214789177
  0.31503337645691792  0.36577105444296787  0.41370266814780826  0.45826473640067150
  0.49405651346454799  0.52553035751943455  0.55247894066622905  0.57503655127264663
  0.59404211337840473  0.60923690846843526  0.62039153084243814  0.62909576326530348
  0.63694143460416752  0.64411909382902521  0.65173092079759987  0.65772522441661030
  0.66275792518396270  0.66679697435201168  0.67001553780934631  0.67269975497273826
  0.67498992425668702  0.67708502547555105  0.67885435843691022  0.68044775718455042
  0.68183292513593396  0.68312685575792464  0.68433538791051374  0.68547144518365766
  0.68655135693786662  0.68750780633470454  0.68835639868734722  0.68911196068251368
  0.68981100909793924  0.69047893217795564  0.69111969404001272  0.69178511663444608
  0.69245207594679115  0.69306731085894713  0.69363500013454704  0.69412676294064757
  0.69458764470005863  0.69503520295480070  0.69551783390777877  0.69603002141190173
  0.69654750971953650  0.69701069778047231  0.69743310332928876  0.69781772349708682
  0.69825452214025530  0.69875921386030393  0.69929029700910761  0.69984441759287019
  0.70035903271877487  0.70079899438291804  0.70123606260943117  0.70171838291344568
  0.70221316483304819  0.70269316634237589  0.70323147410308273  0.70385141695050901
  0.70450225240086117  0.70518132043799453  0.70589625217981555  0.70668706982953544
  0.70750453904389421  0.70834135812070831  0.70928603485541808  0.71031870789783935
  0.71145278347208984  0.71254536356168141  0.71370962148765982  0.71498927252259292
  0.71636810336537571  0.71774449317146327  0.71915515926183049  0.72079292839397946
  0.72272512716055926  0.72480842793431055  0.72698636133598427  0.72917449072658469
  0.73187712046641884  0.73520112678908212  0.73914072952650245  0.74351215840188933
  0.74792667017392556  0.75343303409749063  0.76019337064978121  0.76947163403183594
  0.78234012582856427  0.80140123964585419  0.83747481245510191  1.00000000000000000
   2.5529152591215572E-009  -1.0000000000000000     
 F F F F F F F F F F F F F F F F F F F F F F F F F F F F F F F F F F F F F F F F F F F F F F F F F F F F F F F F F F F F F F F F
  <DiscreteSampler_grid>
  grouped_processes
  1 # 1 for a reference and 2 for a running grid.
  10 # Attribute 'min_bin_probing_points' of the grid.
  1 # Attribute 'grid_mode' of the grid. 1=='default',2=='initialization'
  0.0000000000000000 # Attribute 'small_contrib_threshold' of the grid.
  0.5000000000000000 # Attribute 'damping_power' of the grid.
 # binID   n_entries weight   weight_sqr   abs_weight
    19   10   1.052629060653568E+005   5.065501528243526E+010   1.052629060653568E+005
    22   10   1.052629060653568E+005   5.065501528243526E+010   1.052629060653568E+005
    25   10   1.052629060653568E+005   5.065501528243526E+010   1.052629060653568E+005
    28   10   1.052629060653568E+005   5.065501528243526E+010   1.052629060653568E+005
  </DiscreteSampler_grid>
