 -0.01321279905537665  0.09927971441016514  0.15855686423627813  0.20084275526405207
  0.23763000341866905  0.26838023358816604  0.29596666260883281  0.32060955508527827
  0.34138903321710917  0.36190015556450805  0.38325575662532696  0.40482215667836186
  0.42500389433867830  0.44443298640522128  0.46413050818620899  0.48349104981200591
  0.50124491675650651  0.51840017771450764  0.53557774029230487  0.55263095539450602
  0.56980824841924427  0.58656307408095232  0.60235840786159744  0.61721790322679837
  0.62975453890807442  0.64134910870544937  0.65332542396549476  0.66582348703472893
  0.67804255277442260  0.68978039389422763  0.70111563109048347  0.71185313900735425
  0.72166791742329828  0.73147436952329314  0.74160683617978784  0.75218875956350462
  0.76302814041961053  0.77347858325075436  0.78361419721410630  0.79347822231256715
  0.80211242476745903  0.80910075283064598  0.81556286684423340  0.82137231568358593
  0.82755530549151879  0.83386880994698698  0.84033228481231492  0.84661979695084311
  0.85297956114705820  0.85938413254459967  0.86587681679363926  0.87254177077157680
  0.87911833989581389  0.88475099927307077  0.88949981522970123  0.89406645454513456
  0.89884404990598554  0.90357065730274300  0.90802432390629928  0.91191235021337635
  0.91531200764807008  0.91884643038875180  0.92228880773452793  0.92585270454402169
  0.92947650439278373  0.93288788604101014  0.93613512449289171  0.93934897111484994
  0.94321745288974790  0.94723527673683006  0.95100995121896326  0.95431626134620884
  0.95694058896316669  0.95906491863557808  0.96136408706369891  0.96408229497800790
  0.96698635416493406  0.96974897241427616  0.97229070303093301  0.97487528470477158
  0.97619340139858013  0.97721944341319367  0.97805825587284845  0.97884715359631747
  0.97969317630991104  0.98076045314408555  0.98194441435644719  0.98325307452123822
  0.98447268757250139  0.98555804927609003  0.98669010476045504  0.98823509204393412
  0.99021975749477253  0.99245627921368940  0.99500371728087211  1.00000000000000000
  0.00000000002769697  0.00000000003060130  0.00000000003264040  0.00000000003382242
  0.00000000003500443  0.00000000003609288  0.00000000003710279  0.00000000003811270
  0.00000000003920811  0.00000000004030976  0.00000000004162952  0.00000000004330306
  0.00000000004530295  0.00000000004756093  0.00000000004985805  0.00000000005214431
  0.00000000005427352  0.00000000005625175  0.00000000005811240  0.00000000006120622
  0.00000000006458692  0.00000000006784467  0.00000000007089962  0.00000000007386423
  0.00000000007669513  0.00000000007949210  0.00000000008248001  0.00000000008578180
  0.00000000008885261  0.00000000009179379  0.00000000009473611  0.00000000009790458
  0.00000000010122087  0.00000000010547169  0.00000000010884286  0.00000000011169882
  0.00000000011581429  0.00000000012060082  0.00000000012520679  0.00000000012977131
  0.00000000013494508  0.00000000014021408  0.00000000014522694  0.00000000015056509
  0.00000000015699724  0.00000000016482956  0.00000000017413336  0.00000000018488923
  0.00000000019438880  0.00000000020333048  0.00000000021308807  0.00000000022264158
  0.00000000023370119  0.00000000024791160  0.00000000026345337  0.00000000027704244
  0.00000000028849873  0.00000000030190540  0.00000000031691119  0.00000000033232893
  0.00000000035369967  0.00000000037663966  0.00000000039816175  0.00000000041975019
  0.00000000043566929  0.00000000045020059  0.00000000046690916  0.00000000048549155
  0.00000000050135177  0.00000000051606832  0.00000000054547236  0.00000000059298035
  0.00000000064242689  0.00000000069971358  0.00000000076917823  0.00000000085028543
  0.00000000094451321  0.00000000105727619  0.00000000119248311  0.00000000135409341
  0.00000000155634587  0.00000000187440971  0.00000000226613497  0.00000000286677546
  0.00000000375473076  0.00000000501484632  0.00000000681527512  0.00000001107173277
  0.00000001947069233  0.00000006211456416  0.00000026462328094  0.00000170609944037
  0.00001856765888086  0.00037653907988878  0.14755486984460653  1.00000000000000000
 -0.00253230008093147  0.00992992257602494  0.02174970517655408  0.03332170744257479
  0.04393550820506800  0.05464275505872088  0.06539892058737250  0.07647955527070127
  0.08738564708981986  0.09793514471947476  0.10869139544338831  0.12007996363408840
  0.13192208021944563  0.14384417119264239  0.15571687438956630  0.16731391888467209
  0.17838460304901288  0.18883433748736289  0.19828958770430513  0.20794079954750175
  0.21810333779490962  0.22828869063680049  0.23907682486592824  0.24978413489035686
  0.25920604098454986  0.26830060210270795  0.27667982076308040  0.28590864171485064
  0.29517860797359907  0.30704739984578705  0.31842445088539006  0.32948316000991962
  0.34019301536871538  0.35164338586069144  0.36418608468536812  0.37436076174895555
  0.38350730383924081  0.39163672207748129  0.39925442414987211  0.40825280007381076
  0.41902311726646013  0.43085546580789069  0.44302738741544978  0.45557093645660540
  0.46775826190350661  0.47994872897210178  0.49219845150622749  0.50423722533252791
  0.51638170586898968  0.52849578111735629  0.54133444461974645  0.55385031377394367
  0.56533061825601727  0.57584248506573577  0.58595879594392986  0.59539024855744926
  0.60198491323091263  0.60856330292757999  0.61548597925278681  0.62296623603822887
  0.63304074977476477  0.64542059428333065  0.65707700999025254  0.66761799083639928
  0.67778044631448520  0.68753374151892921  0.69715779998753957  0.70697611826067519
  0.71687315493202519  0.72721295535449382  0.73729150665986487  0.74699501882143737
  0.75702670678250650  0.76706531374912534  0.77738225835858688  0.78877864492397964
  0.80067767558105418  0.81326769109351427  0.82556378204104153  0.83672289858058668
  0.84784653466069504  0.85913422131188133  0.87041301995238740  0.88154969399011152
  0.89089948242239514  0.90078915762335443  0.91117313929938171  0.92119470303132645
  0.93059479569834391  0.94074430994874358  0.95144537230031745  0.96142427719282431
  0.97065222453906141  0.97966776222760721  0.98886829580443836  1.00000000000000000
 -0.00270740717537890  0.01043805534348537  0.02222008390278148  0.03344958227597965
  0.04412004494728991  0.05405855900677223  0.06398990848812634  0.07438655485664709
  0.08538190738799981  0.09687527523453797  0.10763019801114487  0.11750003331635320
  0.12676610120163037  0.13654508649367203  0.14694388563237090  0.15664910775086241
  0.16594180704348646  0.17518612863139157  0.18455689991812815  0.19484966475255525
  0.20561808572059567  0.21659406919399926  0.22806244234472994  0.23947506877677638
  0.25015025674733193  0.26053359301636392  0.27140399619252997  0.28167777303862568
  0.29179626990794061  0.30229480264022135  0.31400004862678355  0.32317022680034846
  0.33043210157467834  0.33712471292437179  0.34502314222635705  0.35300809968979846
  0.36144213874401182  0.37178736120398570  0.38351517065428947  0.39521769317460326
  0.40701664934800935  0.41878132261032752  0.43023738982584864  0.44109972864463953
  0.45054755941669894  0.46050797220351625  0.47145343731511546  0.48125455470019829
  0.49094019732962157  0.50159030193689935  0.51140752367929077  0.51981014312179064
  0.52850846152216957  0.53765044486831604  0.54733874837578267  0.55482833227964667
  0.56493167683684087  0.57626648709827288  0.58656541203237167  0.59664629334980912
  0.60698041463963981  0.61791950750158686  0.63003473304336433  0.64270867679554089
  0.65481588857707451  0.66686815334613281  0.67889274639339037  0.69103510371110355
  0.70283362721577347  0.71350715507837492  0.72416944520823601  0.73466524008211331
  0.74586586360779339  0.75792801200583548  0.76994300707124164  0.78192520413919242
  0.79365075366422433  0.80470401240166012  0.81476345554568042  0.82324957348564598
  0.83139330278633694  0.84042138166996139  0.85106035548590264  0.86292161255445698
  0.87505549778971581  0.88641451099126711  0.89706818098095276  0.90766843509014539
  0.91860818655592269  0.93002206462423120  0.94139836402462429  0.95282346703916865
  0.96469448237776112  0.97650384879982055  0.98797403096790282  1.00000000000000000
 -0.00204339038569099  0.00834567457878775  0.01647711968397293  0.02533027229974567
  0.03436070003858069  0.04391150258924419  0.05446427040456391  0.06527915218435026
  0.07617027358858341  0.08721311131418301  0.09902440740638252  0.11063715296078985
  0.12229965976641245  0.13431864877679803  0.14606007873919777  0.15751755355381164
  0.16871527818742682  0.18016697482039340  0.19184813506677426  0.20310162155794514
  0.21331542756801375  0.22328329026674831  0.23301860081275683  0.24345728572179776
  0.25512945753726041  0.26771993715549658  0.27940366093703689  0.28922007803312488
  0.29749929917317769  0.30464528498263288  0.31239072697801451  0.32105219875296231
  0.32971343363478894  0.33898765271449549  0.34892862715894057  0.35824651492414250
  0.36864586516527981  0.37923448349291583  0.39006671885091132  0.40094998143144445
  0.41193172615079715  0.42372485179298691  0.43527848991795914  0.44543930401890269
  0.45466991728949957  0.46444180923012779  0.47508281327233193  0.48713534180468843
  0.49948832286519118  0.51136087834420862  0.52282213447276493  0.53465567224088051
  0.54717228762103165  0.55885554013771765  0.56759112521974442  0.57531167494407764
  0.58331255239381341  0.59122838533639765  0.59927796688403356  0.61013001981310122
  0.62201537992196643  0.63359376085867536  0.64390675966864797  0.65451837158504078
  0.66522556962470325  0.67643715315027242  0.68709243912162110  0.69730107298539667
  0.70786345157687403  0.71878577964687207  0.72960461159593071  0.74093516679203997
  0.75150620878557406  0.76154044429318324  0.77289613163377124  0.78444845204454550
  0.79494082990180348  0.80537198460836190  0.81586238489119711  0.82679238867413218
  0.83750460666634508  0.84793484954733167  0.85840128312937658  0.86903784591602751
  0.87998647482762882  0.89099232897342906  0.90177349800871565  0.91264206864651587
  0.92327356316913234  0.93396515735950492  0.94491794557815068  0.95593627894843369
  0.96649075739486179  0.97793295924072221  0.98921658048298289  1.00000000000000000
  0.18120337814173607  0.20137601390506643  0.22072907544953302  0.24029851160947621
  0.25991449978100989  0.31090377582440093  0.36354333748392753  0.40681294799469198
  0.44800783842049563  0.48443201653917439  0.51707752306022670  0.54180231234154808
  0.55857040932808921  0.57379707598286001  0.58673947914153513  0.59931415853214132
  0.61444130719615619  0.62839904098740584  0.63893987218099746  0.64613750131872083
  0.65137218920590123  0.65617442526107828  0.66058728170610903  0.66432755882147609
  0.66736779738435559  0.67002633337546780  0.67258555015331367  0.67503187052084312
  0.67731137688652465  0.67923814278782035  0.68092138403611191  0.68243207763658154
  0.68376814070606828  0.68491946517969771  0.68591371853544281  0.68683934002144365
  0.68771992455355724  0.68856035442390551  0.68925056089916859  0.68997012294535309
  0.69060591103953328  0.69116158961744045  0.69174219152798133  0.69227463843959058
  0.69280904251059461  0.69339354997409641  0.69398173427236864  0.69453429455119764
  0.69510525562131342  0.69566777132292879  0.69623767328946573  0.69681194464910345
  0.69737826972645889  0.69794856656716497  0.69852750985280676  0.69910583245213753
  0.69968856171166349  0.70024545192805765  0.70077131524202263  0.70132142936661668
  0.70188587271870295  0.70244650512860896  0.70310047385222474  0.70374471237679581
  0.70438065732599164  0.70502021666300652  0.70572685757128994  0.70649784463220122
  0.70735157438290608  0.70829005293040492  0.70924807532083722  0.71020974816185534
  0.71118282556588663  0.71218274296101092  0.71323589843351132  0.71436915389185762
  0.71568338086492145  0.71722478082178109  0.71900690868298944  0.72084261481570155
  0.72282983571808557  0.72496412759283091  0.72718931607157711  0.72971893111824249
  0.73246498949980310  0.73547734233641482  0.73931341112422488  0.74411186408803298
  0.74992273152980859  0.75694139258945858  0.76589217114655639  0.77743331114626724
  0.79030333784299578  0.80596455445916337  0.83878315878258580  1.00000000000000000
   2.5860597825061074E-009  -1.0000000000000000     
 F F F F F F F F F F F F F F F F F F F F F F F F F F F F F F F F F F F F F F F F F F F F F F F F F F F F F F F F F F F F F F F F
  <DiscreteSampler_grid>
  grouped_processes
  1 # 1 for a reference and 2 for a running grid.
  10 # Attribute 'min_bin_probing_points' of the grid.
  1 # Attribute 'grid_mode' of the grid. 1=='default',2=='initialization'
  0.0000000000000000 # Attribute 'small_contrib_threshold' of the grid.
  0.5000000000000000 # Attribute 'damping_power' of the grid.
 # binID   n_entries weight   weight_sqr   abs_weight
    19   10   1.725111967405555E+008   2.592987407664532E+017   1.725111967405555E+008
    22   10   1.725111967405555E+008   2.592987407664532E+017   1.725111967405555E+008
    25   10   1.725111967405555E+008   2.592987407664532E+017   1.725111967405555E+008
    28   10   1.725111967405555E+008   2.592987407664532E+017   1.725111967405555E+008
  </DiscreteSampler_grid>
