 -0.01265624613328399  0.09872675208541851  0.14995765642512909  0.18833515528449912
  0.22085835222703654  0.25075996241163617  0.28058789960472730  0.30948988666257671
  0.33565310065053172  0.35872684788871456  0.38026493636474051  0.39823141805442397
  0.41411939946058390  0.43091716421583037  0.44741783751905612  0.46240298344892339
  0.47751878832803574  0.49263840939161574  0.50793101350072056  0.52317889858205857
  0.53839078381076988  0.55303319182094979  0.56685041789097201  0.57988396432532163
  0.59248071229657229  0.60477938030276102  0.61675773071892415  0.62862342741860777
  0.64096117946366371  0.65278719536294050  0.66223036302844718  0.67149251463785542
  0.68045479555770549  0.69084367215502429  0.70122974697973017  0.71101195015673913
  0.72178137499469686  0.73164764937267779  0.74089037986434259  0.74831623588878315
  0.75555420860608369  0.76309321742790837  0.77157983284796827  0.78070367111542460
  0.78939350783637974  0.79720975795779458  0.80451957767520232  0.81151576322419283
  0.81828902163278372  0.82488356432322285  0.83124513672370803  0.83729108074383707
  0.84351082640254715  0.84966415287953301  0.85602955603223618  0.86267870262892321
  0.86944557131018185  0.87613722344712230  0.88283592568595959  0.88931297146213206
  0.89516893077528259  0.90013630255635779  0.90425761433157259  0.90792070970344529
  0.91169694439544657  0.91571220522885088  0.91975840327065950  0.92350355782290516
  0.92716857166508881  0.93091784837729741  0.93469387602350551  0.93865022604008908
  0.94292940870499364  0.94687234542719034  0.95064852651381537  0.95416707009675583
  0.95748332310917406  0.96051723653661858  0.96262528346157583  0.96470245471128824
  0.96673501735663614  0.96864397487762399  0.97052529438675283  0.97310386122667170
  0.97549279943828371  0.97784517403312654  0.98013735534944468  0.98227731071241675
  0.98421293555934297  0.98595933437859773  0.98724258961714051  0.98857728293716463
  0.99011405702204847  0.99213920800121203  0.99518137236511850  1.00000000000000000
  0.00000000002284006  0.00000000003226888  0.00000000003985232  0.00000000004594516
  0.00000000004935629  0.00000000005276743  0.00000000005617208  0.00000000005955288
  0.00000000006293368  0.00000000006632254  0.00000000006989369  0.00000000007346483
  0.00000000007709642  0.00000000008218417  0.00000000008727193  0.00000000009340198
  0.00000000009970114  0.00000000010583688  0.00000000011198156  0.00000000011818150
  0.00000000012443974  0.00000000013085206  0.00000000013831499  0.00000000014761190
  0.00000000015706723  0.00000000016659602  0.00000000017621519  0.00000000018649746
  0.00000000019690017  0.00000000020715658  0.00000000021757269  0.00000000022840789
  0.00000000024001966  0.00000000025296317  0.00000000026623521  0.00000000027951706
  0.00000000029634902  0.00000000031315419  0.00000000033203436  0.00000000035456685
  0.00000000037816656  0.00000000039662394  0.00000000041520287  0.00000000043418977
  0.00000000045401661  0.00000000047594317  0.00000000050321532  0.00000000053424385
  0.00000000056927804  0.00000000061317729  0.00000000066153481  0.00000000071001416
  0.00000000076080109  0.00000000081557800  0.00000000087095427  0.00000000093411595
  0.00000000100851091  0.00000000110687681  0.00000000122311166  0.00000000136062464
  0.00000000151697296  0.00000000167860506  0.00000000184678367  0.00000000204752663
  0.00000000230417918  0.00000000259180155  0.00000000289876684  0.00000000323835565
  0.00000000361212496  0.00000000410883934  0.00000000484804534  0.00000000574766997
  0.00000000676345617  0.00000000797118388  0.00000000960912705  0.00000001178591302
  0.00000001476819420  0.00000002000292257  0.00000002771673322  0.00000003773060035
  0.00000005774582092  0.00000009657242177  0.00000017675809955  0.00000031860865660
  0.00000061934376611  0.00000121842318587  0.00000256465492931  0.00000536480334364
  0.00001146331506378  0.00002504723184342  0.00006164520761648  0.00015799559722081
  0.00050647281445294  0.00236180341103070  0.04846073669459772  1.00000000000000000
 -0.00242787435378421  0.00936246615163297  0.02096994746470977  0.03223476334644752
  0.04308828273284718  0.05377182370970102  0.06467279253022189  0.07643935416817223
  0.08806769896158718  0.09964414466362087  0.11132134606369401  0.12306627710034596
  0.13472873043088074  0.14626844646399689  0.15809845302834688  0.16995466478030455
  0.18105238761101930  0.19203350617540738  0.20275691615161448  0.21314364571986671
  0.22351459245502289  0.23322595079807568  0.24255632334648672  0.25182014330798153
  0.26143192316631386  0.27137020507559367  0.28147800810534795  0.29190414506001250
  0.30260272305694152  0.31365692440376913  0.32522800541805336  0.33681891536150138
  0.34775257756687594  0.35810392196207536  0.36869805591754656  0.37983242681617935
  0.39076887045945857  0.40090070870052835  0.41066695612178755  0.42009434840215515
  0.43138735811652185  0.44298316333905308  0.45504529646961528  0.46619806329287666
  0.47751625529490982  0.48874777610195125  0.49996253696902876  0.51050402121012861
  0.51963591764190986  0.52838290271905985  0.53565744386985648  0.54310337126852948
  0.55122788953695601  0.56141522995216597  0.57167375964231781  0.58130319020470478
  0.59109113490640897  0.60138314683012495  0.61156914533334861  0.62136955362840185
  0.63115925896925895  0.64112738984410966  0.65133842258002128  0.66139975681130048
  0.67080554474017851  0.68047462733512076  0.69094034125872028  0.70214972016788757
  0.71397617417436066  0.72597917481221153  0.73785598795735063  0.74907893666576297
  0.76004559310160502  0.77035309061410184  0.78130058481102338  0.79266782648197964
  0.80309842034110013  0.81273575846265911  0.82271281562437792  0.83293969810837898
  0.84371361184199922  0.85306207738993189  0.86255048958091840  0.87251643513622867
  0.88344069116830415  0.89448411379377968  0.90535503549767937  0.91639983568602379
  0.92684003862903430  0.93734987789231083  0.94833361110349268  0.95996969938709154
  0.97048917576925442  0.98025142300252366  0.98972129681550403  1.00000000000000000
 -0.00210635182449289  0.00903266445429385  0.01855927210860992  0.02755337422727715
  0.03761413706633929  0.04938833959240335  0.05985047680127645  0.07019868155591563
  0.08026432130079965  0.09063201438134398  0.10105013986843528  0.11147403748937182
  0.12234866433951097  0.13291361877584804  0.14338785336752702  0.15474304752965870
  0.16710338612698153  0.18009098510170707  0.19192367407223596  0.20260681095373292
  0.21375834686921760  0.22306121227365602  0.23264157062818105  0.24208503124551520
  0.25185614384197402  0.26108573306505012  0.26895595094295172  0.27708336406672540
  0.28561326059449282  0.29453552814818257  0.30481472821221783  0.31607929004590418
  0.32763007754490014  0.33900130439965087  0.35002646029803636  0.36082864702893358
  0.37137113345058248  0.38119121242881754  0.39091736015708300  0.40092886736296907
  0.41199652679915616  0.42352280119205127  0.43443767465344790  0.44517308731843291
  0.45619097176587065  0.46758462317410643  0.47937277254896166  0.49044436932506097
  0.50121970838017893  0.51167432560294812  0.52067432942113723  0.52959003452667985
  0.53919266057528059  0.55032341193771339  0.56253389077009308  0.57381429543081319
  0.58457934205316986  0.59529348904187718  0.60656267632082939  0.61854630890635998
  0.63116584763811878  0.64309170992420506  0.65425520364748413  0.66548748465267071
  0.67705687323153385  0.68889674827859049  0.70002788780806902  0.70960989934506746
  0.71682799887723680  0.72374529294289502  0.73327328200346009  0.74375411107531797
  0.75406302987826213  0.76470728504499341  0.77563981242450308  0.78626549116984368
  0.79643903405220140  0.80659273776996443  0.81690950266871409  0.82829112520671577
  0.83981341522013075  0.85145947241801001  0.86316248065383194  0.87358184773702630
  0.88318719291261427  0.89253195134208574  0.90220306054625943  0.91240746181742005
  0.92308344144227295  0.93424134343393395  0.94509062483418194  0.95563821515801162
  0.96607200490613421  0.97717276341232895  0.98844911884706577  1.00000000000000000
 -0.00205620104776174  0.00765332056982521  0.01820248688739100  0.02920102419801555
  0.04065717110581323  0.05194960887460105  0.06191219284127789  0.07144005763706882
  0.08122544444278965  0.09205263550970090  0.10306413601369213  0.11319023812720452
  0.12234237850386177  0.13192328557055272  0.14241236435353691  0.15350478785924587
  0.16492741927289023  0.17613004776956470  0.18719737356024493  0.19774925784524433
  0.20779960685923460  0.21745651562663670  0.22626965174560854  0.23511290610725089
  0.24455785024570212  0.25481331278203356  0.26597943125761009  0.27641295157561890
  0.28734685655846093  0.29889266958860794  0.31092696504890793  0.32266053047412374
  0.33368412418609866  0.34396448096616800  0.35368373965513628  0.36384117528707910
  0.37460018928895744  0.38585430495053957  0.39728785968194286  0.40873580047723590
  0.42010826043345806  0.43106072146484598  0.44152299734544781  0.45188368725171285
  0.46250640194258341  0.47355284524636249  0.48527164208008944  0.49743997746164720
  0.50988931471882271  0.52256472865461046  0.53518691129074070  0.54726964208453766
  0.55889904768955445  0.56940876773187232  0.57955369127346468  0.58965032081919044
  0.60039932507683313  0.61110519637869654  0.62042791183661983  0.62844499445645086
  0.63673312129383908  0.64620039909001536  0.65695095655951197  0.66862405507743872
  0.68061112249688516  0.69227356239881266  0.70332931810166166  0.71403735787607747
  0.72459422328500511  0.73525728777100952  0.74610044014747434  0.75653603498999411
  0.76597172406308733  0.77530134223270852  0.78490852807642231  0.79427658980039129
  0.80382664725626995  0.81346756934638009  0.82344829750058224  0.83464410304156866
  0.84652810840306836  0.85778953766183053  0.86891361285471469  0.87932662184244936
  0.88992127933662457  0.89997108287886574  0.91007127519926023  0.92040263299825875
  0.93067705591401073  0.94121648449022954  0.95133722916824692  0.96036939309197344
  0.96962358232714341  0.97898215581808923  0.98835594922456771  1.00000000000000000
  0.18425283056020614  0.21315844659185507  0.23617155148665031  0.27298075426128676
  0.31705769388567784  0.37113606599941928  0.41722721003892271  0.46014401734086685
  0.49691758503846645  0.52867545054545406  0.55592051094407990  0.57898091503438776
  0.59879238752828179  0.61451860996657770  0.62616527898622143  0.63526420095337099
  0.64333585630364010  0.65033798265330967  0.65624128938779924  0.66115448507468288
  0.66513519803343557  0.66863147331182538  0.67168833926339355  0.67404206158658331
  0.67583358440589014  0.67751305295865916  0.67912727317314292  0.68075751902770965
  0.68224367275890496  0.68346795139449490  0.68452656110780630  0.68552027500590895
  0.68649420322817645  0.68746597031824064  0.68840967185787783  0.68929387342741855
  0.69008368003345744  0.69078787586130030  0.69144227793499180  0.69202551618525454
  0.69256237995377368  0.69304585561303600  0.69351298014371499  0.69394073649409738
  0.69438907762100655  0.69484587579410717  0.69531996138677565  0.69577656562549894
  0.69622616018933303  0.69668410780166778  0.69716046328672121  0.69764544298881082
  0.69811567214349590  0.69859448084542164  0.69907370987093786  0.69956575049436243
  0.70005739930338773  0.70054916798165301  0.70107462699477385  0.70160707700585978
  0.70207540150147307  0.70256905589162588  0.70306705846473228  0.70364006226473885
  0.70426568582434868  0.70493112183084905  0.70561747701835253  0.70629117371932437
  0.70697305708758729  0.70768364040399290  0.70853147053760102  0.70944416305229507
  0.71038804799414323  0.71141576430936648  0.71248006674765341  0.71361751550112007
  0.71490346265494875  0.71631510178484958  0.71797562548457061  0.71987841447579148
  0.72201385572592169  0.72419472338612423  0.72632843741431596  0.72869065524109033
  0.73145890398914770  0.73478040025613789  0.73869981623913272  0.74328385185854406
  0.74890474462450429  0.75567146129092200  0.76348888470233867  0.77316023631449293
  0.78533618134077543  0.80372838247028955  0.84049530847599052  1.00000000000000000
   2.5222515097758849E-009  -1.0000000000000000     
 F F F F F F F F F F F F F F F F F F F F F F F F F F F F F F F F F F F F F F F F F F F F F F F F F F F F F F F F F F F F F F F F
  <DiscreteSampler_grid>
  grouped_processes
  1 # 1 for a reference and 2 for a running grid.
  10 # Attribute 'min_bin_probing_points' of the grid.
  1 # Attribute 'grid_mode' of the grid. 1=='default',2=='initialization'
  0.0000000000000000 # Attribute 'small_contrib_threshold' of the grid.
  0.5000000000000000 # Attribute 'damping_power' of the grid.
 # binID   n_entries weight   weight_sqr   abs_weight
    19   10   7.753586779099730E+005   5.897014388898688E+012   7.753586779099730E+005
    22   10   7.753586779099730E+005   5.897014388898688E+012   7.753586779099730E+005
    25   10   7.753586779099730E+005   5.897014388898688E+012   7.753586779099730E+005
    28   10   7.753586779099730E+005   5.897014388898688E+012   7.753586779099730E+005
  </DiscreteSampler_grid>
