 -0.01316801417984797  0.09780601495342384  0.15193726167911056  0.19458012891427415
  0.23038938262657130  0.26484422726228940  0.29745451923508104  0.32721979732122042
  0.35099784482373464  0.37460427280067082  0.39678090651043002  0.41623018666751394
  0.43495459998781916  0.45506808874312299  0.47569111934905739  0.49381582471343316
  0.50839386003308895  0.52436495040410802  0.54106439426753394  0.55649445400439779
  0.57043200294818464  0.58303608973552201  0.59658518050579434  0.61024194925059949
  0.62416514320406191  0.63697158261664488  0.64903550359049722  0.66023773774114758
  0.67181904643799017  0.68259545318766646  0.69264026874839857  0.70184356067382769
  0.71072863318064150  0.72011097815652647  0.73011775008961188  0.73956643884581097
  0.74844364445565048  0.75716850364960164  0.76593997182114670  0.77436656942273285
  0.78158878393191378  0.78832600496507299  0.79492174167317919  0.80306568227807229
  0.81010677790636521  0.81714699064222529  0.82394312418964333  0.83129060496939911
  0.83903205216592025  0.84669574522590696  0.85394672002737426  0.86085285717748028
  0.86757637400427468  0.87404365950848195  0.88025243564939926  0.88617877548994950
  0.89172903749680521  0.89712920193320178  0.90193359338688373  0.90617541377154953
  0.90988994752389230  0.91320174821637978  0.91692087897704877  0.92061647478965714
  0.92403179490654064  0.92743385653999089  0.93078247327547836  0.93411678630767503
  0.93766946543155427  0.94122827231139483  0.94464525209642169  0.94779002779524757
  0.95068307987600020  0.95394144915149048  0.95671124109427885  0.95930143367190712
  0.96175425373148127  0.96401032691133659  0.96600929549391945  0.96804903335980785
  0.97002180066234223  0.97181059074446552  0.97386612504323777  0.97576882119455510
  0.97750052993298819  0.97911064784658353  0.98061692474017925  0.98199798487395096
  0.98340872578414240  0.98477186064553035  0.98629540649384251  0.98829039586431067
  0.99047561897534264  0.99307504990595596  0.99502464554090042  1.00000000000000000
  0.00000000000793221  0.00000000000955047  0.00000000001067509  0.00000000001170138
  0.00000000001270479  0.00000000001369146  0.00000000001476953  0.00000000001587668
  0.00000000001696679  0.00000000001850535  0.00000000002017382  0.00000000002190996
  0.00000000002361761  0.00000000002550489  0.00000000002762838  0.00000000002993138
  0.00000000003233742  0.00000000003480822  0.00000000003731597  0.00000000003951340
  0.00000000004160594  0.00000000004365387  0.00000000004625263  0.00000000004906820
  0.00000000005226395  0.00000000005586623  0.00000000005971334  0.00000000006381038
  0.00000000006816224  0.00000000007267437  0.00000000007717181  0.00000000008142896
  0.00000000008577576  0.00000000008974694  0.00000000009364504  0.00000000009659927
  0.00000000009871724  0.00000000010096482  0.00000000010344699  0.00000000010608515
  0.00000000010925313  0.00000000011288774  0.00000000012243305  0.00000000013062064
  0.00000000013781192  0.00000000014478731  0.00000000015276722  0.00000000016078830
  0.00000000017038868  0.00000000018128143  0.00000000019342416  0.00000000020688468
  0.00000000022127098  0.00000000023753434  0.00000000025350174  0.00000000026989210
  0.00000000028559503  0.00000000030138290  0.00000000031597109  0.00000000032999041
  0.00000000034429183  0.00000000036142689  0.00000000038368791  0.00000000040688177
  0.00000000043572506  0.00000000047778085  0.00000000052776326  0.00000000058119468
  0.00000000063883746  0.00000000070743178  0.00000000078549645  0.00000000087341088
  0.00000000097628261  0.00000000109397955  0.00000000122911063  0.00000000137108881
  0.00000000157472754  0.00000000181404272  0.00000000210358399  0.00000000240577284
  0.00000000277308424  0.00000000336538754  0.00000000415892181  0.00000000533914055
  0.00000000717258436  0.00000001129650978  0.00000002062510820  0.00000004459038961
  0.00000014675648358  0.00000060974382789  0.00000303687742062  0.00001883556152980
  0.00016829201133162  0.00763554415332384  0.60431957172210260  1.00000000000000000
 -0.00145275973892309  0.00688500445423172  0.01613182682531615  0.02460208376352077
  0.03339389889793838  0.04206977990039782  0.05083918566544530  0.06044531510802365
  0.07054416786882829  0.08110137251013481  0.09281688793107064  0.10456393800012441
  0.11591874991812728  0.12675919990609252  0.13783935802914024  0.14951122726432894
  0.16037995873684471  0.17113611333950837  0.18210671263570383  0.19371155919566546
  0.20490249576010533  0.21527258815733014  0.22586853190445927  0.23576751066918372
  0.24636478811227214  0.25649866350742673  0.26690594792404604  0.27747743378961087
  0.28932959113160861  0.30096885628908970  0.31305104998349015  0.32441050713662961
  0.33345915190864617  0.34120094624490122  0.34885395170980155  0.35833208534544286
  0.36922635327377573  0.37933605474473381  0.39006757990339508  0.40153118826476730
  0.41267123114245641  0.42281498996695710  0.43261777318594613  0.44291202492273912
  0.45449203071265559  0.46648065489207113  0.47796965671767233  0.48916360094412698
  0.49993453406745503  0.51063500852987376  0.52111753331086363  0.53038126527544172
  0.53875785064425141  0.54824254206556433  0.55901719720145215  0.57076436415678367
  0.58295162699765746  0.59498786251921909  0.60701327748514045  0.61897980114287898
  0.63050046492134881  0.64132863167444165  0.65195111443546816  0.66296172326591718
  0.67446451752562109  0.68561637886457272  0.69658325033810375  0.70686944010875108
  0.71639759228996824  0.72572655724649393  0.73519818935852255  0.74580131950531126
  0.75761040406497426  0.76926527561097080  0.77998244554293461  0.79006807903141252
  0.80086745327129349  0.81179007835860184  0.82257106553363390  0.83353282552808439
  0.84484846682509629  0.85647483219906484  0.86717846111224928  0.87665305454132136
  0.88608519520791051  0.89440135109732899  0.90379655682366689  0.91377545028343676
  0.92342171324201694  0.93449166791545402  0.94531115032838597  0.95695018593025671
  0.96817589377548496  0.97913533436189482  0.99007181253560028  1.00000000000000000
 -0.00202577230801170  0.00884688201105036  0.01936268769579156  0.02866115382942924
  0.03823072102697475  0.04782867310632268  0.05801674983997684  0.07025541182959261
  0.08301613349911861  0.09482980554834645  0.10626232622051235  0.11767804298655402
  0.12940780108836117  0.14091982740703798  0.15224089906837140  0.16302137731000096
  0.17337997639100919  0.18400271090538511  0.19308990788116065  0.20166862878678049
  0.21060703486343246  0.21932010235055843  0.22826871123847775  0.23835625320385026
  0.24910247477567282  0.25955529589453097  0.26962295299164341  0.27951645972909245
  0.29003504253344475  0.30084208302935089  0.31152476956741920  0.32256077455426513
  0.33327583241684361  0.34404224915942683  0.35510583990773498  0.36674749107327115
  0.37869898663966878  0.39095252247728546  0.40295579812522458  0.41420075508706866
  0.42548467422411834  0.43695656931366855  0.44900914895932542  0.46079629163614683
  0.47051414322574159  0.48072326992215919  0.49112810924305622  0.50082727825126661
  0.50956031291386816  0.51778831331475228  0.52692028108820210  0.53750396913734544
  0.54877106155140998  0.55991097599126727  0.57154765588895939  0.58302695385278835
  0.59379386204091200  0.60545607097350818  0.61767862530701523  0.62991523998782040
  0.64118096829262961  0.65091591426342721  0.66050697538513670  0.66914412844344795
  0.67851097545136196  0.68842400725741892  0.69830046230423204  0.70818019407008803
  0.71802186818021208  0.72848449856365582  0.74069601262676343  0.75345362394582260
  0.76499555756647775  0.77491182894127220  0.78423760824553579  0.79357948044160553
  0.80382301065365169  0.81477386872193436  0.82574081992917370  0.83694913149152139
  0.84857021975548763  0.86049462874289395  0.87265522497695336  0.88438112010425374
  0.89534109049102195  0.90581350113581427  0.91477668988264571  0.92424293293998505
  0.93317385221808624  0.94189224506770386  0.95041594554916331  0.95942432905775910
  0.96895665483231297  0.97857756650343986  0.98938410916642416  1.00000000000000000
 -0.00224715899077978  0.00900138971410610  0.01966750147314574  0.03081489918577285
  0.04172504912830060  0.05176288312455641  0.06222490920514304  0.07242259961030477
  0.08191951273216608  0.09112496448861387  0.10042837108559914  0.11062172460844347
  0.12148586391858052  0.13195386421490396  0.14233998973242948  0.15303828503829198
  0.16402132217304810  0.17516651371038616  0.18664012252167941  0.19867414994873189
  0.21096162807113522  0.22257025104305234  0.23346214176166888  0.24361888720699992
  0.25445769467837198  0.26384948781164319  0.27211404489078911  0.27968848666760449
  0.28730886821995311  0.29720013856800886  0.30840563049129910  0.31921513424567122
  0.33004122248880513  0.34094696459661611  0.35187493430070649  0.36247431357675453
  0.37361913742593711  0.38460150094017426  0.39436106705587332  0.40421409650733353
  0.41528239386532062  0.42714281709194396  0.43871406734674917  0.44969223669629965
  0.46002852144182171  0.47006595310384314  0.48105290608554457  0.49105039459257371
  0.50084285847356513  0.51172161896934376  0.52106751047261213  0.52862606492410313
  0.53667692856923455  0.54600024385777091  0.55666512434666038  0.56840592485345653
  0.58026764245034701  0.59114118427374451  0.60143411920305956  0.61121989009028677
  0.62074085932727285  0.63052416776950992  0.64088721254093006  0.65313105553859874
  0.66561940027648692  0.67761069799829532  0.68916328422483564  0.70025641322465593
  0.71124745267423883  0.72258458515044977  0.73340820204666446  0.74320483305464113
  0.75217108755062900  0.75973477151698443  0.76825567492169344  0.77856077262716261
  0.79002332952317855  0.80235438626774358  0.81395622174645776  0.82447160974138223
  0.83484380537707559  0.84525861627763577  0.85562891115666651  0.86601748235234610
  0.87652778661860886  0.88705884687299574  0.89797842296360042  0.90922226183014632
  0.92049774083614466  0.93221171617682352  0.94368962065197759  0.95568970422573440
  0.96811591682083886  0.98026650025955286  0.99067174691742754  1.00000000000000000
  0.18792984073034241  0.19692072555382209  0.21263907207347227  0.23650172559934735
  0.27101803383709222  0.31599663286486190  0.36478405567448213  0.41801753294532018
  0.46072089434623997  0.49195229895237719  0.51597165827007607  0.53607964692646271
  0.55785268937566401  0.58040060265417492  0.60072149335384151  0.61807933923884639
  0.63129901640133279  0.64040732807937784  0.64737340858119841  0.65310032845995947
  0.65855760012139808  0.66315012058393019  0.66674253378225734  0.66967855007944266
  0.67244301827925002  0.67488031335595855  0.67688605895715881  0.67861325017752339
  0.68013377738803893  0.68150355737357549  0.68284765951289250  0.68412402082526991
  0.68526553515494304  0.68631791839394496  0.68728932710183843  0.68820562648948813
  0.68909670434313963  0.68986088994778627  0.69051317019294656  0.69115966416459196
  0.69177470492966497  0.69236054674396219  0.69293255914031782  0.69348745780982901
  0.69397627219736369  0.69444548921226501  0.69491945664709487  0.69539664637824050
  0.69589708157719987  0.69639736880694036  0.69687885588223708  0.69736262545472816
  0.69783529353028617  0.69830750090458626  0.69876035186431351  0.69922332395415954
  0.69970081610018409  0.70021338663763288  0.70073314750091020  0.70124962485689146
  0.70175849864683948  0.70229294099660333  0.70284645659052969  0.70341323544793244
  0.70399610433675763  0.70461376097761341  0.70528687391354961  0.70596082747932232
  0.70665915085215258  0.70737617054683599  0.70813714233400404  0.70892964612502829
  0.70973844204076375  0.71065177462861051  0.71169117167183982  0.71288515564284960
  0.71426968180670902  0.71576072268350310  0.71733845514346362  0.71907768164373287
  0.72105674791168350  0.72317614528969443  0.72536422602575112  0.72770065898864345
  0.73011446265467794  0.73295555219316655  0.73643142712548515  0.74081433432493127
  0.74595105964244779  0.75212615177081854  0.75961474244674054  0.76910464961796376
  0.78176364852581137  0.80003472365360584  0.83702099194457857  1.00000000000000000
   2.6468361599866359E-009  -1.0000000000000000     
 F F F F F F F F F F F F F F F F F F F F F F F F F F F F F F F F F F F F F F F F F F F F F F F F F F F F F F F F F F F F F F F F
  <DiscreteSampler_grid>
  grouped_processes
  1 # 1 for a reference and 2 for a running grid.
  10 # Attribute 'min_bin_probing_points' of the grid.
  1 # Attribute 'grid_mode' of the grid. 1=='default',2=='initialization'
  0.0000000000000000 # Attribute 'small_contrib_threshold' of the grid.
  0.5000000000000000 # Attribute 'damping_power' of the grid.
 # binID   n_entries weight   weight_sqr   abs_weight
    19   10   6.634939700377785E+006   4.373903988646646E+014   6.634939700377785E+006
    22   10   6.634939700377785E+006   4.373903988646646E+014   6.634939700377785E+006
    25   10   6.634939700377785E+006   4.373903988646646E+014   6.634939700377785E+006
    28   10   6.634939700377785E+006   4.373903988646646E+014   6.634939700377785E+006
  </DiscreteSampler_grid>
