 -0.01091607846244225  0.09035023167991060  0.14157133310938172  0.18298196501260749
  0.21797544904752955  0.24854136001263977  0.27771254710703075  0.30419198726355678
  0.32801282592523640  0.35288503471308941  0.37706148731845957  0.39930820255440741
  0.41845480009202968  0.43785330811398537  0.45540523785803189  0.46900558371042445
  0.48477478840565624  0.50408730107737532  0.52323718866043967  0.54066811445502228
  0.55669740595415940  0.57215667732086162  0.58734945984200271  0.60259982666039213
  0.61714151365632863  0.63094100939672715  0.64397528717502661  0.65694317668881663
  0.67001282434866605  0.68220671374500652  0.69257288668568662  0.70255364497813499
  0.71270830663636364  0.72468247214767356  0.73644849848408156  0.74631383835599607
  0.75493756376462295  0.76367559210171942  0.77303230181051918  0.78114187308569016
  0.78885502117001294  0.79710860368210135  0.80622195068663782  0.81479164686787653
  0.82201039106396023  0.82859455488745393  0.83541375995639400  0.84191573039890588
  0.84833600334916415  0.85448001760055992  0.85959488361612868  0.86402162499373736
  0.86835840344547932  0.87327798559586856  0.87792760438857309  0.88210445081791500
  0.88603826777212269  0.89014899442531425  0.89487668493313222  0.90010588318283646
  0.90499283531995389  0.90942831440369198  0.91361298048623851  0.91770679904163854
  0.92169484027373261  0.92546905770355237  0.92925598045061319  0.93236745170718061
  0.93560186830799219  0.93879563559163948  0.94158208050826453  0.94418656465387840
  0.94690266065234796  0.94979826070367990  0.95296525177900826  0.95615118011855638
  0.95924005141119328  0.96216476701015752  0.96477958517250550  0.96731818145928883
  0.96965842870454122  0.97198169710160298  0.97442146797592455  0.97704873371620660
  0.97972825241288108  0.98219865712817434  0.98468853005825463  0.98640683442633259
  0.98745360749714528  0.98863602202487877  0.98984408456331330  0.99111537687838336
  0.99270012154512921  0.99451418925075064  0.99502171009436657  1.00000000000000000
  0.00000000002157267  0.00000000002321513  0.00000000002463044  0.00000000002602910
  0.00000000002741897  0.00000000002902360  0.00000000003081214  0.00000000003228193
  0.00000000003367380  0.00000000003484899  0.00000000003602418  0.00000000003731917
  0.00000000003861088  0.00000000003981996  0.00000000004103651  0.00000000004249335
  0.00000000004380501  0.00000000004493994  0.00000000004624968  0.00000000004766673
  0.00000000004909586  0.00000000005055020  0.00000000005219195  0.00000000005393653
  0.00000000005571068  0.00000000005776059  0.00000000006021100  0.00000000006281662
  0.00000000006532074  0.00000000006768683  0.00000000007033918  0.00000000007328103
  0.00000000007648330  0.00000000007986393  0.00000000008324799  0.00000000008748567
  0.00000000009183363  0.00000000009619967  0.00000000010061671  0.00000000010504815
  0.00000000010945338  0.00000000011426563  0.00000000011942699  0.00000000012501884
  0.00000000013106448  0.00000000013755811  0.00000000014407935  0.00000000015030592
  0.00000000015598892  0.00000000016173316  0.00000000016745909  0.00000000017287343
  0.00000000017873515  0.00000000018680824  0.00000000019799296  0.00000000020970051
  0.00000000021941375  0.00000000022882663  0.00000000023805745  0.00000000024522897
  0.00000000025475978  0.00000000027006945  0.00000000028829776  0.00000000030606657
  0.00000000032225283  0.00000000034295313  0.00000000036930491  0.00000000039894534
  0.00000000042778803  0.00000000045758700  0.00000000049153316  0.00000000053763206
  0.00000000059668369  0.00000000066522940  0.00000000073572127  0.00000000081239809
  0.00000000090201837  0.00000000098508446  0.00000000109188879  0.00000000123729643
  0.00000000143068474  0.00000000161783525  0.00000000183540233  0.00000000228327009
  0.00000000290356848  0.00000000367812025  0.00000000471760632  0.00000000662616005
  0.00000001040084152  0.00000001839810229  0.00000005394651522  0.00000025427078689
  0.00000255255521827  0.00004600371384490  0.00468518015035248  1.00000000000000000
 -0.00337307114545025  0.01236020335397067  0.02424699767964686  0.03452335669611844
  0.04367480300711048  0.05275349297620360  0.06401016366809420  0.07581302730069447
  0.08791147929653299  0.09961182502719200  0.11158884770215287  0.12314216726788334
  0.13447670762350422  0.14500407459455172  0.15568963630790875  0.16604163715427328
  0.17633666522324148  0.18615826310556249  0.19575328021686297  0.20511210652499570
  0.21497551498176817  0.22606097365372302  0.23790592346890935  0.24971845828899453
  0.26153109076739861  0.27360313856347229  0.28507662371389436  0.29570037712221031
  0.30551396065079289  0.31570625063930496  0.32695785443682751  0.33827976786729042
  0.34900145611589345  0.35935874254437083  0.36986430984194024  0.38083367672150531
  0.39294478570806080  0.40603827319092872  0.41807636541238641  0.42810269493389252
  0.43736348018959792  0.44626923575804778  0.45609696570414887  0.46695984037509936
  0.47706770153688682  0.48644768109742598  0.49557366805587394  0.50412495692375869
  0.51270196170344184  0.52173628300963104  0.53136390621383500  0.54147520285468498
  0.55151641432573528  0.56158433386116002  0.57196796190291688  0.58229338395950259
  0.59250369532329084  0.60195141399716123  0.61126467333014756  0.62013651322199859
  0.63043313970846515  0.64044415232947027  0.64988465222207370  0.65906906003857468
  0.66808448831371348  0.67901455248181741  0.69028618828531141  0.70084970204931274
  0.71075065829987594  0.72100380353879856  0.73212299781000756  0.74376782545054210
  0.75626357378385201  0.76907634658421442  0.78197975594010050  0.79500777623514984
  0.80523614506435792  0.81567035872226235  0.82557674773826373  0.83469603744139298
  0.84489111138819062  0.85607944569863348  0.86677058810264496  0.87680694220652133
  0.88683257858280407  0.89680911346039738  0.90751176129744981  0.91710695726413038
  0.92590061545533808  0.93564437459315286  0.94584894591440072  0.95692692904415333
  0.96803421628920927  0.97883632964411615  0.98955416787482642  1.00000000000000000
 -0.00244794043630966  0.00938855809113450  0.02003013564948479  0.03093414049268094
  0.04091226113865928  0.05171539047386649  0.06275943436463324  0.07545305205591428
  0.08692913301490277  0.09623449937965357  0.10573893294199016  0.11538806208713570
  0.12624863909227646  0.13708211245245236  0.14655978561004385  0.15531806939052192
  0.16408969567072323  0.17382380590377974  0.18460460433350856  0.19580549465806116
  0.20677190906817067  0.21729568849318481  0.22686283688451836  0.23537971782187417
  0.24406802297017174  0.25205600905624020  0.26040547216275578  0.26952075108868917
  0.27991839351687764  0.29021917176939488  0.30042266016119157  0.31080128169955790
  0.32132309550684424  0.33251985433666043  0.34425912653986618  0.35590402470474608
  0.36682971183635793  0.37727715044233412  0.38808741940459379  0.39993740892326446
  0.41201348258251463  0.42317689416297244  0.43330487779354393  0.44282347995809518
  0.45278870998172599  0.46312944751141832  0.47461215145959013  0.48635445696966723
  0.49816625450406155  0.50931224808005093  0.52044172590108906  0.53160918313808447
  0.54226619938599363  0.55141482492046179  0.56026749119524277  0.56942835033155637
  0.57988224039208924  0.59133401535870089  0.60274616490025912  0.61420122410474531
  0.62602584818315643  0.63829915245629176  0.65039806502766195  0.66181923067289827
  0.67262983052217340  0.68279201494528785  0.69320361577205192  0.70401850503376384
  0.71488242670126856  0.72514905052916789  0.73553151805611849  0.74667041461708927
  0.75831081695832325  0.77002267265759816  0.78164394136753690  0.79286733388953312
  0.80403819927000630  0.81544150379846747  0.82697465706960505  0.83923823998340930
  0.85144399450890118  0.86275325723650631  0.87299824098611045  0.88180015339340234
  0.88891248161089120  0.89599017483174237  0.90412349574907380  0.91223661702870551
  0.92230296855778815  0.93202656406600048  0.94373083339739749  0.95515014281263766
  0.96708033719725905  0.97828828443098559  0.98885896284819386  1.00000000000000000
 -0.00251553684935950  0.00920123055178215  0.01899317296274301  0.02919222692930207
  0.04016931948622610  0.05149932920035592  0.06295699761672008  0.07426573527958032
  0.08537249208013398  0.09709869549455184  0.10725478237003346  0.11683408570083258
  0.12525443123500221  0.13426442449311568  0.14449954395138997  0.15493625348312842
  0.16488265263037119  0.17551527461057359  0.18677627736197169  0.19876098232298944
  0.21036596569629457  0.22071527673058164  0.23002749352206478  0.23900618256728315
  0.24751727301527804  0.25449940869589277  0.26376977189043577  0.27449943345484296
  0.28526688296081332  0.29626293755879035  0.30774992316877525  0.31938375257574242
  0.33056071150423283  0.34064977450451533  0.35007974288575910  0.35956276320606650
  0.36891153753892270  0.37918902544153571  0.39108727084116862  0.40251811813732169
  0.41250939282798638  0.42291637976317981  0.43342011191728769  0.44340808206312893
  0.45304313580207967  0.46247977141398516  0.47219895242212906  0.48148321615002426
  0.49085591665351763  0.50048107178622103  0.51078838168542984  0.52150240531907444
  0.53185501100916377  0.54215138291309495  0.55228747021968905  0.56169508326134354
  0.57138216341215875  0.58178491972927737  0.59199377356877247  0.60275652732955087
  0.61395655361004442  0.62575597273440664  0.63744886794153066  0.64936230143585516
  0.66109212354986890  0.67044506880714039  0.67977120329806251  0.68932258651161393
  0.69993383432946210  0.71136516352672663  0.72287497773972120  0.73407144452482431
  0.74507945499369943  0.75658498276339270  0.76858733451929273  0.78044440056310438
  0.79188571510732364  0.80310783253007856  0.81456090290497374  0.82611448210537597
  0.83726595147659855  0.84767590095056000  0.85733340468079644  0.86630509187152149
  0.87577420371035319  0.88611682525100910  0.89821559467564849  0.90961170345620712
  0.92121840556193080  0.93230850736416293  0.94420996598754026  0.95597618643479609
  0.96585338897492812  0.97693162709416315  0.98813423794484567  1.00000000000000000
  0.18601782026700658  0.20043957305289428  0.21513044253091493  0.23258133827423652
  0.25986802971382988  0.29967830005941232  0.34778725170858960  0.39446139221622700
  0.43828743104452766  0.48072881132920819  0.52112409866244647  0.55298765099237279
  0.57781507068843130  0.59732522557596401  0.61321075784268797  0.62650387429567000
  0.63749804566103641  0.64618695655316905  0.65275902896810722  0.65780126926865645
  0.66213159098514318  0.66567050130006755  0.66855107034229455  0.67114567110570222
  0.67354938246872120  0.67574312067303910  0.67769892483257976  0.67936266174062765
  0.68085612848391319  0.68228319745932853  0.68365110327062228  0.68485839965190087
  0.68592432194812158  0.68687622878298860  0.68775520977811833  0.68858285383374651
  0.68935081899904527  0.69008900764410630  0.69076044007407167  0.69136622169316364
  0.69195579262283735  0.69256064179535193  0.69318669590832105  0.69378671908042089
  0.69433010507279869  0.69480960367726929  0.69525150996549845  0.69570861316251509
  0.69618607591643344  0.69669135751058087  0.69721921754691707  0.69775578141986283
  0.69828597907221091  0.69880800422670686  0.69934377608165321  0.69989231124233320
  0.70044067579704650  0.70098983986746521  0.70153688325574881  0.70211394986243070
  0.70269899214338216  0.70325857263530056  0.70380980363101953  0.70435213751402037
  0.70490255591818662  0.70552008541681377  0.70618287993875573  0.70689289094746666
  0.70761424619339841  0.70835165931010313  0.70916852191236934  0.71010652980255295
  0.71113583682002390  0.71215439129840596  0.71315010785128752  0.71421886666882461
  0.71534361919606060  0.71646499332132985  0.71774411845473640  0.71920636216566836
  0.72075279241716383  0.72268103400932482  0.72506994884900022  0.72770745710039819
  0.73072295906498019  0.73411878423100774  0.73807111325788521  0.74240468346072930
  0.74779475026535158  0.75429064008829927  0.76263172322219352  0.77331544328674928
  0.78815450108589735  0.81124338712386113  0.86422426945822606  1.00000000000000000
   2.5571715105072760E-009  -1.0000000000000000     
 F F F F F F F F F F F F F F F F F F F F F F F F F F F F F F F F F F F F F F F F F F F F F F F F F F F F F F F F F F F F F F F F
  <DiscreteSampler_grid>
  grouped_processes
  1 # 1 for a reference and 2 for a running grid.
  10 # Attribute 'min_bin_probing_points' of the grid.
  1 # Attribute 'grid_mode' of the grid. 1=='default',2=='initialization'
  0.0000000000000000 # Attribute 'small_contrib_threshold' of the grid.
  0.5000000000000000 # Attribute 'damping_power' of the grid.
 # binID   n_entries weight   weight_sqr   abs_weight
    19   10   2.306169366351863E+007   4.668122212661578E+015   2.306169366351863E+007
    22   10   2.306169366351863E+007   4.668122212661578E+015   2.306169366351863E+007
    25   10   2.306169366351863E+007   4.668122212661578E+015   2.306169366351863E+007
    28   10   2.306169366351863E+007   4.668122212661578E+015   2.306169366351863E+007
  </DiscreteSampler_grid>
