 -0.01422693657520436  0.10465054061682064  0.16201255919588048  0.20673992011650955
  0.24568686772974130  0.27855102933995396  0.29920830856147790  0.32214876528313641
  0.34653400209088642  0.36819681647469882  0.38828540488763053  0.40957603585510405
  0.43145709977028612  0.45080959652927000  0.46718374247006539  0.48146583957930755
  0.49738001133295257  0.51390321541603268  0.52939339280523545  0.54387245522192607
  0.55749811585583287  0.57079792881838454  0.58393256521187786  0.59686794423445244
  0.60957694862049006  0.62230860051357229  0.63563990023369776  0.64898780962357050
  0.66193279216884204  0.67361347113771097  0.68470566933311383  0.69459406396967138
  0.70415260953299796  0.71419792363169665  0.72338602386163608  0.73229120602490516
  0.74077417571408455  0.74912118994186960  0.75747526076339300  0.76594281303698075
  0.77424054432719136  0.78205215764661229  0.78968695905803532  0.79711135191726890
  0.80426693850654485  0.81153068843184106  0.81890100169460589  0.82614000820025868
  0.83329406306054910  0.83984838694615727  0.84597715755720149  0.85205873334885507
  0.85849162187426975  0.86499060033319275  0.87135012412083301  0.87717507448000986
  0.88253635735182900  0.88781069786104716  0.89291020355032735  0.89769032704450435
  0.90221871575296264  0.90656285236522016  0.91086530645858577  0.91539659477456692
  0.91993901698771063  0.92410967521416199  0.92814659166644220  0.93210103628122121
  0.93615738321177955  0.93982926453076587  0.94281893717473353  0.94566530918889924
  0.94842051737975741  0.95112458015505552  0.95377336132725543  0.95641704862026089
  0.95929919941275121  0.96219742865918001  0.96476186382844398  0.96703067632057438
  0.96912483179999065  0.97142722945093463  0.97350133714426834  0.97548516364045845
  0.97733355910677711  0.97911175573715603  0.98092418583657459  0.98265754063772115
  0.98390186027496207  0.98519991996099343  0.98659286536747726  0.98833131077003822
  0.99030448922595060  0.99299433339239829  0.99498663113050612  1.00000000000000000
  0.00000000008234449  0.00000000009460624  0.00000000010131687  0.00000000010802750
  0.00000000011473812  0.00000000012002453  0.00000000012472064  0.00000000012941675
  0.00000000013422809  0.00000000014270336  0.00000000015117863  0.00000000015874482
  0.00000000016616870  0.00000000017306103  0.00000000017985829  0.00000000018663154
  0.00000000019439474  0.00000000020244525  0.00000000021087426  0.00000000021947057
  0.00000000022821172  0.00000000023726871  0.00000000024712369  0.00000000025694553
  0.00000000026612118  0.00000000027542222  0.00000000028395502  0.00000000029216989
  0.00000000030080801  0.00000000031011166  0.00000000032045077  0.00000000033244409
  0.00000000034590653  0.00000000036014972  0.00000000037536609  0.00000000039520046
  0.00000000041508895  0.00000000043447138  0.00000000045519186  0.00000000047732264
  0.00000000049994288  0.00000000052279411  0.00000000054538254  0.00000000056655962
  0.00000000058712411  0.00000000060999139  0.00000000063380131  0.00000000066031128
  0.00000000068798170  0.00000000071880856  0.00000000075050959  0.00000000078598638
  0.00000000082233289  0.00000000086056743  0.00000000089949050  0.00000000094217561
  0.00000000099013600  0.00000000104139899  0.00000000109531960  0.00000000115206353
  0.00000000122575270  0.00000000131261172  0.00000000140886284  0.00000000150592854
  0.00000000159857469  0.00000000170927093  0.00000000184436024  0.00000000199374638
  0.00000000217566135  0.00000000240745185  0.00000000271722610  0.00000000309963958
  0.00000000359875536  0.00000000417903889  0.00000000474661135  0.00000000536404073
  0.00000000618941412  0.00000000744602501  0.00000000928127890  0.00000001206218831
  0.00000001539052850  0.00000001985403306  0.00000002778044458  0.00000004049016299
  0.00000006325532419  0.00000010475115775  0.00000020648389330  0.00000053630587817
  0.00000126009359684  0.00000352289469349  0.00001051376145622  0.00003928871503838
  0.00016736313077918  0.00094404616055410  0.02597780607773892  1.00000000000000000
 -0.00234695025881594  0.00907581606862007  0.02002599380519812  0.03025669882401681
  0.04119396021038891  0.05134687734100389  0.06126617185360342  0.07124380202605902
  0.08188177745895918  0.09315992139437182  0.10504456202401032  0.11703225560413488
  0.12887551184032764  0.13968827966860733  0.14962507873567571  0.16006456574152081
  0.17150845853375507  0.18384278329574802  0.19579881147973754  0.20704808403075134
  0.21805348147105955  0.22843566782785432  0.23856679643326656  0.24863643670017016
  0.25905676081856943  0.26982326270939500  0.28019171450616809  0.29050883887344803
  0.30094976307482457  0.31139058774119360  0.32207154844656793  0.33287507569110331
  0.34377493040782253  0.35504021169359856  0.36670182615253838  0.37827628719373457
  0.38970325916293858  0.40059251508062066  0.41121488429945696  0.42110261012511940
  0.43025648861828109  0.43926227237091731  0.44958525975536984  0.45866386778921481
  0.46655657198260930  0.47546262804542061  0.48409834321747625  0.49244426638342931
  0.50182825981020618  0.51290755399110088  0.52268711827172942  0.53142107651195314
  0.54020156540701114  0.54966549718336699  0.55973329089555124  0.57012177269086384
  0.58027807049492985  0.59072712513336312  0.60200001452403995  0.61331257978946474
  0.62440460367185724  0.63513497035584543  0.64593612093863706  0.65738052334407659
  0.66872844178334190  0.67975481627540435  0.69052696871492958  0.70113138096674976
  0.71172929605243740  0.72221526500278577  0.73286320035567598  0.74360094049780079
  0.75461626737175991  0.76548503937760548  0.77666777149462252  0.78795059046212490
  0.79904008678649230  0.80978878833445378  0.82026120991267648  0.83053420731221450
  0.84095050815762995  0.85205191032601535  0.86353348850852718  0.87490534941586795
  0.88636106885905130  0.89797312619993719  0.90931247972521734  0.92046956612508890
  0.93143336655009457  0.94093195359795490  0.94916879001761245  0.95735294865389153
  0.96617335302381413  0.97682400398119296  0.98592086343902074  1.00000000000000000
 -0.00238314901137868  0.00912613898656739  0.01968963554811459  0.02973271439380316
  0.03912984771583422  0.04743563101874530  0.05609588059883389  0.06523600980613641
  0.07451303369919961  0.08394048124213664  0.09387604301854609  0.10465927313830321
  0.11591298837183650  0.12660520455936813  0.13703364200035803  0.14720723695602991
  0.15717967510854797  0.16821645400470142  0.17881643770179095  0.18950081673973834
  0.20059669647073256  0.21180576900167258  0.22260551826773697  0.23336363300436036
  0.24403146288130595  0.25534194861200282  0.26661758867441165  0.27779471064795069
  0.28855743939586109  0.29921136907225854  0.30995472817583225  0.32081995099695038
  0.33123046256025607  0.34094706611055520  0.35024279017793053  0.35883977929126515
  0.36673433575052800  0.37508860641724701  0.38344229682471781  0.39305955491678685
  0.40502462816705920  0.41648458108235714  0.42694187195721267  0.43697872222480599
  0.44691510263555045  0.45783642443066708  0.46886418947821823  0.47979630944047869
  0.49131831099567530  0.50271889591339536  0.51427162923817549  0.52464550326326942
  0.53422339086220338  0.54320645692973435  0.55278150105383517  0.56326643477133209
  0.57440203259144385  0.58633204121654681  0.59804497174655979  0.60994943597904239
  0.62185063936262530  0.63380117560366667  0.64565378359050507  0.65691724225846482
  0.66747490403261900  0.67780303839068512  0.68857917464827578  0.69926994629102535
  0.70912151698170189  0.71868946477987428  0.72871680621265211  0.73886924773314699
  0.74933018725674072  0.76002175294890972  0.77081788358547942  0.78164256052148984
  0.79274633354038482  0.80413373347236428  0.81566871973515620  0.82700562255542776
  0.83819931667092740  0.84939053887620009  0.86063385944067183  0.87167704443193983
  0.88200653742200952  0.89110889372192825  0.89957041074958011  0.90822870540419731
  0.91860906658797681  0.93084524430191506  0.94220079890329711  0.95304195821447435
  0.96394390853859169  0.97565108319400118  0.98735334449627998  1.00000000000000000
 -0.00183130972952644  0.00796329571838677  0.01875480108874093  0.02906190823099674
  0.03961442214064814  0.05146686218535929  0.06271069690975312  0.07304876690470580
  0.08316188217917476  0.09386262490870725  0.10467340050792408  0.11507253056410986
  0.12529275333196430  0.13568627184251975  0.14546640593458549  0.15467226035841192
  0.16384077498359931  0.17344444735998754  0.18332933020370595  0.19330359636909447
  0.20342662557749180  0.21374056825143789  0.22359835292907421  0.23294715709084984
  0.24244321928459311  0.25159942905286548  0.26272901909905771  0.27425101318464107
  0.28531407955671761  0.29621695613397475  0.30664095509120065  0.31706948197081386
  0.32734734656332515  0.33761729185296407  0.34837304588312479  0.35946849020487948
  0.37021925113923015  0.38112905419356308  0.39266446542613820  0.40381104818488778
  0.41409131590086873  0.42434759683746542  0.43531999428848211  0.44614339520904078
  0.45671422110802440  0.46671826694804802  0.47623802262158960  0.48519368168586469
  0.49397021318792567  0.50319063702729405  0.51365534094529230  0.52526644100277065
  0.53681729752704666  0.54766903942344214  0.55799374429047988  0.56802239767797635
  0.57846251103869450  0.58957152285643988  0.60107224891834710  0.61283889521251023
  0.62444930617040550  0.63551181847189797  0.64583608133056936  0.65572596874742406
  0.66592216763502765  0.67620397989916692  0.68659435553132153  0.69786640290331603
  0.70944261276177722  0.72075357262414108  0.73175204766805513  0.74316991173343661
  0.75488913564394045  0.76478733869608173  0.77274121602110057  0.78092830345250930
  0.79000766583049697  0.79872961352392646  0.80974241242577927  0.82116181370297014
  0.83024389252415254  0.83906231913213414  0.84938621667681191  0.86079970213345947
  0.87270369323593355  0.88465969488905760  0.89641367175166908  0.90771393677822254
  0.91889997416911073  0.93044354723873590  0.94205773605218268  0.95376750774533625
  0.96548039983580414  0.97656690753980491  0.98858481639816975  1.00000000000000000
  0.18485532887792230  0.20593846781768843  0.22919453303740533  0.26364435880974918
  0.30915547930122894  0.35688106801680491  0.39995710111411181  0.44018387685896887
  0.47934674199950938  0.51340050132746451  0.54295765308822630  0.56782933414760850
  0.58911752954579466  0.60705043059536623  0.62157149614393503  0.63182990621558222
  0.64033976792551672  0.64720993092750123  0.65249679292675233  0.65744230077747290
  0.66136396261529884  0.66497793295249852  0.66811328629733746  0.67069888924510923
  0.67304756981124780  0.67525777628438444  0.67736938133575364  0.67932164067374734
  0.68106191207331568  0.68257563956763112  0.68392550516490080  0.68513616659156207
  0.68621709590695001  0.68715462502435265  0.68790566269045228  0.68859072522388542
  0.68925355950569411  0.68988146718785159  0.69045468906387519  0.69100481313384343
  0.69151176946503679  0.69205680773502265  0.69262994888305074  0.69325144190888133
  0.69386606815773577  0.69445417078369531  0.69503222801886899  0.69558716122685016
  0.69610296291392482  0.69660077670516884  0.69710085618867157  0.69762475578596184
  0.69812358295139165  0.69856162990459936  0.69898439258262923  0.69938702626153770
  0.69986219014108564  0.70037437798129465  0.70090739529161494  0.70146497972888777
  0.70207177154123601  0.70270665527366949  0.70330321478654967  0.70391703279017592
  0.70454587929769530  0.70521147341432433  0.70590214067900370  0.70663375792569505
  0.70743848038415158  0.70829241989395719  0.70919259135517276  0.71020936886673214
  0.71133495318185946  0.71251230804279386  0.71370073064102857  0.71503315585909588
  0.71648275495539071  0.71812198886212930  0.71986622166859005  0.72170471082231780
  0.72369881883193465  0.72588786256886983  0.72840341104390660  0.73125989114505585
  0.73448871623739509  0.73815145944100025  0.74202334365592315  0.74651393735714966
  0.75174360700689424  0.75833241026692799  0.76660526126257944  0.77646005634051540
  0.78922851474853783  0.80748566347524331  0.84533705191973763  1.00000000000000000
   2.3584228964228404E-009  -1.0000000000000000     
 F F F F F F F F F F F F F F F F F F F F F F F F F F F F F F F F F F F F F F F F F F F F F F F F F F F F F F F F F F F F F F F F
  <DiscreteSampler_grid>
  grouped_processes
  1 # 1 for a reference and 2 for a running grid.
  10 # Attribute 'min_bin_probing_points' of the grid.
  1 # Attribute 'grid_mode' of the grid. 1=='default',2=='initialization'
  0.0000000000000000 # Attribute 'small_contrib_threshold' of the grid.
  0.5000000000000000 # Attribute 'damping_power' of the grid.
 # binID   n_entries weight   weight_sqr   abs_weight
    19   10   1.954690334694737E+008   3.742997307534204E+017   1.954690334694737E+008
    22   10   1.954690334694737E+008   3.742997307534204E+017   1.954690334694737E+008
    25   10   1.954690334694737E+008   3.742997307534204E+017   1.954690334694737E+008
    28   10   1.954690334694737E+008   3.742997307534204E+017   1.954690334694737E+008
  </DiscreteSampler_grid>
