 -0.01170207088795018  0.09052052254889829  0.13862508976663285  0.17084147502637176
  0.19955695467485252  0.22936933212878699  0.25712453438705346  0.28278208702669239
  0.30894441783487747  0.33467938504134698  0.35746496071587591  0.37844697261305332
  0.39736302683000951  0.41537307562577813  0.43224573174993280  0.44756145831477656
  0.46267634985173595  0.47821256193577144  0.49512653799398731  0.51218512814419526
  0.52847929691484796  0.54225672697659133  0.55553070452230358  0.56949227567200555
  0.58440939077573995  0.59874831164261300  0.61230051009956343  0.62556616590264569
  0.63868287810195112  0.65202804025623018  0.66494231828935957  0.67633967314732724
  0.68759621378751701  0.69819209216193701  0.70894165297391898  0.71942381220309648
  0.73009240821769206  0.74054543103441250  0.75007969413593900  0.75840952614751989
  0.76573562821854746  0.77235375095445202  0.77896129959077043  0.78645338444938317
  0.79519221827037645  0.80426529908616484  0.81297391670409713  0.82133631570802490
  0.82947829697239983  0.83719014665281188  0.84433985000441403  0.85073553503374488
  0.85676012821586300  0.86247924603131099  0.86827769988983261  0.87397657976070697
  0.87927910143921817  0.88433834880610585  0.88958066609689013  0.89537831909916266
  0.90162035640863381  0.90771122230808199  0.91350730094109789  0.91910282015186817
  0.92423740849832769  0.92889799266072959  0.93289731530304032  0.93671412949711519
  0.94073797494517575  0.94457996320808724  0.94734702557581774  0.94907893228878160
  0.95052273413252863  0.95204143273129938  0.95365750771674063  0.95530666781120499
  0.95702043248218449  0.95885349420447330  0.96109233388336535  0.96373810901687718
  0.96652129010212040  0.96934104627274542  0.97232008167399786  0.97466189360400757
  0.97671455157725640  0.97849426404281259  0.98022569050323705  0.98160140976969501
  0.98301481724891238  0.98478166782863863  0.98648990533918623  0.98785923010120658
  0.98946545943936048  0.99203423822247117  0.99537228789776655  1.00000000000000000
  0.00000000000551293  0.00000000000686197  0.00000000000781671  0.00000000000869183
  0.00000000000955128  0.00000000001060337  0.00000000001177565  0.00000000001306816
  0.00000000001437775  0.00000000001522250  0.00000000001595315  0.00000000001699231
  0.00000000001819013  0.00000000001949093  0.00000000002092348  0.00000000002253758
  0.00000000002499821  0.00000000002718747  0.00000000002914383  0.00000000003115403
  0.00000000003325498  0.00000000003535617  0.00000000003745812  0.00000000003997918
  0.00000000004354660  0.00000000004720491  0.00000000005090386  0.00000000005461489
  0.00000000005828050  0.00000000006122152  0.00000000006401153  0.00000000006681856
  0.00000000006971508  0.00000000007285641  0.00000000007618866  0.00000000007971820
  0.00000000008348286  0.00000000008721057  0.00000000009090228  0.00000000009482855
  0.00000000009867902  0.00000000010222848  0.00000000010560857  0.00000000011141044
  0.00000000011811472  0.00000000012520499  0.00000000013189938  0.00000000013871652
  0.00000000014652806  0.00000000015583595  0.00000000016595071  0.00000000017657565
  0.00000000018688907  0.00000000019685005  0.00000000020846376  0.00000000022193983
  0.00000000023633518  0.00000000025164563  0.00000000026779447  0.00000000028514947
  0.00000000030356253  0.00000000032253639  0.00000000034309736  0.00000000036315949
  0.00000000038245965  0.00000000040306722  0.00000000043627460  0.00000000048539014
  0.00000000053308378  0.00000000058448660  0.00000000064208496  0.00000000070543579
  0.00000000077453102  0.00000000084711887  0.00000000093096714  0.00000000105066779
  0.00000000121298538  0.00000000139924488  0.00000000161560892  0.00000000189562247
  0.00000000225820736  0.00000000272481030  0.00000000332311361  0.00000000435560457
  0.00000000598199937  0.00000000890744024  0.00000001465810870  0.00000002674403978
  0.00000006154856397  0.00000025922095002  0.00000135599030201  0.00000823009334019
  0.00009579999394011  0.00638568840206283  0.60435668236948137  1.00000000000000000
 -0.00272373880808970  0.01013236449110335  0.02183123799320895  0.03159364550049645
  0.04064039725949060  0.04958490792567709  0.05894111845268204  0.06773932170490152
  0.07732463472678680  0.08610715300799365  0.09447547358692601  0.10274372470969163
  0.11125574761133462  0.12131929443426136  0.13115893693919872  0.14023032260173682
  0.14943974308011215  0.15826548767806209  0.16891073643915228  0.17976028961335014
  0.19081538503802586  0.20209390707157843  0.21321634304018339  0.22387282567551078
  0.23441712425357658  0.24512528227849381  0.25575045509218619  0.26650671899320244
  0.27772879221007485  0.28932759062658731  0.30065698652577655  0.31140433848929028
  0.32214501764629794  0.33358306885746741  0.34566745334280097  0.35787740028273834
  0.36996478585284220  0.38154194382043949  0.39244041594152651  0.40261726229849454
  0.41333880270016071  0.42467690280486708  0.43712961872640055  0.44934109528169924
  0.46059516278080792  0.47116157985053064  0.48128610966788732  0.49082469021209774
  0.49923108116094167  0.50721911428287081  0.51615805998999353  0.52661781344941261
  0.53809666910059517  0.55019240004533554  0.56157441408441133  0.57169567231411000
  0.58145109007900142  0.59139232648917917  0.60149727404476649  0.61120593394314116
  0.62079517089299696  0.63147956936171146  0.64291443281659932  0.65422245764113995
  0.66580333344032017  0.67765982430029248  0.68909116094906686  0.69998851542131346
  0.71088719499606434  0.72200488143121944  0.73325510844367536  0.74490760383042753
  0.75611306201803596  0.76712326531495345  0.77650773889002289  0.78611872671848637
  0.79510034456359202  0.80442649908275521  0.81417147244783816  0.82407415000427042
  0.83420475853594245  0.84548910744891526  0.85775710860157861  0.86986314448636293
  0.88147160776799582  0.89291549445045848  0.90453527824350977  0.91654270475652211
  0.92885174772270407  0.94043494147483075  0.95048808541452390  0.95971863101737465
  0.96907849381671762  0.97833022672359493  0.98944649145252750  1.00000000000000000
 -0.00149607202956344  0.00681378116178987  0.01648555078323023  0.02638352500845988
  0.03653436936462041  0.04582203089340386  0.05501331365216188  0.06488818084411108
  0.07549168077365444  0.08666207769647102  0.09738970022976512  0.10771442543080172
  0.11830488440617139  0.12929555898006947  0.14029425854938399  0.15186868070324008
  0.16276241334365832  0.17368209892658390  0.18451488479576825  0.19414770979781429
  0.20293209281454536  0.21202459408921528  0.22125543452380839  0.23090514849832414
  0.24078194037251224  0.24999648950220921  0.26021022814504452  0.27156737829252436
  0.28306140747024627  0.29431537134195013  0.30516073838177399  0.31600540072161987
  0.32735706434636336  0.33934703876281264  0.35112056905228106  0.36228992266969762
  0.37331992903294470  0.38506732557064399  0.39669739363074430  0.40714981184408050
  0.41755318654723528  0.42756536376008580  0.43754270762885622  0.44742581273976451
  0.45702842869147814  0.46675622334433120  0.47708933281459326  0.48767383933176855
  0.49856090705472328  0.50988141451758562  0.52103456277023641  0.53197443553084345
  0.54293845548193176  0.55413974443920266  0.56612935685030130  0.57786218567553027
  0.58794457697365077  0.59830753949634008  0.60853743190825349  0.62014524651302017
  0.63150750433619818  0.64281070000613350  0.65434419738794325  0.66565408632285739
  0.67656313078380892  0.68745824304393965  0.69887975214253184  0.71041368579743380
  0.72117042491435923  0.73156069884046648  0.74261689170266865  0.75398514622087243
  0.76532049288867610  0.77391716991119419  0.78190460516902949  0.78950359425370120
  0.79800666651604402  0.80815246469827973  0.81967441288916454  0.83188011611799062
  0.84389220198224102  0.85483240267532323  0.86438353448186800  0.87385952181774118
  0.88405169757184809  0.89569427621471187  0.90786676676078448  0.91930445134632000
  0.93048303326999049  0.94079707156421355  0.94961041629801890  0.95769140708462686
  0.96661170169902899  0.97681639958914102  0.98877851976529896  1.00000000000000000
 -0.00251954937509636  0.00977296040059455  0.02131795011258272  0.03274445123987951
  0.04422191409536361  0.05530081538239433  0.06688374929305212  0.07837514481120007
  0.08796833532359753  0.09728468061273693  0.10651748105130371  0.11536964709452086
  0.12566020084913143  0.13641635167397839  0.14824419508041670  0.16010451247019294
  0.17132327022506819  0.18225502804013913  0.19295906460163603  0.20333839490449857
  0.21407885955023351  0.22518712678367495  0.23706277315390378  0.24930568851100449
  0.26142267155118221  0.27308344956217712  0.28451170721759261  0.29503191733714157
  0.30451115361279063  0.31436772386837569  0.32441100850178933  0.33568652116800124
  0.34730379954371099  0.35817481315095634  0.36814660432188256  0.37804237817235936
  0.38854321580028894  0.39938980061915363  0.41031792809809697  0.42115200328119357
  0.43254122543457862  0.44462859767764895  0.45612464418461807  0.46534261094317014
  0.47358523122189117  0.48232780274014214  0.49047583943887235  0.49792473548490440
  0.50595975025886331  0.51466783469188382  0.52393390191786893  0.53472463703490247
  0.54677185744594248  0.55795714638780303  0.56877826631299522  0.57825614184294871
  0.58827744902927726  0.59896257096993366  0.60936268509461766  0.61930538138571545
  0.62836495524138614  0.63851111890978185  0.65010974776635799  0.66250786059758615
  0.67464426589003179  0.68616951687475891  0.69693908715847264  0.70704743799030234
  0.71637989464781482  0.72632852904928891  0.73689123842145665  0.74787972663750724
  0.75906697016543767  0.77027574272084320  0.78098459438737067  0.79135955691157644
  0.80176319086222858  0.81289517601362216  0.82405078850683733  0.83463861849275300
  0.84485233308186902  0.85518363855106228  0.86611277901475170  0.87708787286882306
  0.88749184474911158  0.89723817969596265  0.90682824616908131  0.91677025327813422
  0.92653599404698650  0.93600583100079460  0.94600080125590968  0.95682862112364964
  0.96875025374155499  0.98042544605137327  0.99072485192084647  1.00000000000000000
  0.18323754787018159  0.21508353771537006  0.23926859775110257  0.27167544178959413
  0.30934100112991753  0.35568861674062496  0.40117933915797654  0.44406758654603135
  0.48409017092485546  0.52030343609989604  0.55169227218748973  0.57703540120618746
  0.59550052618403249  0.60737616581796794  0.61661678353615290  0.62436693954768019
  0.63261380784492538  0.64121798201967672  0.64916920997661309  0.65529319963229060
  0.66022833829563610  0.66430386924752105  0.66785478962361189  0.67082557865975545
  0.67317912089347720  0.67532800974069152  0.67728709625270811  0.67902323513691021
  0.68052421629873128  0.68174645163666869  0.68287005789119504  0.68397045370815723
  0.68517897306707443  0.68628178526124195  0.68730607312154357  0.68823885261618500
  0.68910695052307680  0.68991172442919046  0.69067289742113225  0.69139060842712829
  0.69204794580709472  0.69266328429939028  0.69323856707656839  0.69376686911532159
  0.69424472846017660  0.69471191663123766  0.69514427659975864  0.69557359480470082
  0.69601284284481080  0.69648681252953470  0.69700799836165772  0.69751649764864532
  0.69799330773838331  0.69847268408093599  0.69896729884392284  0.69947804723317553
  0.70001991770484107  0.70058094868337850  0.70115971616745609  0.70175892913909743
  0.70235313365127583  0.70296300080447915  0.70357460417903128  0.70418865936373565
  0.70484311175925130  0.70550985133861077  0.70622254648680782  0.70693581747527567
  0.70761622099278421  0.70832341985066105  0.70917862248599928  0.71021180751650759
  0.71137018157964260  0.71258099566083444  0.71383587060000797  0.71513382971046890
  0.71648202578121689  0.71792572666458021  0.71950522706683173  0.72128662388183484
  0.72340993333474546  0.72594161218261199  0.72881797570410445  0.73205725638443164
  0.73571785750776786  0.73979553751349081  0.74412222257432559  0.74815498980230533
  0.75270600417418232  0.75849424388285080  0.76582119115907121  0.77747663354253371
  0.79156246556808196  0.80657226986369823  0.83670827778878532  1.00000000000000000
   2.7557537884356210E-009  -1.0000000000000000     
 F F F F F F F F F F F F F F F F F F F F F F F F F F F F F F F F F F F F F F F F F F F F F F F F F F F F F F F F F F F F F F F F
  <DiscreteSampler_grid>
  grouped_processes
  1 # 1 for a reference and 2 for a running grid.
  10 # Attribute 'min_bin_probing_points' of the grid.
  1 # Attribute 'grid_mode' of the grid. 1=='default',2=='initialization'
  0.0000000000000000 # Attribute 'small_contrib_threshold' of the grid.
  0.5000000000000000 # Attribute 'damping_power' of the grid.
 # binID   n_entries weight   weight_sqr   abs_weight
    19   10   9.055848298183001E+004   2.389674073343572E+010   9.055848298183001E+004
    22   10   9.055848298183001E+004   2.389674073343572E+010   9.055848298183001E+004
    25   10   9.055848298183001E+004   2.389674073343572E+010   9.055848298183001E+004
    28   10   9.055848298183001E+004   2.389674073343572E+010   9.055848298183001E+004
  </DiscreteSampler_grid>
