  0.02410990374653543  0.03351147868766211  0.04671012650590495  0.06226738820719650
  0.07880917093790993  0.09876373812701483  0.12448296553126982  0.15018138117828092
  0.15866213601977677  0.16926604281353005  0.18374747337730435  0.19838089479055684
  0.21370696182843313  0.23522276889517341  0.24341361859048002  0.25392643251274971
  0.26494520098092533  0.27627895701572364  0.28748077633299945  0.29806940348404581
  0.30817503834211063  0.31842673202681837  0.32831941629820155  0.33866892148970423
  0.34928711857087535  0.36619625213852169  0.38884215893608670  0.40045756984246739
  0.41333780015061777  0.42321481616394346  0.43307837290590495  0.44119632106804896
  0.44793296021721413  0.45472024718781384  0.46098356941677293  0.46915383091314689
  0.47834257095733618  0.48906837261548991  0.49976331472811086  0.50836830462875437
  0.52584591529962965  0.54874705523629452  0.56507214135615436  0.57471133336026348
  0.58314053215011441  0.59287474548538566  0.60386338638455217  0.61480349463138373
  0.62436607630759366  0.63257957418704713  0.64035984530194212  0.64837592269782440
  0.65688064254162370  0.66544885670593912  0.67507603452959852  0.68040831545617697
  0.70783018268652076  0.73859504185373148  0.76555863176459626  0.77390090486774132
  0.78239169142388054  0.79074638955163146  0.79975602785951405  0.80888946500229431
  0.81773597308736223  0.82636162545221170  0.83526082963481318  0.84382216165809965
  0.85175659034175766  0.85911467811397002  0.86664039750765265  0.87449682927313654
  0.88228636915419489  0.88990350487825665  0.89498801967363051  0.91115888348974083
  0.92330670089538192  0.93091190055538930  0.93636559425712251  0.94268974917681425
  0.94940566143019989  0.95594776205563625  0.96082832799564732  0.96415828669154713
  0.96751375339832513  0.97127068383297233  0.97503283439172683  0.97857118671269194
  0.98189075972605222  0.98495759481725220  0.98793913237047082  0.99064365399858723
  0.99295369436306358  0.99465642592082759  0.99513333679884075  1.00000000000000000
  0.00095606032114754  0.00097795756310498  0.00099038317901409  0.00100170312412401
  0.00101337800308083  0.00102793730447950  0.00104148423128379  0.00105412467582914
  0.00107057653426650  0.00109122406499818  0.00111141295649764  0.00113020707714232
  0.00114956778221205  0.00117018900667930  0.00119673001466255  0.00122895976025865
  0.00125879066612680  0.00128735025283121  0.00131647714616985  0.00134660484307901
  0.00137333537662617  0.00139807766615727  0.00142370958079325  0.00144887985834557
  0.00147781348127729  0.00151033062161700  0.00154260711285400  0.00157667899779873
  0.00161261558666086  0.00165244685969360  0.00169575873033680  0.00173928770236712
  0.00178129626768846  0.00182645734878756  0.00187135801000203  0.00191699136336375
  0.00196266567962878  0.00200923360105116  0.00205481809914073  0.00210226907797051
  0.00215136914480899  0.00220441653608802  0.00226418112144249  0.00232817652735589
  0.00239842109007038  0.00247142746543602  0.00254523723108117  0.00261721188420784
  0.00268515792771960  0.00275466643895800  0.00283466407135860  0.00292142940515672
  0.00300752738510521  0.00309323541093321  0.00318580654473801  0.00329360149406469
  0.00340585074371761  0.00352237664816641  0.00363827621006528  0.00376325075945020
  0.00389514067249024  0.00402417848221590  0.00414860286666396  0.00428467320204835
  0.00444964291124379  0.00457283090122038  0.00463795222019519  0.00525992453817966
  0.00603557148128835  0.00688072362493528  0.00742397449644745  0.00764739472978538
  0.00799506536346963  0.00843323584732514  0.00891835480478227  0.00953262501500885
  0.01020040149433711  0.01089090440265793  0.01162747136786779  0.01243718014660564
  0.01334205219509968  0.01440222104964480  0.01648645204634889  0.01864990594176872
  0.02029202404111744  0.02170250554507641  0.02318077840661931  0.02694016831002292
  0.03065093863844293  0.03518085232979234  0.04074218924047454  0.04754130670874699
  0.06108770839048205  0.11267497290857106  0.21911884071351878  1.00000000000000000
  0.00123134549363754  0.01177145305307408  0.02231156061251062  0.03285166817194717
  0.04442470339142399  0.05793640474198365  0.07144810609254332  0.08770532120814467
  0.10974171936962113  0.11784079650346110  0.12660238894689194  0.13455190693146249
  0.14471134944449543  0.15458446221045277  0.16385716881510176  0.17246900942608295
  0.18097123226168593  0.19068913976186477  0.20121766438516353  0.21078092179059821
  0.21918995354752671  0.22759762468590630  0.23654623813876352  0.24574055219356167
  0.25451880775621005  0.26050418913540502  0.26935808909170933  0.29710697086186771
  0.32724212277619635  0.35121935504806961  0.36663841551966092  0.38094198960504994
  0.38948010923067283  0.39901968331986909  0.40966773643821347  0.41950996500633175
  0.42865922675388451  0.43766039286521052  0.44730958303880980  0.45722538216076813
  0.46682936265749686  0.47796549347262818  0.49132073231780787  0.50422686312593157
  0.51492191488650985  0.52413317357205558  0.53270455929125449  0.54143742564092634
  0.55028179353712658  0.55876886152990446  0.56739916898273579  0.57613655242837358
  0.58539984056759742  0.59584471214783097  0.60580702512031315  0.61418054601630079
  0.62106832676063672  0.62759806496003101  0.63420511911586896  0.64132291501534922
  0.64909176894707965  0.65699623444698374  0.66539704745590145  0.67418724985336331
  0.68312082791416473  0.69037216691228120  0.69576430550228852  0.70114614364533112
  0.70628358326601681  0.71180047045089379  0.71791635696410572  0.72380189664793859
  0.72932587903046986  0.73441390777394855  0.73960542499918447  0.74500057261868813
  0.75155868490145872  0.76073003589901389  0.76577329029827668  0.79046281905150728
  0.82543270891639620  0.85508549194567496  0.86272116149803924  0.87021150994521435
  0.87807636829072899  0.88632430040359578  0.89505362881164363  0.90424233236126650
  0.91144483934020071  0.92710374057439104  0.94965727652936260  0.96689261009218441
  0.97354124545480836  0.98226117022632387  0.99106084394889582  1.00000000000000000
 -0.00560556572751818  0.03537765532307793  0.06600972681136376  0.09261021390877122
  0.11079505436524177  0.11346498716433556  0.11966256990517710  0.12798749183336541
  0.13645349062636797  0.14417738947159467  0.15119854961401416  0.15797198357442460
  0.16590496789026671  0.17452658278881514  0.18283731290300512  0.19098199089352738
  0.19786108398872154  0.20625845957654076  0.22220152474091470  0.24239831772092654
  0.26138148541850831  0.27882210004691954  0.29708763113119480  0.30535350795452115
  0.31441421357871002  0.32229276711486854  0.33009025284823895  0.33707118164133137
  0.34396505369427599  0.35047855459080784  0.35691160303917829  0.36410058882561985
  0.37235851804000070  0.38311801333842049  0.39653946544214869  0.40544597435721996
  0.41474488257242714  0.42438644080999927  0.43371492115032967  0.44301785995505821
  0.45238313672586061  0.46172646754658581  0.47105116205360298  0.48147118094236818
  0.49517505813260976  0.50920208316109339  0.52107381463004632  0.53041639121584050
  0.53912997898496451  0.54874848145939292  0.55899610822175161  0.56801834713578903
  0.57376643522602921  0.58380570803696008  0.60770791965684867  0.63181711264302942
  0.65076393557194268  0.65780098183071511  0.66804804486643499  0.68213464214550013
  0.69548666102194379  0.70829607939944150  0.71744289411098672  0.72623592338025511
  0.73263637012560456  0.73820117529138796  0.74419264173348409  0.75015643046069813
  0.75633207992725127  0.76180743714769628  0.76710947306790600  0.77269397320520328
  0.77791589929586247  0.78289904312612113  0.78801568813956269  0.79501306391888449
  0.80909483018527273  0.84269519542647209  0.86208001980542848  0.87227520696557215
  0.88382357327676142  0.89526334389776652  0.90416091185382708  0.91190572062427822
  0.91900730518119222  0.92610249015743995  0.93349685382165204  0.94099107699535667
  0.94818503717568581  0.95487639666777757  0.96142066409395532  0.96856212777458739
  0.97561995292053383  0.98333479427351844  0.99141472047052281  1.00000000000000000
  0.00577941375365584  0.00881263274117529  0.01184585172869473  0.01487907071621417
  0.01660064702084838  0.01769980388422682  0.01879896074760526  0.02559763912667230
  0.03743241345922618  0.04794636852747072  0.05914773306869418  0.07011813799091708
  0.08036974310120802  0.08972167034993497  0.09853936905878577  0.10687358677278146
  0.11474793532015368  0.12310464299531838  0.13256806122263914  0.14025808928941641
  0.14986048945659783  0.16947258059967263  0.19342160437862663  0.20941860909899335
  0.22247175271708700  0.23488399574927388  0.24710680476963623  0.26037586933164414
  0.27312645588256984  0.28393780527391677  0.29430769322582190  0.30444184182756584
  0.31523580825875558  0.32609084891526380  0.33541962120768992  0.34269542252749530
  0.35769505430271548  0.38034181492585833  0.39622235788520405  0.40373548821113225
  0.41215885786514650  0.42105136680154992  0.42965429371822311  0.43751611372754634
  0.44490408009303273  0.45284188551592958  0.46259992391525318  0.47317819496578206
  0.48431832177522877  0.49398407402462879  0.50294748637929465  0.51094126956303143
  0.52019162544283093  0.52921591006638624  0.53826990153194398  0.54839805160268584
  0.55898628214145940  0.58367111591033549  0.59475104183841565  0.60490058608327579
  0.61403607476191102  0.62335534623582256  0.63528724707681483  0.64671349740871553
  0.65518122773193488  0.66333261139068700  0.67258432962744363  0.68356537562764419
  0.69477442988628590  0.70592682502874804  0.71824950472598070  0.72974105871930894
  0.74052999306101674  0.75065019242849662  0.76026564687237119  0.77043551386626918
  0.78259078521035819  0.79510560774902561  0.80707390913319588  0.81688138000072019
  0.84543459493110373  0.87751451061135655  0.89610823446177656  0.90211280383578896
  0.90785546642436454  0.91343291259034576  0.91891980229270165  0.92538677644870604
  0.93270166647446795  0.93949180939441257  0.94560852505932791  0.95189988655052216
  0.95709869262374347  0.96587298962939927  0.98033003193290069  1.00000000000000000
  0.99972635439669277  0.99972917880380641  0.99973150247242604  0.99973395122205599
  0.99973654469930284  0.99973940868047839  0.99974213389363931  0.99974488489520674
  0.99974762174631016  0.99975047386415472  0.99975327219718424  0.99975592278393777
  0.99975840311897435  0.99976078758743159  0.99976318640528528  0.99976560164297612
  0.99976806611290470  0.99977053608897515  0.99977306141160394  0.99977561060650999
  0.99977814430104794  0.99978070768371341  0.99978334502347221  0.99978602566521668
  0.99978868485582340  0.99979123267864589  0.99979378464645818  0.99979637914656438
  0.99979902246517138  0.99980161424321501  0.99980418645246516  0.99980672897616618
  0.99980925315100355  0.99981171187592788  0.99981452110105695  0.99981741158644422
  0.99982030026270319  0.99982306609422611  0.99982586170392762  0.99982874316326897
  0.99983169722873499  0.99983452698264619  0.99983721669915826  0.99983989299104670
  0.99984267109970315  0.99984573170360169  0.99984885481510266  0.99985193930257343
  0.99985502517834535  0.99985808135111554  0.99986102187851578  0.99986392459018636
  0.99986687267824037  0.99986995751616670  0.99987290789030014  0.99987578966406232
  0.99987853643838431  0.99988129255528324  0.99988370447048303  0.99988608719169880
  0.99988851260318101  0.99989101594775709  0.99989393578439778  0.99989686244430809
  0.99989991639889730  0.99990300358281248  0.99990608513242940  0.99990896795235706
  0.99991183172219955  0.99991469013862710  0.99991762369696113  0.99992043823799415
  0.99992317775708728  0.99992590214745536  0.99992873181004660  0.99993163299091004
  0.99993454345992072  0.99993747771487840  0.99994043901458673  0.99994354327397117
  0.99994655403460198  0.99994941151733607  0.99995208236044753  0.99995473027342907
  0.99995759218273139  0.99996057515849879  0.99996370109814003  0.99996686187765094
  0.99997046890681396  0.99997428224669482  0.99997824485929876  0.99998216623417724
  0.99998608426250202  0.99999018706613918  0.99999474178414971  1.00000000000000000
   7.3764829868883770E-004  -1.0000000000000000     
 F F F F F F F F F F F F F F F F F F F F F F F F F F F F F F F F F F F F F F F F F F F F F F F F F F F F F F F F F F F F F F F F
  <DiscreteSampler_grid>
  grouped_processes
  1 # 1 for a reference and 2 for a running grid.
  10 # Attribute 'min_bin_probing_points' of the grid.
  1 # Attribute 'grid_mode' of the grid. 1=='default',2=='initialization'
  0.0000000000000000 # Attribute 'small_contrib_threshold' of the grid.
  0.5000000000000000 # Attribute 'damping_power' of the grid.
 # binID   n_entries weight   weight_sqr   abs_weight
    19   10   3.765343149360118E+006   4.497685054491698E+013   3.765343149360118E+006
    22   10   3.765343149360118E+006   4.497685054491698E+013   3.765343149360118E+006
    25   10   3.765343149360118E+006   4.497685054491698E+013   3.765343149360118E+006
    28   10   3.765343149360118E+006   4.497685054491698E+013   3.765343149360118E+006
  </DiscreteSampler_grid>
