 -0.00865890903092634  0.08295529016575851  0.13595486712309438  0.17712729305061548
  0.21333893665233702  0.24576658087141745  0.27474801990447123  0.29992186805476190
  0.32483624802906574  0.34816011173712269  0.36972453325015286  0.39076686165531760
  0.41191829855797923  0.43206682889051939  0.45145622217993364  0.47102295138191508
  0.48899069189851235  0.50470329116216217  0.51937502195800722  0.53273433489757094
  0.54643805484661834  0.55981203173455052  0.57251144589814584  0.58564910890588473
  0.59973026379811323  0.61330521264214621  0.62573468230215812  0.63807567100861140
  0.65036368940527345  0.66240411834359691  0.67403322317646097  0.68513439784150676
  0.69511423791293681  0.70497673355815638  0.71505550377728144  0.72569212698441288
  0.73588779778682756  0.74583769219132867  0.75541077745903662  0.76482714756416936
  0.77424278080803566  0.78405019701689438  0.79386107610395618  0.80293129133425423
  0.81058369728557889  0.81753790473348120  0.82429376631036466  0.83115745650607842
  0.83779263818281369  0.84389489621981995  0.85006821503699992  0.85686871636015260
  0.86396439527706803  0.87091486388821449  0.87724635161211961  0.88313506833503441
  0.88874093214685213  0.89358692803106199  0.89747001998661058  0.90091882928625844
  0.90469409509317011  0.90861211349864590  0.91190844676735028  0.91459938776531102
  0.91719470459784502  0.92025448094064388  0.92380731168081798  0.92751738098377245
  0.93146228872220660  0.93508620895339178  0.93861115578034415  0.94172344022974497
  0.94472602032004904  0.94762885326117730  0.95029861637106938  0.95294617618618527
  0.95552297695123434  0.95814883299096509  0.96091201597725839  0.96383188064347081
  0.96667000999006736  0.96928115167531381  0.97167324922983644  0.97387227283711664
  0.97594191289046939  0.97788282626170597  0.97967042268820370  0.98134189151211038
  0.98297416433349383  0.98448150894133613  0.98598885354917842  0.98792036559703322
  0.98988082331902250  0.99235828549310390  0.99559350213237274  1.00000000000000000
  0.00000000010101266  0.00000000010482836  0.00000000010684141  0.00000000010836954
  0.00000000010987960  0.00000000011146974  0.00000000011330266  0.00000000011508847
  0.00000000011685656  0.00000000011851754  0.00000000012036013  0.00000000012226097
  0.00000000012425975  0.00000000012641248  0.00000000012880009  0.00000000013112287
  0.00000000013351233  0.00000000013683941  0.00000000014166003  0.00000000014631683
  0.00000000015102495  0.00000000015580223  0.00000000016045889  0.00000000016492979
  0.00000000016984397  0.00000000017510194  0.00000000018084537  0.00000000018721607
  0.00000000019367600  0.00000000020031906  0.00000000020776422  0.00000000021625899
  0.00000000022496347  0.00000000023378891  0.00000000024302782  0.00000000025278374
  0.00000000026318593  0.00000000027422524  0.00000000028450469  0.00000000029456327
  0.00000000030477418  0.00000000031619875  0.00000000032920118  0.00000000034270027
  0.00000000035701832  0.00000000036809001  0.00000000037865720  0.00000000038949209
  0.00000000040046349  0.00000000041156920  0.00000000042739565  0.00000000044511484
  0.00000000046494884  0.00000000048773987  0.00000000051390503  0.00000000054196932
  0.00000000056751586  0.00000000059196761  0.00000000061843232  0.00000000064883251
  0.00000000069274380  0.00000000075600686  0.00000000082717518  0.00000000090192164
  0.00000000097820613  0.00000000106946314  0.00000000117775992  0.00000000129728412
  0.00000000142537127  0.00000000156597347  0.00000000172931108  0.00000000195133258
  0.00000000224039913  0.00000000261362795  0.00000000304820019  0.00000000356746415
  0.00000000429524952  0.00000000518820968  0.00000000629038623  0.00000000779513588
  0.00000000999617463  0.00000001285030453  0.00000001696813124  0.00000002405073818
  0.00000003856337734  0.00000007039081993  0.00000016981396582  0.00000048534707494
  0.00000136450159258  0.00000482910706871  0.00001919826448469  0.00008204348251475
  0.00048740866911676  0.01538945974532086  0.61053414028772690  1.00000000000000000
 -0.00247288844980660  0.01016852168591819  0.02104142711642640  0.03183711907047160
  0.04262903145750157  0.05211261461106820  0.06071099513793817  0.06991023465660784
  0.08000423424080903  0.08940593612663481  0.09808290909095983  0.10679555526329099
  0.11614156349576092  0.12642114254741493  0.13705159265687558  0.14808077366272329
  0.15962809401759426  0.17095672324021952  0.18211526021566898  0.19320717305535515
  0.20445978613548160  0.21596609814037543  0.22623425110201495  0.23615274607604039
  0.24623283340247393  0.25776980042961739  0.27080479507066296  0.28286414549618133
  0.29345919875822540  0.30365990783297492  0.31462487624656293  0.32600281825914096
  0.33698265155742374  0.34768287740319437  0.35828954604181434  0.36930664008428005
  0.37963868633083520  0.38877088062853643  0.39714576199039542  0.40597952517688657
  0.41562155379452564  0.42584426419576227  0.43590471318804819  0.44569294960479544
  0.45548579895274466  0.46569634117289183  0.47663747546728996  0.48809220572838208
  0.49988169336617583  0.51175622967697365  0.52334616438887371  0.53470348436285087
  0.54618457339910720  0.55788175152241992  0.56930385449336207  0.58039507940013235
  0.59103716804605277  0.60126654260093537  0.61134501180576128  0.62191973874681283
  0.63272633575865433  0.64289390842126104  0.65279870391863881  0.66309190377260774
  0.67428258253969564  0.68579243505051168  0.69654886194623222  0.70667574312309489
  0.71629729888813765  0.72585082654413302  0.73537643655895157  0.74361093202811124
  0.75158543336246231  0.75960643022704732  0.76695336759458377  0.77646731930683122
  0.78875187323121931  0.80032866376065259  0.81086937614785959  0.82150256579301617
  0.83163699822356207  0.84378460659471088  0.85508781062185557  0.86693235622190101
  0.87876892472229273  0.89065426736944009  0.90131624062830196  0.91203373973702084
  0.92228740253910135  0.93320221480153309  0.94484126917552924  0.95618035687812997
  0.96730537372107006  0.97843784427696212  0.98882761583345746  1.00000000000000000
 -0.00235456962069335  0.00961671889558003  0.02210265783703904  0.03325989952612520
  0.04474197915967825  0.05572820917301239  0.06610920063921345  0.07610322551580741
  0.08609992645770992  0.09568973011000104  0.10617510550159767  0.11643321159132634
  0.12697037663859442  0.13735444243038247  0.14868931873971761  0.16026040611467096
  0.17161836233487041  0.18238810820030318  0.19328759087629288  0.20458291225255695
  0.21621023950005705  0.22730001622077786  0.23738284277007701  0.24683313474851146
  0.25600488475921013  0.26600538658367062  0.27687630969873417  0.28856912528744472
  0.30061430218905877  0.31249162561683341  0.32406836351303059  0.33528321182003062
  0.34587223853113613  0.35599217748442302  0.36591894950110432  0.37502771533109630
  0.38372606380878266  0.39297724338041712  0.40302552687518040  0.41333340507066602
  0.42359470509864505  0.43454087577358103  0.44630521492080028  0.45681233884563860
  0.46676385585933428  0.47652832547537499  0.48775966136219451  0.49951335031609490
  0.51071683864031614  0.52163348800999820  0.53224480149626407  0.54282383204793017
  0.55345525523732675  0.56417282089984599  0.57508742455642103  0.58535079725356998
  0.59545444042799145  0.60555008358547391  0.61594521737305896  0.62693835734736991
  0.63803793723529778  0.64905015389292209  0.65977234077079050  0.67044037167328130
  0.68141835075799040  0.69287280628846082  0.70458661633230613  0.71608404327031661
  0.72827287126649731  0.74012160848412767  0.75170108292599913  0.76256137793605960
  0.77337509656663139  0.78473733786162003  0.79611648165951987  0.80687844096417205
  0.81714966549047885  0.82740808718667069  0.83798922053911462  0.84897072987399125
  0.86049317918831181  0.87276211945704663  0.88456255908347248  0.89444127424452347
  0.90267656677631603  0.90985745214384428  0.91881200887187398  0.92965921796642148
  0.94115177431676944  0.95024596739641454  0.95745710302862874  0.96455342110944153
  0.97091646873805559  0.97949321993172078  0.98999094132924048  1.00000000000000000
 -0.00202112115187301  0.00814178271843309  0.01944140700686492  0.02956012866008179
  0.04066929824710021  0.05160519135510382  0.06359361486353358  0.07587538643527221
  0.08820716841982436  0.09981523484209605  0.11123134520679509  0.12280376094785739
  0.13536507829626387  0.14759898348111658  0.15897106916779347  0.17018379484372748
  0.18123879297114681  0.19205339439870600  0.20295497490062905  0.21349047755625328
  0.22503999838395311  0.23641122587911356  0.24679618526046387  0.25576421460364984
  0.26471389854137861  0.27445136675769316  0.28472209675441040  0.29436301323535524
  0.30161526875837752  0.30956224902860718  0.31741427528429578  0.32604611316342152
  0.33550141105323950  0.34499808388415937  0.35450058955861269  0.36379689658132547
  0.37295873887739139  0.38221859082682635  0.39135085065964659  0.40179470348101581
  0.41252417364863986  0.42339347107796582  0.43372272713096921  0.44432520860385111
  0.45460004884768757  0.46499974499639724  0.47508957675253188  0.48480227227069722
  0.49476299443770033  0.50456392727222321  0.51410088456265834  0.52537944162544847
  0.53670516866180262  0.54884509001562676  0.56042666326787416  0.57172598909638739
  0.58275051501538766  0.59387026137937615  0.60485680620582782  0.61558951962132402
  0.62617819554694054  0.63664617336431428  0.64708233385380431  0.65802233452518888
  0.66871861128683585  0.67905547581501857  0.68983489752893590  0.70130858820285091
  0.71236407726883488  0.72288469710176584  0.73334953023363991  0.74392767835921436
  0.75467532632702250  0.76593036344763987  0.77780959762466417  0.79011977756472485
  0.80227109267833552  0.81396364810800448  0.82556623628734238  0.83671180941375578
  0.84730921621847310  0.85740718945508443  0.86686330931535216  0.87676707017204325
  0.88750502627367067  0.89900054496732495  0.91050222923181690  0.92114387920022722
  0.93113907021145403  0.94147873480802435  0.95248997131386537  0.96348662568436383
  0.97392370341450063  0.98335280928929347  0.99183788927580296  1.00000000000000000
  0.18588707905621768  0.20325478968609373  0.21973716593178860  0.24732323084753335
  0.28980735687914982  0.34028082070509946  0.38835721917333660  0.43396795004357486
  0.47704314931153491  0.51789396858880354  0.55118378722735795  0.57750444303825432
  0.59716705129962566  0.61269951343665940  0.62485194362312879  0.63465536940835987
  0.64281124549375857  0.64792016067304070  0.65231675074026108  0.65649665045857231
  0.66024141298670946  0.66424151858817859  0.66823834433266527  0.67134349375964941
  0.67401999651640943  0.67632552843085247  0.67817622403844902  0.67970181957375686
  0.68110032700427436  0.68236193298337222  0.68362632639575549  0.68480819533510451
  0.68590646066046190  0.68689744103959582  0.68778190507280290  0.68855156791971628
  0.68919582574947325  0.68983138272239330  0.69050390809723627  0.69117719498374453
  0.69180525062448617  0.69242672750280876  0.69300351945709016  0.69356559514278937
  0.69412707055324374  0.69467894555279008  0.69522282631065080  0.69578665948119223
  0.69633146648738642  0.69680180982341844  0.69725592129999325  0.69773292085185323
  0.69820219873535994  0.69865467548322746  0.69910805425789879  0.69957276329134355
  0.70006902207196076  0.70060344699084687  0.70114838683354364  0.70169927692371259
  0.70225817867907459  0.70282520383519775  0.70340110696340818  0.70401572468351459
  0.70467758362426358  0.70537788838161630  0.70613528153438887  0.70694109764574220
  0.70780448901231097  0.70874077486272891  0.70972129322615285  0.71070975414352289
  0.71169662561224878  0.71272319685587338  0.71387540886729473  0.71517236367910142
  0.71665010545353891  0.71827995833729796  0.72002787525530787  0.72180859619022986
  0.72365277662345429  0.72545820221694679  0.72727025972653669  0.72926800057305752
  0.73158606739154164  0.73497166296217031  0.73895818345376818  0.74326577703184371
  0.74815310095737753  0.75424471064506537  0.76226178725416172  0.77237600765565662
  0.78542266907412517  0.80438437033899557  0.84188999688080801  1.00000000000000000
   2.3596098668016531E-009  -1.0000000000000000     
 F F F F F F F F F F F F F F F F F F F F F F F F F F F F F F F F F F F F F F F F F F F F F F F F F F F F F F F F F F F F F F F F
  <DiscreteSampler_grid>
  grouped_processes
  1 # 1 for a reference and 2 for a running grid.
  10 # Attribute 'min_bin_probing_points' of the grid.
  1 # Attribute 'grid_mode' of the grid. 1=='default',2=='initialization'
  0.0000000000000000 # Attribute 'small_contrib_threshold' of the grid.
  0.5000000000000000 # Attribute 'damping_power' of the grid.
 # binID   n_entries weight   weight_sqr   abs_weight
    19   10   1.706361228372929E+005   1.045725398610798E+011   1.706361228372929E+005
    22   10   1.706361228372929E+005   1.045725398610798E+011   1.706361228372929E+005
    25   10   1.706361228372929E+005   1.045725398610798E+011   1.706361228372929E+005
    28   10   1.706361228372929E+005   1.045725398610798E+011   1.706361228372929E+005
  </DiscreteSampler_grid>
