 -0.01526997892902358  0.11240696417369110  0.17922946340984675  0.22373338576862886
  0.26117230427804999  0.29674514576515837  0.32576160075857030  0.35445183546927944
  0.38268261225614802  0.40613038079774744  0.42427395019585507  0.44179315335077562
  0.46341964352988263  0.48438354752075313  0.50438515450136023  0.52333068252439863
  0.54070216400862403  0.55742537497034561  0.57350438536336557  0.58928778012035055
  0.60534486592166170  0.62068975082675426  0.63396280470519095  0.64564511118846635
  0.65724662282520574  0.66875011552815355  0.68022557185168719  0.69249033663856274
  0.70520471829774312  0.71706589173506652  0.72787799134456377  0.73807805595550435
  0.74806188454072575  0.75794027951725063  0.76788247761787742  0.77754902798694003
  0.78748552206295097  0.79645802731605220  0.80521289978696264  0.81391470892622786
  0.82245194803226507  0.83015721537270615  0.83756823688705906  0.84460815679975776
  0.85156385420398673  0.85831058161223639  0.86394551138102582  0.86871903124685956
  0.87327124574004789  0.87820774945756797  0.88283222589248056  0.88687579937155780
  0.89116921618000922  0.89539457211707707  0.89909952485906297  0.90263151983918155
  0.90605068581525372  0.90955016012659062  0.91334062812952954  0.91688508515743505
  0.92004586102742558  0.92309491929763132  0.92642540995861400  0.92998372913749638
  0.93366610063293043  0.93722083734139905  0.94040274214516040  0.94328915180785100
  0.94622133008994791  0.94899790309746468  0.95140538086685000  0.95380213550387494
  0.95613179871751963  0.95841680073941171  0.96055798180310692  0.96239292716004032
  0.96426580149028018  0.96600214460385103  0.96783053412335185  0.96969704003365909
  0.97152879126731262  0.97330286458261583  0.97471608409449417  0.97590834461666409
  0.97694896275653520  0.97803043529789202  0.97924485433899078  0.98059120194667881
  0.98185864036203052  0.98309389344375109  0.98480192723745941  0.98694476456293900
  0.98940290613603410  0.99227296027899103  0.99538665205286214  1.00000000000000000
  0.00000000004483299  0.00000000004737554  0.00000000004927395  0.00000000005105541
  0.00000000005281340  0.00000000005431429  0.00000000005582271  0.00000000005770928
  0.00000000005971606  0.00000000006180140  0.00000000006397530  0.00000000006584747
  0.00000000006765272  0.00000000006956956  0.00000000007149638  0.00000000007345039
  0.00000000007561614  0.00000000007795970  0.00000000008021091  0.00000000008204576
  0.00000000008377642  0.00000000008566599  0.00000000008802513  0.00000000009048064
  0.00000000009328799  0.00000000009604224  0.00000000009864443  0.00000000010102296
  0.00000000010309281  0.00000000010521371  0.00000000010755060  0.00000000011022011
  0.00000000011339630  0.00000000011661804  0.00000000012068608  0.00000000012565645
  0.00000000013102289  0.00000000013630356  0.00000000014181890  0.00000000014616061
  0.00000000015074766  0.00000000015572783  0.00000000016148211  0.00000000016703069
  0.00000000017291001  0.00000000017797082  0.00000000018270549  0.00000000018703625
  0.00000000019158285  0.00000000019658258  0.00000000020222619  0.00000000020882465
  0.00000000021530217  0.00000000022266119  0.00000000023272194  0.00000000024487855
  0.00000000025668440  0.00000000026650044  0.00000000027727567  0.00000000028900076
  0.00000000030278329  0.00000000031836545  0.00000000033544385  0.00000000035417256
  0.00000000037635920  0.00000000040169268  0.00000000043135018  0.00000000046153081
  0.00000000049034174  0.00000000052152719  0.00000000055678085  0.00000000059139949
  0.00000000062778823  0.00000000066785316  0.00000000072013133  0.00000000080179026
  0.00000000089486468  0.00000000100822999  0.00000000112233732  0.00000000124249972
  0.00000000139321619  0.00000000161496405  0.00000000186253135  0.00000000216633105
  0.00000000262371015  0.00000000332470475  0.00000000448408692  0.00000000637365663
  0.00000001007654159  0.00000001910941492  0.00000005618469159  0.00000032342796464
  0.00000346590492378  0.00004108778369737  0.00708084064924386  1.00000000000000000
 -0.00223176448996345  0.00853063011849322  0.01988024312309678  0.03171871283103275
  0.04380130172313948  0.05552293389886009  0.06732961657107724  0.07867897511382191
  0.08935852632630058  0.09905972356213939  0.10863923856378579  0.11837745912973918
  0.12748991713460328  0.13591061945880750  0.14440499449274199  0.15266310545237335
  0.16131495173009261  0.17160925727094661  0.18238191475210841  0.19235644449307407
  0.20088658368189213  0.20863580845394958  0.21621604893508595  0.22488755206432740
  0.23493328380732814  0.24510314523774215  0.25507931672577755  0.26463216345431578
  0.27469751287768390  0.28543626301967767  0.29755411971531798  0.30972573661578101
  0.32190405541202816  0.33353722528243857  0.34487921558680118  0.35608880957959932
  0.36653145091760891  0.37693581509098278  0.38754718583619685  0.39842026784774770
  0.40951661780609133  0.42048953795889199  0.43164116065626557  0.44327892373393357
  0.45510290985955804  0.46679335708921815  0.47810791609882974  0.48844524696610464
  0.49913230931771252  0.50896199553764121  0.51715865295055685  0.52493923833366340
  0.53404678211870760  0.54419308943454237  0.55531348645077194  0.56678528272023865
  0.57799473767487086  0.58865709312107006  0.59875180921043425  0.60810634354778448
  0.61803533148969236  0.62886920897334131  0.63927892785710694  0.64944467312070608
  0.65945693269136074  0.66931140032771830  0.67990627750279320  0.69081626904977744
  0.70220977970093879  0.71325421224478636  0.72376727194540624  0.73358060158238803
  0.74317456030783136  0.75390663969642313  0.76635965022887398  0.77877785047014048
  0.78986882343728881  0.80039773086392030  0.81138910974912615  0.82264763204740488
  0.83385318009190978  0.84449192132734807  0.85493940777050526  0.86501331498261280
  0.87515699351676624  0.88607182184117628  0.89734731096440534  0.90903920422378137
  0.92053069683370792  0.93206791141716494  0.94378137720451472  0.95573199353243354
  0.96722886446813006  0.97809143116595654  0.98859860053410442  1.00000000000000000
 -0.00312520781463200  0.01124735089052333  0.02296461339150640  0.03509059462975888
  0.04676256929113472  0.05853744476082957  0.07046697962697057  0.08198451384537160
  0.09266062898344263  0.10282013700068565  0.11295445914981690  0.12385342877010008
  0.13528245962022578  0.14642938493563537  0.15698066333032662  0.16720056673471967
  0.17750935504709905  0.18790639087189207  0.19825447667332130  0.20871208474899478
  0.21973449975439438  0.23155450486299348  0.24282093892321940  0.25295412778582821
  0.26288585261264974  0.27271675177659016  0.28303397632013177  0.29411623857359959
  0.30524855740320250  0.31630079787504578  0.32770925756980052  0.33935974614242420
  0.35107601565120328  0.36256041024672414  0.37418810926447499  0.38565048317759909
  0.39745384570467346  0.40828665309507589  0.41879378123909239  0.42832801973364654
  0.43898264598514536  0.45045107302171777  0.45937059544050313  0.46950253860717694
  0.47957459754641879  0.48943164775154641  0.50003517586075563  0.50957717022256543
  0.51932593635144486  0.52912459146611301  0.53914396651151930  0.54948856405103574
  0.55963223485148328  0.56914044366546246  0.57821009873520923  0.58725472727820682
  0.59651193104620504  0.60696349554770235  0.61780228062313813  0.62814700326612793
  0.63847583904873917  0.64843908795447858  0.65771185969236390  0.66605384825238256
  0.67402840905228478  0.68289130176258928  0.69344272674286045  0.70455358128547207
  0.71603411419134833  0.72722008864830889  0.73785036317425012  0.74788364067723656
  0.75805603135549360  0.76881288870647058  0.78011229548777627  0.79123321839500749
  0.80263357498735355  0.81354385395360784  0.82403411043644592  0.83342845168515278
  0.84208722167405781  0.85094521486505359  0.85962220503643327  0.86938291886325569
  0.88011679371076035  0.89081318495753348  0.90114072036730997  0.91141515605383461
  0.92212624985182590  0.93331030065570053  0.94449657892112526  0.95550024682621193
  0.96631565751337301  0.97721231810253661  0.98876214987565247  1.00000000000000000
 -0.00210840814119095  0.00819339512760408  0.01939069987623544  0.02902860117694506
  0.03831277904736363  0.04744891038382421  0.05781823825261922  0.06812999195514420
  0.07828464814743177  0.08829876773368579  0.09779359240576568  0.10701893778088738
  0.11678163937521824  0.12753506475972337  0.13874620944253535  0.15045869391752137
  0.16242580841442644  0.17378680145932493  0.18432688476338469  0.19415075953674341
  0.20407291709250583  0.21490171008578177  0.22636509031524230  0.23733048003815593
  0.24661286127587395  0.25553256180375283  0.26515826683809846  0.27566303308767354
  0.28672106416420734  0.29723516868455185  0.30728044824491929  0.31702966932364063
  0.32626868663770464  0.33525849707682803  0.34440072758155699  0.35372652129948973
  0.36389342872208380  0.37531350026019916  0.38756049445080032  0.39912760061365921
  0.40981792505596071  0.42008546107806538  0.43104362270513447  0.44231935212918055
  0.45306013153896224  0.46422046746853152  0.47577165236812718  0.48662547123037120
  0.49651396790074503  0.50596251476578891  0.51618034652742062  0.52730820382502119
  0.53939561495776511  0.55193676672279224  0.56371593585834412  0.57403413206203524
  0.58340973784136774  0.59285898704978024  0.60286723325900637  0.61355875784746061
  0.62444325628498221  0.63577780090842251  0.64782407813822362  0.65968581247733715
  0.67156134542939538  0.68326955468043837  0.69470792415990446  0.70543302173421196
  0.71575625689918099  0.72637235115276910  0.73732346396126758  0.74855627794933266
  0.75969326948723259  0.77038679870207760  0.77948764961701056  0.78722401969119493
  0.79603290551776307  0.80496846880791684  0.81422101035749506  0.82518837252919697
  0.83661091797952014  0.84816089891677815  0.85967410366439045  0.86997001869109669
  0.87922390806163597  0.88973053762882315  0.90001378592715076  0.91089658874920731
  0.92298168022966998  0.93486260276567801  0.94614552540778118  0.95793173257448416
  0.96920799905167543  0.98012871758754239  0.99059780598087277  1.00000000000000000
  0.18352303589327199  0.21392874837291487  0.23728893470805551  0.27457175071466045
  0.32677430188420864  0.36641510038544101  0.40395961279934328  0.43732148060933895
  0.46424848716888051  0.49404663492172951  0.52397582680637866  0.55077608076291096
  0.57543959326652350  0.59627798053747216  0.61362876469706418  0.62758155179998776
  0.63806481096705769  0.64588933138341342  0.65226892018035931  0.65777899360773107
  0.66259892824233846  0.66671931482885505  0.67002322326801877  0.67255866630457051
  0.67465546576321200  0.67654154173681136  0.67830287431030478  0.67995537522033711
  0.68139107493328688  0.68267267844625257  0.68386566277223992  0.68491799224172023
  0.68580660611401589  0.68666960771404484  0.68755647535031217  0.68841633369383770
  0.68921046440419376  0.68991170074349495  0.69056523320169294  0.69115707652930647
  0.69179493049982910  0.69241028266993043  0.69297172855662392  0.69344550506721492
  0.69391930633862542  0.69438977883255648  0.69484099121405962  0.69529837990579901
  0.69579178597087121  0.69634095849419242  0.69693153930487572  0.69749178638321985
  0.69802321986955485  0.69853023306113327  0.69904422835733004  0.69958349120520313
  0.70014363854835149  0.70072050124849450  0.70130611270341803  0.70188764608493603
  0.70247249487516261  0.70308832278922817  0.70373630480085092  0.70441290676480384
  0.70507963156283793  0.70575019470389588  0.70645965217287343  0.70723640741511207
  0.70806784713320103  0.70899195372650126  0.70996863625600215  0.71099639342236121
  0.71211913871672250  0.71327161541117601  0.71448985301082535  0.71581247560674299
  0.71701372517047146  0.71828257295154407  0.71963698776996721  0.72121990393011126
  0.72283607389536653  0.72469373512156332  0.72663868942860577  0.72890093793259303
  0.73178979253320997  0.73521594779945665  0.73923950357309864  0.74382686163410217
  0.74900439697292964  0.75539220055742495  0.76283065809362849  0.77237789783542732
  0.78400614512553424  0.80187031046677837  0.83830362070085274  1.00000000000000000
   2.3946566099418642E-009  -1.0000000000000000     
 F F F F F F F F F F F F F F F F F F F F F F F F F F F F F F F F F F F F F F F F F F F F F F F F F F F F F F F F F F F F F F F F
  <DiscreteSampler_grid>
  grouped_processes
  1 # 1 for a reference and 2 for a running grid.
  10 # Attribute 'min_bin_probing_points' of the grid.
  1 # Attribute 'grid_mode' of the grid. 1=='default',2=='initialization'
  0.0000000000000000 # Attribute 'small_contrib_threshold' of the grid.
  0.5000000000000000 # Attribute 'damping_power' of the grid.
 # binID   n_entries weight   weight_sqr   abs_weight
    19   10   9.320410544865244E+004   4.021049105431493E+010   9.320410544865244E+004
    22   10   9.320410544865244E+004   4.021049105431493E+010   9.320410544865244E+004
    25   10   9.320410544865244E+004   4.021049105431493E+010   9.320410544865244E+004
    28   10   9.320410544865244E+004   4.021049105431493E+010   9.320410544865244E+004
  </DiscreteSampler_grid>
