 -0.00489945039595713  0.02633295923557210  0.04969855592338805  0.06943287252610353
  0.08612680427715234  0.10145954616637919  0.11612529730877232  0.13062841533356634
  0.14522317396290724  0.15918181549830485  0.17172352814618730  0.18278297819351327
  0.19401262936675787  0.20538142526284006  0.21701418190136867  0.22872168067018767
  0.24089161355645797  0.25349868624577182  0.26686345861265626  0.28238711049255732
  0.29872806033939653  0.31299217493762815  0.32726578367093440  0.34053439232144728
  0.35247309855214037  0.36515291204597722  0.37799861766066278  0.38989516501027527
  0.40209968136315605  0.41431551887233670  0.42561757583373772  0.43640808205553522
  0.44769699956717496  0.45934064319806295  0.47088077499500713  0.48279185777760769
  0.49541718422216396  0.50827734941517766  0.52091834201485498  0.53331118811576783
  0.54523408741452084  0.55659816734019596  0.56762952713392034  0.57838350273088568
  0.58920341590962599  0.59991896835733904  0.60976116999851604  0.61891184069848004
  0.62810527941474059  0.63742817505352545  0.64650124610806303  0.65509870228443690
  0.66402102834400267  0.67361650595659361  0.68241570995523781  0.69114822923988939
  0.70009340193640612  0.71000323369690432  0.72066914635759127  0.73151316528236610
  0.74273285072825823  0.75364772173581385  0.76397701812360852  0.77438104652517736
  0.78520989150094123  0.79585673538447543  0.80621041204194321  0.81731672142120237
  0.82963355404566519  0.84223473538726090  0.85401550641060975  0.86462576452097673
  0.87448553160004594  0.88336756091317459  0.89150293293165062  0.89939699665261064
  0.90692432099468556  0.91442695494330672  0.92150492967639308  0.92809785659344690
  0.93455728081680722  0.94092036910658072  0.94720923123172229  0.95329626723393002
  0.95889921434960901  0.96386810303876014  0.96846996792513462  0.97296926093378322
  0.97727518318621520  0.98129114747540902  0.98483722679451169  0.98789963855569907
  0.99063450538621356  0.99325799765592326  0.99574457759129931  1.00000000000000000
  0.00084443823569761  0.00088672555776827  0.00091479112009356  0.00094047476414676
  0.00096756102877227  0.00099419637953712  0.00102043478755392  0.00104623261860843
  0.00107188768502209  0.00109775291332986  0.00112409183727115  0.00115089213981798
  0.00117707356886595  0.00120559146460379  0.00123390332692415  0.00126394705117178
  0.00129461457501179  0.00132607415256397  0.00135816264138302  0.00139072000514924
  0.00142418035674389  0.00145945579492685  0.00149727198155912  0.00153679587636456
  0.00157583260190697  0.00161447974895000  0.00165671806601608  0.00170043180871704
  0.00174606851458985  0.00179348615546739  0.00184271960544596  0.00189330152591305
  0.00194459978622625  0.00199756674405502  0.00205490082948991  0.00211463227710094
  0.00217538602016025  0.00223877175182854  0.00230835115684540  0.00238071546666816
  0.00245465078197088  0.00253488367337695  0.00262014262833294  0.00270667651721979
  0.00279611568438824  0.00288861348778983  0.00298367230282951  0.00308156653615541
  0.00318497608319449  0.00329445563348858  0.00340813693356790  0.00352918553121255
  0.00365721381402976  0.00378829317226622  0.00393086409501606  0.00408424459032956
  0.00424257158951400  0.00442109545529759  0.00460834011996933  0.00480071170867880
  0.00500670389961442  0.00521769561497897  0.00544189654832727  0.00567443619314139
  0.00590296697046851  0.00615418368120487  0.00642161257859267  0.00673575068099058
  0.00706620188918145  0.00739177607798691  0.00773424261609781  0.00810732726646155
  0.00854890431492927  0.00901728121986246  0.00950762563807480  0.01001471798570189
  0.01059674926978538  0.01123077727761355  0.01193338849655788  0.01271296167803990
  0.01361133062600441  0.01466644808121122  0.01594970484950489  0.01744810734511602
  0.01889666988627708  0.02284193751125704  0.02504702940017914  0.02778376142506170
  0.03067539548947426  0.03445964320558867  0.03981073671121169  0.04658128559125383
  0.07695693633330601  0.14129928292651692  0.65245925299891749  1.00000000000000000
  0.00315668353811868  0.00610173778433141  0.00875765405568307  0.01154564136116353
  0.01429018998072928  0.01957310037983456  0.03077794945450475  0.04348196804107450
  0.05683325164111006  0.07066933225639431  0.08372985920649689  0.09511165346319420
  0.10620798008920890  0.11555061450843154  0.12538632942477645  0.13494202004498188
  0.14428839485273434  0.15346664648703787  0.16327854976037284  0.17433371428424677
  0.18677671486695879  0.19940605760135219  0.21224239582994098  0.22495876538465814
  0.23612387573896168  0.24589826384415481  0.25606492726339475  0.26618858295612480
  0.27610665394893108  0.28575570225709579  0.29557919551874795  0.30558411755334630
  0.31555164930835150  0.32558081320499055  0.33574664729862247  0.34599829440807944
  0.35635445562395152  0.36686300989648857  0.37768227252388459  0.38874016316357912
  0.39975076774933027  0.41064141574970747  0.42141519534232774  0.43204491316478560
  0.44244413480413725  0.45275064979681695  0.46318459311986387  0.47371452777510054
  0.48467300112639150  0.49641225860657934  0.50884647511751735  0.52167946030715973
  0.53292714911862249  0.54411171741945241  0.55436307062221735  0.56482883990603050
  0.57475079353755432  0.58467443001799846  0.59518205811397951  0.60581987879925181
  0.61638408730304517  0.62677003437849443  0.63696897667904917  0.64709821311684879
  0.65685516526084919  0.66683745960553664  0.67720345958558070  0.68771405206103942
  0.69886355627044361  0.71036374104951061  0.72255774329167288  0.73502150764224516
  0.74692331442171045  0.75836255917281103  0.76930487435234807  0.78018262655431003
  0.79106333936206130  0.80188018437555042  0.81279160724506638  0.82398212505696300
  0.83484299147778018  0.84502320089665339  0.85515157960620292  0.86543267074464258
  0.87570888713240680  0.88570382997900221  0.89582026857177011  0.90655447663999467
  0.91745772790130753  0.92811752510559320  0.93919816943989742  0.95211947271885899
  0.96446159676284893  0.97600267490066628  0.98797167398492947  1.00000000000000000
  0.00034255163889779  0.00155262223092307  0.00265345682637719  0.00419774423543373
  0.00682040259900862  0.00940975421134453  0.01511648681356423  0.02464693610400466
  0.03435653592889205  0.04434969978618015  0.05480832380438316  0.06542239760463243
  0.07742900764027995  0.09047149356143214  0.10399313786186809  0.11662108223032017
  0.12845114889865042  0.13975192911590592  0.15084172094237475  0.16179272118505630
  0.17247209789921214  0.18306648349764795  0.19409723083681563  0.20561115462930774
  0.21712814030737546  0.22855592263590663  0.24011277604641640  0.25157760715038996
  0.26231202684581223  0.27274310144135289  0.28213252197748068  0.29168364246686090
  0.30153590515030237  0.31152720341409768  0.32133292177284656  0.33095772607858576
  0.34240496019727518  0.35439039349209567  0.36605399368271913  0.37798262838016039
  0.39019792487868327  0.40190163015788249  0.41289824728408669  0.42365610853423841
  0.43415811837451151  0.44378541189120213  0.45274985283468500  0.46193878195723670
  0.47097633184198262  0.47941148679439782  0.48718389971491710  0.49483005504096533
  0.50265115032941610  0.51091444216446347  0.51923449801871713  0.52781340023138035
  0.53632905096799477  0.54541011467231970  0.55943190948444499  0.57083703573599798
  0.58154443143572110  0.59249266485497520  0.60342441644218969  0.61420349382943840
  0.62463218540324994  0.64028098570149050  0.65886020320229610  0.67669538446915822
  0.68797066675226781  0.70001505226838234  0.71195461967304252  0.72378594626844273
  0.73558052483238545  0.74679233745468854  0.75745489666778465  0.76772700342453104
  0.77787253194002903  0.78830802584353799  0.79907805519287112  0.81001849797834735
  0.82084422927276202  0.83150237300952634  0.84214607082857318  0.85281819254233937
  0.86364965671254756  0.87403257813241886  0.88531713940085355  0.89682900565505208
  0.90864278641824392  0.92115886480566433  0.93382501905016191  0.94618154640576901
  0.95714356536906797  0.96458999853243743  0.97507366748906243  1.00000000000000000
 -0.00026411891494099  0.00059891101639592  0.00146194094773284  0.00232497087906975
  0.00318800081040667  0.00364998852311279  0.00405956201288362  0.00446913550265446
  0.00604418688697518  0.00842470908228116  0.01091623920070844  0.01340603700848885
  0.01815780493407440  0.02848590472347481  0.03995701816869441  0.05128454204599055
  0.06268632792687652  0.07453937699977144  0.08787186346228083  0.10264269210133850
  0.11529157511060037  0.12757805989065096  0.14021094783620691  0.15109825565181539
  0.16867507147150088  0.18862682839799091  0.20531213536770473  0.21734080558041652
  0.22779892629131862  0.23780023293359795  0.24747071983495916  0.25668615274059481
  0.26590669893006630  0.27561241721129748  0.28573835831441641  0.29677869706941112
  0.30966094938114913  0.32334171821592583  0.33763944113516181  0.35100002064102137
  0.36399035205131053  0.37661815590712039  0.38918976533094291  0.40188611810820185
  0.41472452950331812  0.42764830594805442  0.44035791902299942  0.45243968811505136
  0.46397221708858155  0.47488291629653895  0.48588611666137166  0.49667679056051178
  0.50775459037266346  0.51899406473918963  0.53120857289278678  0.54341680805010173
  0.55519207670069093  0.56723340059173177  0.57984250631752809  0.59187378158729032
  0.60376954516030357  0.61515708084548959  0.62642742588619593  0.63718325660205832
  0.64803388434027454  0.65839324144343414  0.66899850746371159  0.68048393875154922
  0.69199388600698908  0.70356661972435774  0.71621063518915395  0.72930874646058075
  0.74117451535686951  0.75233428064103225  0.76355694867037116  0.77432631285278319
  0.78415990704807925  0.79404812874583042  0.80442135631379696  0.81503649802534395
  0.82616979905669741  0.83816386218885552  0.85151069084117836  0.86443219529246118
  0.87648519796973856  0.88773485751388914  0.89918608585335302  0.91110622390656437
  0.92244038940405748  0.93331412342412512  0.94445045419268459  0.95560495676213963
  0.96650367160515949  0.97718186990023548  0.98859021331436714  1.00000000000000000
  0.99972499473855359  0.99972836923059039  0.99973118327377597  0.99973402984770920
  0.99973675236937487  0.99973930258161547  0.99974185181382602  0.99974443953008318
  0.99974722375434610  0.99974996093891300  0.99975267119944100  0.99975538859468716
  0.99975810472102178  0.99976081073849621  0.99976352070220531  0.99976624960496996
  0.99976898522506497  0.99977170733949994  0.99977440741247381  0.99977711138718139
  0.99977982347550687  0.99978254169338476  0.99978523822775622  0.99978791444907256
  0.99979057713511532  0.99979323778718054  0.99979589202813424  0.99979855082198499
  0.99980121605495431  0.99980388344372095  0.99980653891952431  0.99980916517691554
  0.99981179636041861  0.99981446213495861  0.99981733601387912  0.99982016575676469
  0.99982299490491566  0.99982581434150575  0.99982864358404810  0.99983147913132908
  0.99983432457491550  0.99983715548445407  0.99983997334022756  0.99984277761442930
  0.99984556723805629  0.99984834964115477  0.99985114547676146  0.99985396572999297
  0.99985679238504221  0.99985962526308902  0.99986244354264053  0.99986526936969311
  0.99986806160731068  0.99987081865995064  0.99987355241964082  0.99987629436164804
  0.99987900408628450  0.99988170906406315  0.99988442026505520  0.99988715829956976
  0.99988994056660885  0.99989273284192659  0.99989554166616101  0.99989835904320601
  0.99990117120133948  0.99990400562587400  0.99990684801184082  0.99990970711990190
  0.99991254574137067  0.99991537992686363  0.99991820412266275  0.99992103385766151
  0.99992388376523178  0.99992676086971166  0.99992965355627994  0.99993254025152245
  0.99993542765149490  0.99993833409762356  0.99994126711816533  0.99994423001943300
  0.99994720440562268  0.99995017953540066  0.99995316514063992  0.99995617537900439
  0.99995922848932040  0.99996231119280454  0.99996542562797719  0.99996859263226490
  0.99997183691718572  0.99997517454936335  0.99997859312772963  0.99998211570785511
  0.99998577846775794  0.99998973123889567  0.99999424865187470  1.00000000000000000
   8.8022052944150358E-005  -1.0000000000000000     
 F F F F F F F F F F F F F F F F F F F F F F F F F F F F F F F F F F F F F F F F F F F F F F F F F F F F F F F F F F F F F F F F
  <DiscreteSampler_grid>
  grouped_processes
  1 # 1 for a reference and 2 for a running grid.
  10 # Attribute 'min_bin_probing_points' of the grid.
  1 # Attribute 'grid_mode' of the grid. 1=='default',2=='initialization'
  0.0000000000000000 # Attribute 'small_contrib_threshold' of the grid.
  0.5000000000000000 # Attribute 'damping_power' of the grid.
 # binID   n_entries weight   weight_sqr   abs_weight
    19   10   1.640756413199181E+007   7.999831913429141E+014   1.640756413199181E+007
    22   10   1.640756413199181E+007   7.999831913429141E+014   1.640756413199181E+007
    25   10   1.640756413199181E+007   7.999831913429141E+014   1.640756413199181E+007
    28   10   1.640756413199181E+007   7.999831913429141E+014   1.640756413199181E+007
  </DiscreteSampler_grid>
