 -0.01255583276519112  0.09601228235987883  0.14883213775329499  0.19312099581984149
  0.23228090785471728  0.26581441935494643  0.29843433599475255  0.32795083351234805
  0.35417703943186318  0.38008053187154944  0.40497762363582224  0.42854311938735806
  0.45109548538565131  0.47166312656968606  0.49044605685695208  0.50876585466800084
  0.52587970850015453  0.54208947085995762  0.55859102014456885  0.57657780630551614
  0.59343461260998076  0.60793886534787267  0.62200596096751104  0.63677300506164314
  0.65121715439423922  0.66385242685365342  0.67565460777999942  0.68701188775419209
  0.69906945231869155  0.70977338770399578  0.72036597094365140  0.73120163628697665
  0.74272655110989194  0.75414316348553478  0.76450150120100280  0.77371812767807779
  0.78148814954318657  0.79028411171665180  0.79931039199935672  0.80720957122054948
  0.81415019032734859  0.82076460057135581  0.82785926908345786  0.83504204813761629
  0.84171308970950809  0.84804545408860754  0.85398117886411606  0.86021614803731183
  0.86633796468819912  0.87282991742549820  0.87963452361715444  0.88690074716266809
  0.89382130893198652  0.90043427039579904  0.90689530398416784  0.91245928470717641
  0.91624344065696084  0.92001271499988246  0.92353870788115267  0.92672413309935620
  0.92969815431857594  0.93263864582677158  0.93529295410522884  0.93782775518128847
  0.94025709072098207  0.94268900575854775  0.94541588664546450  0.94856737980020822
  0.95167868928745192  0.95460227847785084  0.95719931726922514  0.95937626843972268
  0.96141579741758432  0.96328037994419879  0.96511394560125041  0.96709291195054903
  0.96896186050683808  0.97079580053712278  0.97257273916334619  0.97456077098293692
  0.97665646122010108  0.97875450375125328  0.98014892130404518  0.98089351691454874
  0.98163811252505218  0.98235468000645365  0.98305827111819810  0.98376186222994255
  0.98460887099620975  0.98548723012537809  0.98636558925454632  0.98844629947005191
  0.99109810949647426  0.99370249127768184  0.99530436028051106  1.00000000000000000
  0.00000000035121483  0.00000000037388787  0.00000000038914325  0.00000000040162985
  0.00000000041242052  0.00000000042415897  0.00000000043603332  0.00000000044697365
  0.00000000045834670  0.00000000046944734  0.00000000047967982  0.00000000048942659
  0.00000000049912369  0.00000000050896476  0.00000000051973423  0.00000000053154984
  0.00000000054400723  0.00000000055771741  0.00000000057180910  0.00000000058621134
  0.00000000060287783  0.00000000061860757  0.00000000063441608  0.00000000065116496
  0.00000000066858973  0.00000000068677552  0.00000000070492223  0.00000000072333326
  0.00000000074203755  0.00000000076072108  0.00000000078107707  0.00000000080373322
  0.00000000082658556  0.00000000084959740  0.00000000087130369  0.00000000089170891
  0.00000000090759980  0.00000000092122279  0.00000000093853066  0.00000000095840702
  0.00000000098096055  0.00000000100778761  0.00000000103420506  0.00000000105988872
  0.00000000108863036  0.00000000111897498  0.00000000114860295  0.00000000117961940
  0.00000000121073658  0.00000000123888300  0.00000000126779964  0.00000000129796547
  0.00000000133367022  0.00000000136262680  0.00000000139486988  0.00000000143782801
  0.00000000150078124  0.00000000158663494  0.00000000168459270  0.00000000179200901
  0.00000000190998477  0.00000000204133840  0.00000000217704238  0.00000000231892236
  0.00000000246572780  0.00000000262970141  0.00000000283410880  0.00000000308253119
  0.00000000338670608  0.00000000372010744  0.00000000406156286  0.00000000441790332
  0.00000000484130150  0.00000000540803633  0.00000000599084659  0.00000000662828264
  0.00000000740813631  0.00000000858617926  0.00000001034891038  0.00000001272566179
  0.00000001581912562  0.00000002007655936  0.00000002691736974  0.00000003901292312
  0.00000006175168581  0.00000011157500706  0.00000023250379843  0.00000058386141311
  0.00000149675067140  0.00000470411916908  0.00001585838512185  0.00005759538874856
  0.00027963171303402  0.00255613221093085  0.10861504400186422  1.00000000000000000
 -0.00231139614123385  0.00755871445685112  0.01814885137834171  0.02860419096188381
  0.03893462866274923  0.04851292644639935  0.06008505778355218  0.07020920650185773
  0.08039767656882491  0.09014748315221797  0.10045622289853329  0.11134462796558377
  0.12309872880699835  0.13480439809432551  0.14599299372463040  0.15670375751827506
  0.16717135756401519  0.17798506939643916  0.18853354122522054  0.19853158099157694
  0.20893786655510690  0.21957784578069037  0.22982027679914765  0.24010396497215500
  0.25080065520921607  0.26090922824848628  0.27090204928550399  0.28119372915052265
  0.29169962448138531  0.30229729660906968  0.31280286402690349  0.32410725265289597
  0.33444894885867921  0.34340057714479300  0.35247612876378664  0.36247865697390635
  0.37332234142537701  0.38469957144563094  0.39562210505019846  0.40600544914198805
  0.41645533042840516  0.42706565604093616  0.43872850989445383  0.44950833412160351
  0.46023288445521865  0.47159749194575529  0.48264540666048666  0.49277737614390638
  0.50264793961890464  0.51291507991725083  0.52340781380644741  0.53406858788034850
  0.54488516144486587  0.55660865580775576  0.56920596084856223  0.58155475285960689
  0.59289635074325708  0.60314245459700100  0.61335507201809358  0.62393003949974013
  0.63471089557174964  0.64570650874596602  0.65655419620268507  0.66709447345752626
  0.67775659008931244  0.68852455353869257  0.69917653218499676  0.70958575221323039
  0.71946416830987547  0.72945236550876125  0.73964676233094184  0.74837530282618969
  0.75619667635255383  0.76395624877563839  0.77207829160910468  0.77993965566228829
  0.78932379216872628  0.80145191724074494  0.81313341112964654  0.82395654078030278
  0.83470650522079892  0.84625055151400330  0.85812528649193509  0.87010942620950538
  0.88128131466136383  0.89155245570421848  0.90172649287932727  0.91200705061094045
  0.92313731222811402  0.93456072440352300  0.94640369473337660  0.95767113585735320
  0.96804090913477037  0.97905136681000215  0.98726582636329263  1.00000000000000000
 -0.00251978714025352  0.00926401214768661  0.01931780869501772  0.03065470172197192
  0.04230428090011445  0.05323443160743968  0.06423399154997049  0.07483958320805906
  0.08587293657459938  0.09639756527071193  0.10641510286994238  0.11633555563622423
  0.12651888851077403  0.13721329297545209  0.14835795481093092  0.16028369928663064
  0.17231268670042524  0.18436567531195844  0.19620819509957771  0.20784073712780213
  0.21875043607684705  0.22815858375798082  0.23740822820707694  0.24658266424951575
  0.25700529160787233  0.26821850461671015  0.27902222506477536  0.28952696455837074
  0.29975478532029354  0.31010775146236136  0.32093245374057716  0.33180198863751681
  0.34213119832815730  0.35210974783196036  0.36227012030789385  0.37305712176965966
  0.38390753116475340  0.39439724933229847  0.40518194849356448  0.41564868970553775
  0.42591212961141195  0.43621893990813382  0.44636549674898585  0.45640068934067812
  0.46647036156862953  0.47659671841305123  0.48678262328877553  0.49670181522518081
  0.50665957995686273  0.51728411042222910  0.52860424142526075  0.53986277754181555
  0.55032108424077897  0.56050159826175439  0.57082654885927175  0.58142524348787961
  0.59179210971910756  0.60215945904895884  0.61277600718378555  0.62338315546496670
  0.63376596566780785  0.64333662832470717  0.65236920980495106  0.66224718424781504
  0.67240568871410011  0.68222064934131288  0.69118849599708287  0.70175345971993197
  0.71373794422647852  0.72508539144793660  0.73530326110639810  0.74529820289968685
  0.75557744092372259  0.76661161416222146  0.77802302718526994  0.78969969855736799
  0.80099238026016217  0.81178265435925234  0.82209809029849035  0.83218855905486000
  0.84218497028558348  0.85289184409508412  0.86480067183086895  0.87698585674764773
  0.88849591209182799  0.89943244177808224  0.91066706013051169  0.92192633434425508
  0.93334315455266004  0.94455909492520118  0.95597320670569508  0.96739649207820877
  0.97704059264635579  0.98521571382717854  0.99289014859533042  1.00000000000000000
 -0.00233515434018327  0.00875234557034737  0.02069972952753776  0.02997919432091726
  0.03959527693800984  0.04887550842608348  0.05810748399558206  0.06900993359253532
  0.07946604129007066  0.08941801482259104  0.09943570482811548  0.10949704558876408
  0.11923806902001761  0.12883735769251295  0.13920859983546785  0.15067683104820526
  0.16199987148360243  0.17235467926704390  0.18269342968635199  0.19349925514018540
  0.20467449907214108  0.21516614746090290  0.22577705701367567  0.23691582947330636
  0.24901106171068510  0.26167139849714866  0.27358149169907781  0.28496950563214257
  0.29561089501325177  0.30648635482182590  0.31726914602372586  0.32822483611921077
  0.33916059981661434  0.35017713693870345  0.36026550690676223  0.36980763166325398
  0.37999730010821620  0.39076997625053511  0.40195481920369841  0.41313841249938793
  0.42384807036955596  0.43431947486948613  0.44479018059904846  0.45553133857491074
  0.46674048103819937  0.47799799595895004  0.48854531054363770  0.49910655838539886
  0.51002675292147559  0.52095144351219003  0.53238498207824625  0.54385937153634212
  0.55481612008200842  0.56526859366016324  0.57533658299429591  0.58524245359878335
  0.59587204125457149  0.60710140548581282  0.61920734089444085  0.63110721169378292
  0.64167895868023406  0.64923189167985274  0.65715078981999742  0.66507777451969596
  0.67288491387439131  0.68161357916539778  0.69208665424756555  0.70284156486322380
  0.71271901402895721  0.72196913286540887  0.73087809696768880  0.73961049935773227
  0.74850541160150375  0.75772557914269278  0.76749675784779692  0.77837153366030465
  0.78881695109588212  0.80041616979648933  0.81073543340888932  0.82163122253491161
  0.83279617032601960  0.84391135801864259  0.85542440064890923  0.86723891915290063
  0.87934544474666343  0.89062798714439428  0.90163297766536032  0.91296851545663582
  0.92448336247457319  0.93609395914519289  0.94618723028065976  0.95579127164623245
  0.96579071518068149  0.97749323143507949  0.98916063754270811  1.00000000000000000
  0.18394093983160498  0.21163621173112018  0.23868024270930444  0.27990564699365950
  0.32763155744162553  0.37068863841317323  0.41236990021998893  0.44790017780929509
  0.48239371617672289  0.51608919820309307  0.54678443070492655  0.57278857979413655
  0.59222836139541202  0.60632510903385062  0.61880199508081479  0.62970175147216856
  0.63870253510756902  0.64682845012393675  0.65348275521685995  0.65876018143839932
  0.66305982911988004  0.66657993792287518  0.66973385110584938  0.67261659194488799
  0.67520740078728680  0.67743207650426618  0.67934261087143277  0.68107024024447260
  0.68262395020650402  0.68401258054908254  0.68527469186180046  0.68639365493458770
  0.68740951428064512  0.68833552244797624  0.68925325984473429  0.69015359049546821
  0.69097885985523433  0.69172532006674348  0.69242594878629993  0.69308990901478040
  0.69370250796577893  0.69428000838631376  0.69484934747475025  0.69538434013810357
  0.69586619697267005  0.69632582381151309  0.69681336085904344  0.69729702147689399
  0.69781679266913765  0.69834138478771945  0.69888095534275940  0.69943267526235231
  0.69995399137114844  0.70046297497513932  0.70098859611579611  0.70155743305197871
  0.70210296688225571  0.70262065045323596  0.70315799441726101  0.70369587760805974
  0.70428129814144202  0.70491679921088879  0.70558885362421309  0.70630759810649701
  0.70706340524566147  0.70781549121066778  0.70860676997489613  0.70940739419727905
  0.71020382753200606  0.71107918963129935  0.71203363735418801  0.71308959444358611
  0.71420202170014502  0.71535231059075943  0.71653852062167567  0.71793010263204249
  0.71957008380466270  0.72147801508254517  0.72350707166815875  0.72595413159961775
  0.72831389469195096  0.73026875877672126  0.73242915764645966  0.73468653381620996
  0.73708283985437861  0.74019491794793257  0.74433330153320132  0.74934853604621265
  0.75504193477889237  0.76137632222570273  0.76915212230897756  0.77931769581168242
  0.79284077092983518  0.81424283976319378  0.86656923373367767  1.00000000000000000
   2.2389606913993467E-009  -1.0000000000000000     
 F F F F F F F F F F F F F F F F F F F F F F F F F F F F F F F F F F F F F F F F F F F F F F F F F F F F F F F F F F F F F F F F
  <DiscreteSampler_grid>
  grouped_processes
  1 # 1 for a reference and 2 for a running grid.
  10 # Attribute 'min_bin_probing_points' of the grid.
  1 # Attribute 'grid_mode' of the grid. 1=='default',2=='initialization'
  0.0000000000000000 # Attribute 'small_contrib_threshold' of the grid.
  0.5000000000000000 # Attribute 'damping_power' of the grid.
 # binID   n_entries weight   weight_sqr   abs_weight
    19   10   1.469192205688596E+007   2.045218704936456E+015   1.469192205688596E+007
    22   10   1.469192205688596E+007   2.045218704936456E+015   1.469192205688596E+007
    25   10   1.469192205688596E+007   2.045218704936456E+015   1.469192205688596E+007
    28   10   1.469192205688596E+007   2.045218704936456E+015   1.469192205688596E+007
  </DiscreteSampler_grid>
