 -0.01397693085559223  0.10159489294816129  0.15747570921435869  0.20235251259207770
  0.24324118141308149  0.27776821088000481  0.30759015636405457  0.33527450204148912
  0.36164983808845297  0.38691505906622470  0.41107406891206572  0.43304009279762512
  0.45383183516222836  0.47444357676668641  0.49568550638962072  0.51569248857782735
  0.53338916399393776  0.54957747449444760  0.56571717073283301  0.58114992016532407
  0.59586926579140664  0.61002457070098692  0.62320507217538446  0.63569123115784376
  0.64882731559623441  0.66266296461235119  0.67582157123172526  0.68837244312693990
  0.70164251739277206  0.71542502380131245  0.72847613439212744  0.74081907246022616
  0.75046948688081849  0.75852424634211868  0.76651411668439073  0.77378717997748869
  0.78062094181521935  0.78830247124381880  0.79599874293756878  0.80283032538424215
  0.80924564080778505  0.81595627089068590  0.82263477600021651  0.82832796737264403
  0.83403115446325848  0.83991750594507764  0.84582911429132968  0.85109276641720888
  0.85681241044108480  0.86208485622013009  0.86747194048696330  0.87303292340179595
  0.87876394568014193  0.88469775515050442  0.89065347311822896  0.89586249182754230
  0.89971938358746839  0.90320829793634227  0.90651755143762291  0.90984853076336980
  0.91355618488580448  0.91733666903539479  0.92122032306854229  0.92503373097037156
  0.92883630543502005  0.93248665776628625  0.93602732707036718  0.93958640053060638
  0.94307594040458387  0.94643066822127508  0.94964547421414258  0.95259012470347160
  0.95534087942196699  0.95798980211372498  0.96023394789041649  0.96191070528442879
  0.96369373617457055  0.96539647743669654  0.96698679980977009  0.96846074129628446
  0.97000647277318519  0.97193051915489215  0.97415174640191027  0.97619183995263659
  0.97818455411737815  0.98012558383048931  0.98158229646929973  0.98275711829639223
  0.98398350552639624  0.98526583768055220  0.98662996152394833  0.98841514773647843
  0.99080578055105006  0.99353569728934810  0.99501161547697281  1.00000000000000000
  0.00000000008613173  0.00000000008881134  0.00000000009058433  0.00000000009212563
  0.00000000009358059  0.00000000009500168  0.00000000009639705  0.00000000009769331
  0.00000000009910883  0.00000000010065307  0.00000000010231702  0.00000000010409170
  0.00000000010594579  0.00000000010769521  0.00000000010911674  0.00000000011148816
  0.00000000011391926  0.00000000011635176  0.00000000011881094  0.00000000012218401
  0.00000000012584178  0.00000000012961333  0.00000000013387936  0.00000000013905820
  0.00000000014513889  0.00000000015175119  0.00000000015887833  0.00000000016651512
  0.00000000017457148  0.00000000018241677  0.00000000018817399  0.00000000019353464
  0.00000000019859314  0.00000000020359048  0.00000000020851396  0.00000000021525223
  0.00000000022311585  0.00000000023149459  0.00000000024019440  0.00000000024943926
  0.00000000025959133  0.00000000027124827  0.00000000028404113  0.00000000029717340
  0.00000000031062716  0.00000000032255043  0.00000000033337429  0.00000000034621364
  0.00000000035869081  0.00000000037003356  0.00000000038183666  0.00000000039606900
  0.00000000041431050  0.00000000043460278  0.00000000045393533  0.00000000047453540
  0.00000000049668527  0.00000000051998743  0.00000000054775838  0.00000000058499627
  0.00000000062536134  0.00000000067045640  0.00000000071873162  0.00000000077441806
  0.00000000083669429  0.00000000090330709  0.00000000096857757  0.00000000103251417
  0.00000000110425572  0.00000000118818276  0.00000000127388867  0.00000000135809046
  0.00000000146708211  0.00000000162593299  0.00000000184463527  0.00000000209173408
  0.00000000237065937  0.00000000268148886  0.00000000315101541  0.00000000381751672
  0.00000000454409197  0.00000000575279250  0.00000000757460307  0.00000001036570730
  0.00000001529453131  0.00000002301847494  0.00000004024611182  0.00000009188491382
  0.00000023303623747  0.00000070406137649  0.00000332062399065  0.00001598441825960
  0.00009103907368950  0.00121113060852803  0.21915482747060738  1.00000000000000000
 -0.00219886958549607  0.00912126160293343  0.01896863914029551  0.02676479070686947
  0.03491024085026375  0.04374350160481358  0.05332183257194930  0.06314352783731396
  0.07299163493971210  0.08366657513651858  0.09567888178226519  0.10740554218743370
  0.11894454452418143  0.13009622934186343  0.14060130171052396  0.15067115056498206
  0.16109069370191159  0.17210531069426296  0.18317533465049304  0.19367923179187688
  0.20406775933075449  0.21489165841226748  0.22637142577171415  0.23836908845114888
  0.25064422177013462  0.26234182408407442  0.27375213694632949  0.28507871257987100
  0.29671123527317567  0.30841116715278299  0.32028603029705449  0.33125068571891819
  0.34158436856674024  0.35143378479994442  0.36139907804709598  0.37104082918836356
  0.38237929290404021  0.39425018399666939  0.40441679970530148  0.41489211451154573
  0.42476941564948534  0.43281501223654928  0.44001208317117879  0.44754552918402268
  0.45529367107642688  0.46455533878348870  0.47504845269107426  0.48519385669306986
  0.49482986172689308  0.50454295207582001  0.51499587347894216  0.52615697052671684
  0.53763489198001602  0.54917100069566316  0.56088237628229087  0.57249114130787415
  0.58382289234071472  0.59481535872639713  0.60565750593588474  0.61639049587217609
  0.62718671024326034  0.63835077627000392  0.64953093412950524  0.66052152707098788
  0.67175753066796795  0.68270478560541015  0.69304859028156163  0.70282594331541015
  0.71236235524482117  0.72221512844985836  0.73318475635131064  0.74425762185599698
  0.75484341891184747  0.76471689482989647  0.77484209453068620  0.78570207667549785
  0.79725041075362291  0.80898449693614183  0.82006065303612974  0.83065087312448393
  0.84096413014988214  0.85172582819255749  0.86265131393250916  0.87411168655441718
  0.88540090597115351  0.89647309751566506  0.90722955118923199  0.91778710318773382
  0.92871741879260805  0.93973932894334322  0.95103959760485723  0.96196243879044430
  0.97277889837728126  0.98263942300883289  0.99150102140205199  1.00000000000000000
 -0.00204302568152106  0.00819856572401927  0.01907729917505327  0.02914956034055035
  0.03866200868896727  0.04895744282154973  0.05811515049961200  0.06771540418266135
  0.07906175897730160  0.09099686709389114  0.10233057237219434  0.11263188700259449
  0.12171279295263293  0.13072602400183639  0.14029340413642011  0.14948475473969669
  0.15806169150739557  0.16744368242590701  0.17767128278414135  0.18856887601678071
  0.19994693991858897  0.21164306875885958  0.22346044374191409  0.23576925414045485
  0.24812240840278854  0.26053289201662433  0.27241698868328623  0.28422304308557134
  0.29615963682225255  0.30839148673577665  0.32050887738018602  0.33270009318606447
  0.34455062471829473  0.35611994911663203  0.36749247862912965  0.37863274025124455
  0.38963235856352774  0.40030250508990761  0.41102445508817381  0.42208067918534126
  0.43313340574574793  0.44383117698681679  0.45419678213970693  0.46472739277812286
  0.47596032719074061  0.48742039011954308  0.49813155379478380  0.50759290765912324
  0.51627314435935234  0.52494786578720676  0.53434884603306776  0.54474781801408001
  0.55478358806794248  0.56468707767227622  0.57431663730305771  0.58408339716909952
  0.59417310910764243  0.60451685147628997  0.61549409136943400  0.62642053658329588
  0.63716198586148087  0.64828092087279332  0.65998674534931734  0.67128280239474503
  0.68170558200723508  0.69177304350214963  0.70192211706443675  0.71224075323621139
  0.72218907458897730  0.73158536892742088  0.74072590805667660  0.75028831745098634
  0.76019605505025623  0.76844717913801763  0.77726934016099891  0.78603973916168790
  0.79455413359923666  0.80322160325584302  0.81308628338204847  0.82303433407854809
  0.83371793207028433  0.84514153581745688  0.85718335429641790  0.86878428382658379
  0.88041073588475316  0.89225847473686215  0.90418546101972952  0.91570500375581843
  0.92558429477523207  0.93479883330736246  0.94456980580130745  0.95531582299491258
  0.96589398368484958  0.97644395390434358  0.98629933456343066  1.00000000000000000
 -0.00288078655665915  0.01080517380648841  0.02174030200161668  0.03363239017790658
  0.04392449119113143  0.05388257841568308  0.06464205640764753  0.07641800429750427
  0.08773245701248417  0.09881626490409599  0.11038895663578265  0.12249172901391413
  0.13304235027616759  0.14339669676907155  0.15392436819131647  0.16558059076445508
  0.17774584389674489  0.18932075709938556  0.20013195663210523  0.21049581098324865
  0.22110688479780044  0.23221411842413187  0.24414769546732096  0.25645902890624483
  0.26902323993597943  0.28113366019904540  0.29182506361490768  0.30173098528566850
  0.31163817143830297  0.32044974729352332  0.32987821093716108  0.33953854211208617
  0.34917148710414547  0.35921100835095221  0.36890577511246248  0.37868812673040492
  0.38857912196391825  0.39873179901547673  0.40970980667216728  0.42104768507293727
  0.43213187100040845  0.44319209862712305  0.45388803586753884  0.46405457964327096
  0.47405124577350277  0.48454766718046571  0.49579016027683437  0.50595784516587727
  0.51614787334312817  0.52599282863266017  0.53605254474306530  0.54720624640662197
  0.55764400010356452  0.56820540081665638  0.57867206874690236  0.58972022550927050
  0.60015341761887420  0.61059499242700999  0.62122615471432607  0.63207377741583781
  0.64286284658959081  0.65383114756964100  0.66440860979199645  0.67485328616659102
  0.68505529141315857  0.69572439583204715  0.70662228237644298  0.71743228235944034
  0.72807835833056045  0.73837752456256234  0.74851931095323232  0.75865714171963794
  0.76905130360984619  0.77949025150805429  0.78797958330448681  0.79373117966118434
  0.80085138407792700  0.80888631162747426  0.81769627015475210  0.82856649705509067
  0.83980950364261142  0.85078129316011841  0.86111893412688634  0.87202847516747306
  0.88373370547852170  0.89482119950695704  0.90528116604253783  0.91643872914868763
  0.92865200736775222  0.94029115153347775  0.95072674414140501  0.96067920358754377
  0.97113694132733175  0.98036390100832982  0.98991129996449334  1.00000000000000000
  0.18417732877022930  0.21043829607814210  0.23181624603534351  0.26055360041580500
  0.28890204022794752  0.32645029498969841  0.37534936285932385  0.42733776959026648
  0.47688389116980240  0.51704186126602969  0.54817586721777123  0.57269307698819272
  0.59168817340202462  0.60568796768593003  0.61729127477307089  0.62749605748004056
  0.63605854377576587  0.64381691960775478  0.65040362360451820  0.65616147239256406
  0.66136032136708045  0.66581081366580286  0.66935613359511903  0.67216491200335693
  0.67451868458060060  0.67652926330400942  0.67827760023766837  0.67986081038136759
  0.68137962509678474  0.68291287389358968  0.68434502107573791  0.68564767911352908
  0.68680825456339467  0.68779557809290348  0.68864279746780688  0.68938349336243432
  0.69006016881289456  0.69073424981746168  0.69141617496303709  0.69209274546971322
  0.69274818184913978  0.69337136150639922  0.69396983520537758  0.69453744177409360
  0.69509680373965987  0.69564935563999608  0.69619786728846500  0.69674163313108317
  0.69722444396272298  0.69767048389797626  0.69810234651255521  0.69854885598456207
  0.69905278109269819  0.69954762888391442  0.70000793072054635  0.70045966990018882
  0.70091838434203169  0.70141545002448658  0.70194099788642250  0.70249979337602442
  0.70309606230400945  0.70371128898263879  0.70430921635444454  0.70489575878755484
  0.70551089076367202  0.70612978168363227  0.70678304852723006  0.70746821748859423
  0.70816185231626105  0.70892506652094545  0.70978445422894654  0.71070909459116804
  0.71168968214281814  0.71267920074663438  0.71375756679384783  0.71498621550565244
  0.71631941198073346  0.71776826277847250  0.71940119810822589  0.72124508764916195
  0.72325543536171211  0.72526325213597742  0.72749155406591270  0.73015691397096505
  0.73341159959200120  0.73724217795147429  0.74159632016808008  0.74667809120238626
  0.75232888182502256  0.75843571309557678  0.76536782595810615  0.77408211912622393
  0.78749006253367104  0.80693264007251808  0.84585279617102527  1.00000000000000000
   2.4180697975536126E-009  -1.0000000000000000     
 F F F F F F F F F F F F F F F F F F F F F F F F F F F F F F F F F F F F F F F F F F F F F F F F F F F F F F F F F F F F F F F F
  <DiscreteSampler_grid>
  grouped_processes
  1 # 1 for a reference and 2 for a running grid.
  10 # Attribute 'min_bin_probing_points' of the grid.
  1 # Attribute 'grid_mode' of the grid. 1=='default',2=='initialization'
  0.0000000000000000 # Attribute 'small_contrib_threshold' of the grid.
  0.5000000000000000 # Attribute 'damping_power' of the grid.
 # binID   n_entries weight   weight_sqr   abs_weight
    19   10   3.003457992360191E+007   8.569029960690795E+015   3.003457992360191E+007
    22   10   3.003457992360191E+007   8.569029960690795E+015   3.003457992360191E+007
    25   10   3.003457992360191E+007   8.569029960690795E+015   3.003457992360191E+007
    28   10   3.003457992360191E+007   8.569029960690795E+015   3.003457992360191E+007
  </DiscreteSampler_grid>
