 -0.00246707463314713  0.00940851159473190  0.01954698904846356  0.03004981497017829
  0.04063763278009874  0.05120492304055960  0.06176532361229900  0.07232596241551419
  0.08291039561096576  0.09349145506667340  0.10403789518972630  0.11458078048904387
  0.12510391277903660  0.13560129904667970  0.14611296059572057  0.15662735845008086
  0.16715063205969807  0.17765155721270046  0.18817653943248150  0.19874882479579217
  0.20928505167200528  0.21983635657375153  0.23038350327039284  0.24094005807391308
  0.25149834412244593  0.26202576753415113  0.27257692581445453  0.28309263869833551
  0.29359952343928192  0.30412440407246810  0.31466459269591829  0.32523839829799173
  0.33582430664671364  0.34641029590993833  0.35700561598906128  0.36758739316529376
  0.37814904891701417  0.38862186450263642  0.39909042177583209  0.40954977948680077
  0.42002602220955065  0.43052355293199346  0.44107003962507463  0.45168470739734135
  0.46227749467728879  0.47285239099366694  0.48341305516249633  0.49395494929170669
  0.50447628397183109  0.51493289297098355  0.52543816269548582  0.53595088131416069
  0.54648665320566103  0.55700936478580876  0.56757920153210450  0.57819361046893025
  0.58878688245369204  0.59935364401184321  0.60991991530033141  0.62046983333402939
  0.63099744882831255  0.64151513927246639  0.65205055103585863  0.66259890845532632
  0.67316275275939774  0.68375285736898983  0.69429804814613094  0.70482972821580436
  0.71534969291427619  0.72588735877831556  0.73640759376673193  0.74690886994972605
  0.75745702458406783  0.76805308531446248  0.77859399919830830  0.78913935345093589
  0.79964678921848698  0.81019624678513491  0.82077578539827745  0.83136050947931561
  0.84196859809676883  0.85253021938010243  0.86307057916998331  0.87362148854687127
  0.88415930411779353  0.89468289913186838  0.90520983220261364  0.91573765023272935
  0.92624937131916163  0.93672656757345729  0.94722725887087655  0.95775150225299688
  0.96833435611538532  0.97889851431651320  0.98946591196401390  1.00000000000000000
 -0.00241659209086002  0.00955627127032316  0.01965463775373740  0.03016416407413097
  0.04067638137305747  0.05126649086609506  0.06178955628204622  0.07230374087671705
  0.08279623546710117  0.09335540476514356  0.10392779421520347  0.11450632935982123
  0.12501736300313107  0.13553920299508346  0.14603544453581627  0.15658678261506725
  0.16712341534444705  0.17765440761721749  0.18817093328217036  0.19870619724232907
  0.20926105041911569  0.21979247844395006  0.23034208515725563  0.24087822264388056
  0.25139419161033416  0.26186370101082451  0.27233860004090843  0.28286182906987523
  0.29340304633078168  0.30393382916418743  0.31447939267826885  0.32501085075979036
  0.33552280245117416  0.34602437619280807  0.35655545311160197  0.36713027812324184
  0.37766832849726262  0.38818538903666672  0.39869937509923564  0.40921586814365740
  0.41975620636226907  0.43031475452295376  0.44088279407594616  0.45148154784706340
  0.46206781749611014  0.47268577922796340  0.48327754413548263  0.49389673971961184
  0.50447327459922220  0.51503813137431209  0.52559085297345876  0.53612735934319533
  0.54665216556729734  0.55714536731584552  0.56762836293690300  0.57813447548237962
  0.58869705298949904  0.59922846017111886  0.60972583218910326  0.62021028370807585
  0.63077105208178708  0.64134412911208072  0.65193418505861400  0.66251718995732556
  0.67308955451285135  0.68364406157097413  0.69422946768798455  0.70481322138909397
  0.71532939749310442  0.72582011430245097  0.73634815443273904  0.74689311137115733
  0.75743868493912059  0.76795560664993390  0.77850132055302490  0.78901498140375570
  0.79953999587734226  0.81006972498700613  0.82059321518483441  0.83109002009292576
  0.84162577609455314  0.85215933261348953  0.86270562035602683  0.87327549240357405
  0.88386835667875674  0.89449528229544195  0.90507618291632319  0.91565973899718911
  0.92620335368898998  0.93677245894715599  0.94736728514985535  0.95793341509012431
  0.96850544475112987  0.97902300106141793  0.98955363062881019  1.00000000000000000
  0.00533457774714039  0.00906987875667952  0.01520394739657252  0.02224140172940744
  0.02991836312979834  0.03801997049114180  0.04650639724471263  0.05531366993252219
  0.06433123889497648  0.07354379874584423  0.08288904962142636  0.09236622897969912
  0.10193766526480214  0.11159861949384510  0.12133319614312489  0.13113053725174761
  0.14098022720730946  0.15087795577573962  0.16082438184132125  0.17081196058130443
  0.18083630263018563  0.19089577948085040  0.20098623054622114  0.21110093596041321
  0.22123547375029359  0.23138581772245082  0.24155760263031101  0.25175255597852436
  0.26197063544154625  0.27220769426527597  0.28245781033091794  0.29272351180997719
  0.30300542835468747  0.31330904601347193  0.32363439569479929  0.33398198373846422
  0.34434182179913986  0.35470632503282673  0.36507658930416625  0.37546535341084186
  0.38587955734440060  0.39630975349655029  0.40674333124333895  0.41718119727228958
  0.42763107902597358  0.43809382688148540  0.44856349535678702  0.45904398560443110
  0.46953843081874430  0.48004361675521567  0.49056485989241272  0.50110198717516841
  0.51165615142066712  0.52221370650752086  0.53277823932507673  0.54334699522404706
  0.55392969952147220  0.56452607468146376  0.57514164698509274  0.58576355738469654
  0.59639264580202067  0.60702915225386556  0.61767834620026085  0.62833941843517682
  0.63902062774216295  0.64972063712323236  0.66044317521136275  0.67118044048159475
  0.68193421038273039  0.69270096134570758  0.70348808951706565  0.71428975688881080
  0.72510875379953377  0.73594347237435165  0.74680203988349392  0.75768342640393604
  0.76859459491076354  0.77953415627046296  0.79050699601926588  0.80149920247407580
  0.81251620371380062  0.82357177582014840  0.83468635477193531  0.84586244029302138
  0.85709331326726579  0.86838455163976425  0.87975483304749202  0.89122526046672512
  0.90282464993840372  0.91458416849237634  0.92654970267396375  0.93881669747374874
  0.95158811588776149  0.96533434632547732  0.98131461654290753  1.00000000000000000
   1.3146351019422856E-007  -1.0000000000000000     
 F F F F F F F F F F F F T F F F F F F F F F F F F F F F F F F F
  <DiscreteSampler_grid>
  grouped_processes
  1 # 1 for a reference and 2 for a running grid.
  10 # Attribute 'min_bin_probing_points' of the grid.
  1 # Attribute 'grid_mode' of the grid. 1=='default',2=='initialization'
  0.0000000000000000 # Attribute 'small_contrib_threshold' of the grid.
  0.5000000000000000 # Attribute 'damping_power' of the grid.
 # binID   n_entries weight   weight_sqr   abs_weight
    19   10   1.070997098386234E+007   2.061669847356326E+014   1.070997098386234E+007
    22   10   1.070997098386234E+007   2.061669847356326E+014   1.070997098386234E+007
    25   10   1.070997098386234E+007   2.061669847356326E+014   1.070997098386234E+007
    28   10   1.070997098386234E+007   2.061669847356326E+014   1.070997098386234E+007
  </DiscreteSampler_grid>
