 -0.01749980498777137  0.11707185759830310  0.17565430712461264  0.20836959278420297
  0.24046758436484153  0.27271909832911367  0.30381984051185751  0.33347652664168786
  0.36217583776245199  0.38999034357922452  0.41427042635709233  0.43561900786421731
  0.45630874335648725  0.47572972129792973  0.49544947884056612  0.51067982225711694
  0.52238710414251810  0.53408503113626504  0.54808860202432474  0.56332090836715643
  0.57701285754908860  0.58859774158737976  0.60001830447984150  0.60962968259521932
  0.62088243226958162  0.63362585409811856  0.64616591932468437  0.65838320041022291
  0.66954187210951366  0.67940230405475466  0.68881968636760693  0.69733675267455997
  0.70632973885953299  0.71543051450613027  0.72526822364867460  0.73526401714089840
  0.74397015060633243  0.75196033562524123  0.75966277553289041  0.76825456674001213
  0.77720866707484171  0.78544719110295880  0.79171851451766972  0.79785293718316730
  0.80402050215090870  0.81057427170264951  0.81810420029832609  0.82560370232588165
  0.83224283302226432  0.83772521174236525  0.84239091766483476  0.84701137191256981
  0.85202142616451948  0.85778119515610729  0.86389948264179428  0.86965913269562700
  0.87509283908032776  0.88018386591364728  0.88495579552016790  0.88975530286359983
  0.89476641627494846  0.89972903297158657  0.90446755039489179  0.90873920481333681
  0.91299585912602876  0.91731704043802420  0.92156506402140226  0.92562058756701371
  0.92960807029067316  0.93364636223055519  0.93746056261750932  0.94116841864491618
  0.94466077184328545  0.94789755187056135  0.95140389878968623  0.95489798946600246
  0.95777605848409886  0.96028427434726715  0.96277531527215332  0.96526437551406108
  0.96802331708013756  0.97043261652962676  0.97272868199680251  0.97493841487092725
  0.97695080749629992  0.97876337762318921  0.98063566902055643  0.98263918151904528
  0.98475328198385415  0.98640959789407334  0.98795698984441038  0.98955659943733598
  0.99130401482770292  0.99337808938244554  0.99494159339691512  1.00000000000000000
  0.00000000001898489  0.00000000002052581  0.00000000002140109  0.00000000002213502
  0.00000000002312226  0.00000000002465911  0.00000000002634227  0.00000000002812629
  0.00000000002998888  0.00000000003192755  0.00000000003389412  0.00000000003589185
  0.00000000003798751  0.00000000004006668  0.00000000004216564  0.00000000004437154
  0.00000000004633366  0.00000000004822426  0.00000000005040987  0.00000000005259293
  0.00000000005477239  0.00000000005729054  0.00000000005997525  0.00000000006276769
  0.00000000006546152  0.00000000006814690  0.00000000007083697  0.00000000007341467
  0.00000000007610335  0.00000000007906731  0.00000000008224779  0.00000000008578071
  0.00000000008967427  0.00000000009366369  0.00000000009786139  0.00000000010240764
  0.00000000010716398  0.00000000011204952  0.00000000011694382  0.00000000012191964
  0.00000000012690787  0.00000000013158118  0.00000000013651529  0.00000000014199007
  0.00000000014841139  0.00000000015539265  0.00000000016216117  0.00000000016859910
  0.00000000017487293  0.00000000018236329  0.00000000019235758  0.00000000020357718
  0.00000000021624760  0.00000000022843898  0.00000000024269318  0.00000000025891705
  0.00000000027325572  0.00000000028664130  0.00000000030116965  0.00000000031717512
  0.00000000033603837  0.00000000035745365  0.00000000037985627  0.00000000040357718
  0.00000000042726382  0.00000000045464969  0.00000000048844258  0.00000000053797048
  0.00000000058842845  0.00000000063344461  0.00000000068169350  0.00000000073898308
  0.00000000082578720  0.00000000095838932  0.00000000112268270  0.00000000131978975
  0.00000000156456349  0.00000000186807904  0.00000000222277272  0.00000000266378113
  0.00000000320365509  0.00000000384408672  0.00000000468652542  0.00000000664701178
  0.00000000963441871  0.00000001552883185  0.00000002912492879  0.00000006538514845
  0.00000019529578875  0.00000089029886943  0.00000453261002011  0.00002823021887055
  0.00026205294106462  0.01405350909637068  0.60267192235592071  1.00000000000000000
 -0.00209676292979094  0.00857951092866589  0.01912196643546864  0.02560800605437148
  0.03318945509042142  0.04091535313924887  0.04846952986706679  0.05702008001366651
  0.06797239415950988  0.07885020766888710  0.08970147356528679  0.10121704524271778
  0.11196207068783601  0.12275656711656817  0.13358750231936670  0.14481508006734989
  0.15627235169374282  0.16843090853569853  0.18062193890235304  0.19173159832806777
  0.20163412202908454  0.21048214545903116  0.21793509145703610  0.22561234461863663
  0.23381316623586404  0.24415074031392986  0.25559382779709783  0.26688568290664477
  0.27797304366008141  0.28969901290347572  0.30110868502244736  0.31266101989430556
  0.32346387274887972  0.33343562972333562  0.34339498299033322  0.35351820242324655
  0.36393122357208535  0.37426385562670922  0.38381280459592249  0.39247696398347687
  0.40231333100076599  0.41219324856507400  0.42171416974752479  0.43187807782619009
  0.44152817439951680  0.45196909331699064  0.46380560887583300  0.47579801033651120
  0.48705290234915910  0.49795041932789230  0.50832202849556929  0.51782294040198384
  0.52886721945480231  0.54028504006384692  0.55331830068245680  0.56606459424174582
  0.57785215727541983  0.58947802568452379  0.60096943864778440  0.61261218091484793
  0.62434093401196278  0.63585581296676119  0.64718234234381500  0.65854810652611384
  0.66990399535330836  0.68097875337369063  0.69134465365285624  0.70131205947006270
  0.71145791483378440  0.72198612484986746  0.73274340664461779  0.74320825399764889
  0.75305684214873414  0.76336132342103757  0.77408905424090646  0.78593906981590322
  0.79812847576295132  0.81058905381493662  0.82331339740606524  0.83620308273206057
  0.84872814255832107  0.85963178150727582  0.86902387891560018  0.87851951083039348
  0.88826450266501233  0.89868077080482356  0.90945690411379887  0.91916925240168801
  0.92823904772945520  0.93676625628467747  0.94563727931553709  0.95550882915865609
  0.96651312295448921  0.97747339155817359  0.98838468051427031  1.00000000000000000
 -0.00226770110493841  0.00815453414550078  0.01386490201665261  0.02060515213741209
  0.02739737544500441  0.03361698176748849  0.04160545887326317  0.05199410515132210
  0.06246283626236061  0.07304907371109978  0.08370454922628533  0.09488328687249911
  0.10604740786034225  0.11737958963870902  0.12881428682040136  0.14067525368478134
  0.15305909260604933  0.16490429034054513  0.17467506199178620  0.18314856439839344
  0.19173434003651402  0.20007528781877182  0.20886302879663299  0.21785919962773681
  0.22707458916593609  0.23721564465402070  0.24856612975456305  0.25993331198022118
  0.27030492305182069  0.28094398178474284  0.29153900448552011  0.30213716260532592
  0.31356962782964748  0.32544721780536340  0.33656367918421126  0.34571291327515469
  0.35433341324843332  0.36317469758228454  0.37204573492657728  0.38091634813525077
  0.38939664736334739  0.39902366126423988  0.40983698172094063  0.42223466113954999
  0.43427334411758117  0.44574302201919663  0.45698903600542606  0.46789457730640349
  0.47929598951228763  0.49080753354469736  0.50222491441096617  0.51324655237553096
  0.52410207252775942  0.53558997436175748  0.54759760251810896  0.55958647800285566
  0.57071720557273153  0.57973008187341790  0.58995942675395574  0.60043465783732319
  0.61103216812515060  0.62207810260475238  0.63321977688276287  0.64453123974181714
  0.65613835542385512  0.66756754635431614  0.67822945644159316  0.68899264700513951
  0.69995314534651443  0.71240006308964299  0.72493304141762238  0.73680849362755252
  0.74823668588044279  0.75860366939879831  0.76970922428036181  0.78097494281042268
  0.79278791942796500  0.80511379876826927  0.81739469409135812  0.82935168548776061
  0.84060989350483051  0.85109699999048549  0.86151439795652063  0.87193362046538614
  0.88270614223172594  0.89355420625233273  0.90407677899621608  0.91487530781091553
  0.92638788795655047  0.93923623644884802  0.95005696959308339  0.96041528085749572
  0.97052682195612960  0.97976344019177575  0.98974817442109919  1.00000000000000000
 -0.00198349612558211  0.00756447451536773  0.01849551786155703  0.03065571784373546
  0.04158431508073378  0.05201576548538574  0.06248991847331031  0.07295828535132039
  0.08487970739902646  0.09710656548018266  0.10870550620031794  0.11982529426550408
  0.13030733122570098  0.14065784839481627  0.15116872468563181  0.16144430088633888
  0.17191876958425700  0.18276530714216965  0.19410012124992976  0.20499850253275717
  0.21544686031519433  0.22561797478513124  0.23634531542855111  0.24712550362040972
  0.25673655497723313  0.26571197562254661  0.27433827815333983  0.28289050022741463
  0.29366259124161009  0.30401817528708103  0.31487188090710960  0.32535224352041964
  0.33285754837656689  0.33901457987119976  0.34667619953262835  0.35376573224972685
  0.36088310602080476  0.36933331447424994  0.37870174423400588  0.38821776121321661
  0.39802950103872076  0.40822302605439131  0.41875688371477282  0.42914179184987217
  0.43910108127255315  0.44930966945895823  0.46010280004864884  0.47153638890395028
  0.48341012690695084  0.49502685683902242  0.50608561419896481  0.51705624059711741
  0.52800785820993346  0.53886235213977995  0.54954894229846241  0.56034859326016162
  0.57130188276176430  0.58241709651851215  0.59342384825350980  0.60456166232437825
  0.61630236109755276  0.62873100527550074  0.64143736975982679  0.65411809527650877
  0.66629711667181890  0.67667833336019856  0.68549159243345414  0.69368511003439537
  0.70282984199432819  0.71430817235013655  0.72684844094997447  0.73940840498417870
  0.75091076947746715  0.76102202596530544  0.77094407322360137  0.78048209741672658
  0.79147451667367952  0.80238882020300706  0.81360359095445611  0.82526653249450244
  0.83701800603469800  0.84798300115422964  0.85932758021991695  0.87078074278470419
  0.88244317692256069  0.89459674218420282  0.90638003533739553  0.91754847630957437
  0.92839793165314399  0.93838182440991347  0.94856583153512664  0.95852103612254935
  0.96811607107184150  0.97784877372642953  0.98837897978393430  1.00000000000000000
  0.18720969636278306  0.19725629716852933  0.20732492000695960  0.22358104567637679
  0.24923374858701158  0.28152253637191510  0.32092750666165221  0.36366809652261856
  0.40786796610131476  0.45382147521208732  0.49603749418102355  0.52942432658356864
  0.55823440484131137  0.58207780180116486  0.60060754690576745  0.61408324962263738
  0.62473488817203882  0.63442602823472394  0.64336788033221659  0.65103319059481990
  0.65725646529880721  0.66245409132203215  0.66663879881267774  0.66983452479350414
  0.67241251900632415  0.67480427302500390  0.67705580408355359  0.67895386829967252
  0.68043583066478075  0.68166516135327782  0.68264736529656456  0.68357841727447599
  0.68451515125627227  0.68553891211274709  0.68655355676202956  0.68749648961810661
  0.68841202599290729  0.68928767264232516  0.69008116971977351  0.69082610227389118
  0.69156188589936884  0.69226733497761594  0.69296916050114565  0.69358411849827084
  0.69416220472119250  0.69472135999932427  0.69526121162347421  0.69577589505746373
  0.69626318692544054  0.69669369189425534  0.69701260233521012  0.69737243178729547
  0.69772674386726563  0.69805366456586371  0.69842670153293385  0.69886941591445528
  0.69933393213828765  0.69978452963267213  0.70021755189114054  0.70066065452816062
  0.70116449586143603  0.70177367169308602  0.70237227604612040  0.70295515476286763
  0.70352503149436241  0.70410744123620017  0.70477969359795167  0.70548955692602155
  0.70623042472286313  0.70699977772047551  0.70782877587302795  0.70862573936943596
  0.70947022657270042  0.71038760142384416  0.71133548077174613  0.71251025710055460
  0.71360992963413716  0.71485778288833457  0.71629395469154855  0.71788670585394332
  0.71964466922261949  0.72154435889856794  0.72368674899732288  0.72615144900970285
  0.72891416467424497  0.73226214787708965  0.73624526829064774  0.74081274245229389
  0.74610633225492184  0.75227399001288464  0.75985406677772493  0.76959462628976849
  0.78258164697285681  0.80112889513585472  0.83649903852359475  1.00000000000000000
   2.5828946756519521E-009  -1.0000000000000000     
 F F F F F F F F F F F F F F F F F F F F F F F F F F F F F F F F F F F F F F F F F F F F F F F F F F F F F F F F F F F F F F F F
  <DiscreteSampler_grid>
  grouped_processes
  1 # 1 for a reference and 2 for a running grid.
  10 # Attribute 'min_bin_probing_points' of the grid.
  1 # Attribute 'grid_mode' of the grid. 1=='default',2=='initialization'
  0.0000000000000000 # Attribute 'small_contrib_threshold' of the grid.
  0.5000000000000000 # Attribute 'damping_power' of the grid.
 # binID   n_entries weight   weight_sqr   abs_weight
    19   10   2.296349408114388E+005   2.072259634893105E+011   2.296349408114388E+005
    22   10   2.296349408114388E+005   2.072259634893105E+011   2.296349408114388E+005
    25   10   2.296349408114388E+005   2.072259634893105E+011   2.296349408114388E+005
    28   10   2.296349408114388E+005   2.072259634893105E+011   2.296349408114388E+005
  </DiscreteSampler_grid>
