  0.38497940848522777  0.38536402595803360  0.38628525926636997  0.38723182647828269
  0.38817795288169421  0.38913249586200876  0.39010346080635866  0.39107895955116428
  0.39204901742884707  0.39301521169437881  0.39396848152590497  0.39491780301134033
  0.39591286756317068  0.39702061267186095  0.39821310259348369  0.39939414275223400
  0.40057514823479268  0.40175330596774123  0.40294778664858938  0.40413768776151310
  0.40534467611386410  0.40656745236670444  0.40778856826587800  0.40902237062544161
  0.41027422600030095  0.41153279774828888  0.41279994159042788  0.41408121259845221
  0.41534013088861232  0.41662628293326565  0.41795081957770608  0.41931169004770158
  0.42066975272846113  0.42204285958177479  0.42343487922884576  0.42482968762872075
  0.42624886100277382  0.42768627881502214  0.42913091473781134  0.43057752529702920
  0.43201209753804315  0.43346159873273776  0.43494410496555053  0.43645250366961197
  0.43801323162269001  0.43964641176272051  0.44129196218533889  0.44294030104084076
  0.44463270814437489  0.44633548829078568  0.44806922295399920  0.44988781000549205
  0.45173794012990254  0.45361248460000436  0.45543482889520487  0.45717417222081480
  0.45904874925316952  0.46103427533560293  0.46307057107603838  0.46515675886599456
  0.46722633917893386  0.46928502472710509  0.47134896881888999  0.47348772441362758
  0.47574240987132432  0.47808041576643334  0.48055316078559029  0.48311824899012384
  0.48576502602103894  0.48851102214515157  0.49131896577604245  0.49411022758745798
  0.49687644339855463  0.49972128666020127  0.50277293240027254  0.50601620983077644
  0.50931486668594417  0.51271108177861269  0.51622018463089414  0.51983131501751156
  0.52366598992308766  0.52771788535567821  0.53200066487085163  0.53667996010494456
  0.54151439502652143  0.54648079630299828  0.55192822745741810  0.55794924890904085
  0.56512879298114371  0.57258894953785189  0.57976065180579717  0.58768736621813955
  0.59793432969506244  0.61025868091286406  0.69605474335818418  1.00000000000000000
  0.01057143161464818  0.01400894359846561  0.01523550651468967  0.01625492866552664
  0.01711271452780472  0.01788652064571328  0.01861935091328122  0.01928422807013582
  0.01996921095034038  0.02070730178008487  0.02146709093509077  0.02222722171634093
  0.02298224208369249  0.02375489587039499  0.02452078234563029  0.02527083116328804
  0.02599649061748622  0.02669049836718961  0.02739041294699465  0.02809675069475251
  0.02880703470112182  0.02951961428615284  0.03023746955543902  0.03096453412639958
  0.03170619087498970  0.03248339494553876  0.03326898423313397  0.03406293533589229
  0.03486625454595265  0.03567581604974671  0.03648458076022010  0.03732772924679804
  0.03816350598866215  0.03903101836683001  0.03994264498349095  0.04087693116423060
  0.04183954342680568  0.04284509969625249  0.04385110870353425  0.04485251379948381
  0.04586911465675565  0.04689801179498474  0.04797042690600591  0.04909936938531308
  0.05025491160485824  0.05139149093076269  0.05252698760814774  0.05365937572985176
  0.05484842493328589  0.05610599614911932  0.05737658228945003  0.05868850737845964
  0.06003628558904785  0.06140237125596629  0.06282889386445518  0.06434068359141314
  0.06585545488546155  0.06737135315934681  0.06892337121853766  0.07052245578526271
  0.07215873686704466  0.07380458480714912  0.07546049398987170  0.07715963367428835
  0.07890834364224512  0.08069961902108662  0.08256151239664473  0.08449735492021598
  0.08646547979247270  0.08852551151099772  0.09081785366019920  0.09308469923237074
  0.09556197570402147  0.09821716242148217  0.10094139112106439  0.10372657521222796
  0.10654271550695717  0.10953208123289769  0.11259044641646045  0.11584361189986461
  0.11933662418403747  0.12311021031480501  0.12729639705802809  0.13170452445679806
  0.13623498131386425  0.14101081114102196  0.14608762775991810  0.15151333633080560
  0.15730819445698024  0.16397862357404899  0.17223946120720862  0.18268696072498039
  0.19514273678028077  0.21039400168488964  0.25930714358084550  1.00000000000000000
 -0.00263825452588130  0.00999188736138719  0.02071608674864045  0.03113355127050335
  0.04164507825939170  0.05235359143603417  0.06312555417828762  0.07383007188184988
  0.08468733280487724  0.09556482277148401  0.10672356463399194  0.11808759510587469
  0.12933618465875160  0.14002345993407855  0.15112377551827169  0.16242981303485679
  0.17302947327376111  0.18324312964072947  0.19352575184557164  0.20414520066446595
  0.21465364487086391  0.22481888782579801  0.23512706370789124  0.24544325283763860
  0.25578152353457417  0.26627341619458345  0.27716245514230631  0.28782474721571893
  0.29845437238908074  0.30910026510604766  0.32042150163319505  0.33183326605152857
  0.34308353552280690  0.35421596414358653  0.36505976444760474  0.37574618071376503
  0.38570758452328485  0.39575931830473260  0.40568189137354921  0.41594351529409057
  0.42603676100098731  0.43627701258188406  0.44686649713858639  0.45755120140400768
  0.46818205812738900  0.47904177123072217  0.49007577217746956  0.50130926762933414
  0.51296961705026656  0.52447636058355063  0.53560793934954254  0.54653099050648679
  0.55721934548773644  0.56749363192143298  0.57759298751309496  0.58774715889760742
  0.59772003179224265  0.60747978881007725  0.61739927880512568  0.62738267005984771
  0.63732140795975600  0.64710173201731180  0.65709119237693425  0.66721973043498806
  0.67742704141815901  0.68768289909972435  0.69803204768286631  0.70842366495871290
  0.71876626723991166  0.72925553662040310  0.73996673465576701  0.75056884817130021
  0.76094329795135052  0.77125535771766729  0.78192686320200477  0.79255957232023821
  0.80275950817874775  0.81272824572449909  0.82318242114550866  0.83359273551387014
  0.84346613162782513  0.85335998902552812  0.86401080428718680  0.87487376006244899
  0.88535845190134788  0.89560775441381268  0.90626057227434054  0.91705286830821298
  0.92817381537273569  0.93913985349925155  0.94985138577051120  0.96036174238537031
  0.97052082448714549  0.98050441119307119  0.99014627700280011  1.00000000000000000
 -0.00220276470486970  0.00905174918521807  0.01881866609994707  0.02916443806725018
  0.03918940320827080  0.04878723783294035  0.05843247113358158  0.06837772565276325
  0.07837843104459807  0.08846976764280073  0.09882615437093495  0.10922599557597620
  0.11948806699113045  0.12996219341269205  0.14074117711572512  0.15144900102950351
  0.16201345774880149  0.17264939961730921  0.18326102594727472  0.19385062430976868
  0.20462736788606217  0.21572007951676533  0.22717086776934051  0.23811558996192636
  0.24871087336214917  0.25924670080593321  0.26959660333303381  0.27974499325834185
  0.28987781087891396  0.30031373178890342  0.31087522177554144  0.32133575528039254
  0.33172504259294028  0.34223764358067871  0.35288796794169303  0.36354335885056471
  0.37418290645399727  0.38484812416618486  0.39545403287133951  0.40566491884202494
  0.41575350240640463  0.42604708685446563  0.43649463601412070  0.44693817706520517
  0.45767347078013704  0.46897692062664809  0.48019245901061841  0.49109793870487839
  0.50201245254679949  0.51294858652626552  0.52398950549265877  0.53481162939929205
  0.54547353114569541  0.55580561669191864  0.56582621853923909  0.57614660261821282
  0.58646016118042921  0.59723395400779788  0.60797839548055210  0.61907896945994234
  0.62963514912053253  0.64024854975996037  0.65105588983550966  0.66211926184577463
  0.67247902264190917  0.68251393310738750  0.69271068651794909  0.70323683850429741
  0.71397950370693997  0.72481889332269367  0.73560889135525109  0.74601883487304832
  0.75648319414613019  0.76683943431693879  0.77744077242613796  0.78765528647141991
  0.79778258675327984  0.80769395216090334  0.81782154206523139  0.82808989442788117
  0.83832205097743751  0.84866931282462810  0.85920977040080249  0.87008046581717180
  0.88059122746492080  0.89085271288830725  0.90157266983054418  0.91289610016719747
  0.92431999129267706  0.93564954647876952  0.94660682070030933  0.95746994940892549
  0.96801729493913447  0.97888166228452966  0.98945281707674837  1.00000000000000000
 -0.00238408953102338  0.01013041485870137  0.02050021303708271  0.03106063569353249
  0.04172894244070278  0.05249914498429929  0.06301003012927173  0.07308200318061375
  0.08305720694800331  0.09325445638953386  0.10358486115944961  0.11385636324364144
  0.12417675479673773  0.13488566330365592  0.14576692129190338  0.15693280958070766
  0.16816113939910760  0.17903717723946186  0.18956728259740349  0.19962142940484007
  0.20993270522959215  0.22036769541026749  0.23082823926964274  0.24164664901707578
  0.25281965018421804  0.26460267313699409  0.27554145803217123  0.28624578437572012
  0.29686692148493038  0.30750438612821962  0.31809739626126288  0.32861112615689758
  0.33902793468444148  0.34941436365870687  0.36006637690815557  0.37106858182121266
  0.38183616765494588  0.39231787716060418  0.40256314473052246  0.41285586882317932
  0.42305437582320887  0.43318176450971774  0.44346385707498465  0.45407100671303002
  0.46442697359273510  0.47468493698765235  0.48501140467198062  0.49573005100286888
  0.50651664074441305  0.51692458957704812  0.52754819858749136  0.53824217848859712
  0.54937372555814712  0.56042246379318850  0.57151578381908907  0.58247866629876288
  0.59356613676567238  0.60434928513920383  0.61493483627481738  0.62526603954476589
  0.63516862850689815  0.64507844292838801  0.65518338472306070  0.66503014082374823
  0.67476134672780785  0.68444151491835636  0.69514836967026827  0.70620553963611310
  0.71635715987186244  0.72637271789713354  0.73650705094790059  0.74668590588539785
  0.75679012798405754  0.76677040515562500  0.77741538299737045  0.78844768693169931
  0.79939354480869451  0.80997939658841389  0.82058044369878524  0.83129741995001927
  0.84209600679219698  0.85267387463994371  0.86297517595359730  0.87321085829667111
  0.88398984674018344  0.89500905126034846  0.90595417799805789  0.91694809279717127
  0.92776242953367205  0.93870254476349135  0.94961257779218933  0.96034978823263428
  0.97054315395884672  0.98062260148323299  0.99036466518241850  1.00000000000000000
  0.79702206005145781  0.79787198175347995  0.79863920099575758  0.79943390770789302
  0.80022478868144375  0.80100890916053979  0.80178063875614758  0.80254033210206666
  0.80330722215037220  0.80407161588782528  0.80483817853352024  0.80561106656689541
  0.80639171100024243  0.80716784776423323  0.80794299218514132  0.80870463048019381
  0.80948605363734449  0.81026073670593024  0.81105420771091652  0.81182326321370080
  0.81261394526868469  0.81354613599656012  0.81448573938457425  0.81541548444817946
  0.81636888323198908  0.81733706657987593  0.81830442296765804  0.81927284793211441
  0.82024394513755683  0.82122138644767217  0.82221644857368925  0.82320511188910839
  0.82421092761106185  0.82520474275398537  0.82621244209424582  0.82721592142326572
  0.82821210599647133  0.82920257569139033  0.83020640621675967  0.83122672919680674
  0.83226542736579334  0.83333343135185289  0.83445396124149007  0.83562043321603141
  0.83677129272302897  0.83793227093639810  0.83910572724015464  0.84029704163868046
  0.84151678243562156  0.84275291141552366  0.84400966215505702  0.84526892795520969
  0.84654092776112888  0.84782419158710742  0.84911541654361100  0.85041343901407995
  0.85171849992221016  0.85302340755027695  0.85438275827779819  0.85585075911192776
  0.85737856289993908  0.85892576514820052  0.86049920195327234  0.86208744255545089
  0.86369097161834874  0.86531083341426984  0.86694551997715497  0.86860996191734996
  0.87029523055490854  0.87202450211669369  0.87375200722897994  0.87559386668030725
  0.87761855634902497  0.87965604040686707  0.88173881627888540  0.88387223978785967
  0.88606640422928185  0.88832150901656393  0.89064942648640244  0.89304280727256657
  0.89553143631547316  0.89833918261225743  0.90129844292299233  0.90427869917064518
  0.90736205397467284  0.91060092381997815  0.91404394161996982  0.91794453402883214
  0.92244825908102768  0.92723807975130235  0.93242753147227653  0.93840562187531484
  0.94634071761439087  0.95539606027857416  0.97017496250184743  1.00000000000000000
   7.6534295567316320E-017  -1.0000000000000000     
 F F F F F F F F F F F F F F F F F F F F F F F F F F F F F F F F F F F F F F F F F F F F F F F F F F F F F F F F F F F F F F F F
  <DiscreteSampler_grid>
  grouped_processes
  1 # 1 for a reference and 2 for a running grid.
  10 # Attribute 'min_bin_probing_points' of the grid.
  1 # Attribute 'grid_mode' of the grid. 1=='default',2=='initialization'
  0.0000000000000000 # Attribute 'small_contrib_threshold' of the grid.
  0.5000000000000000 # Attribute 'damping_power' of the grid.
 # binID   n_entries weight   weight_sqr   abs_weight
    19   10   7.623921899937944E-001   7.529615452311782E-001   7.623921899937944E-001
    22   10   7.623921899937944E-001   7.529615452311782E-001   7.623921899937944E-001
    25   10   7.623921899937944E-001   7.529615452311782E-001   7.623921899937944E-001
    28   10   7.623921899937944E-001   7.529615452311782E-001   7.623921899937944E-001
  </DiscreteSampler_grid>
