 -0.01371562545501773  0.10066755525989141  0.15201608227795113  0.19741622398414393
  0.23373277431517125  0.26735986564101827  0.29888981598716091  0.32844904665593916
  0.35694928514593099  0.38462105756816867  0.40910241249553914  0.43244098040239637
  0.45508080273232504  0.47578294849504904  0.49527318782250557  0.51488147559870967
  0.53229235559145205  0.54840355836410981  0.56476551224754123  0.58095074725128582
  0.59642078235959173  0.61127001210727794  0.62495262598239154  0.63831472185704674
  0.65087412291241009  0.66133583106860039  0.67113263123207223  0.68168545536068836
  0.69312657987822657  0.70368793380004169  0.71297881013875697  0.72172780039137907
  0.73098471420682942  0.74032458877764651  0.75045545531667757  0.75993294914099407
  0.76829458911582338  0.77580145998609495  0.78267312896188024  0.78932355924199227
  0.79599697128599889  0.80263760428700714  0.80942414827837184  0.81657779947464892
  0.82395660321014241  0.83092442009263057  0.83748057768120321  0.84359240725488127
  0.84952966279396247  0.85544542714092020  0.86121742094191678  0.86686106873565583
  0.87232339934869518  0.87770955571413378  0.88289829625701255  0.88780506869173492
  0.89272699049982096  0.89777731690063911  0.90307003617545401  0.90781860599752506
  0.91158292965037191  0.91503690289166795  0.91837449540592764  0.92163272090395321
  0.92504734811792599  0.92867984835274131  0.93211536389149874  0.93484872389839480
  0.93729783461774729  0.93973369654201588  0.94222531121075048  0.94493205582666684
  0.94769582031143829  0.95068493371830209  0.95307263467369119  0.95538849813826099
  0.95764722807484459  0.95986707820059047  0.96246737437886598  0.96522657819938729
  0.96788634168599641  0.97042926449847200  0.97276768824236637  0.97494325807777338
  0.97706993175495904  0.97915798096286288  0.98095872440190657  0.98271948134559173
  0.98439941618126481  0.98599478925034878  0.98754846049177480  0.98932411908088602
  0.99140973508797869  0.99348587554730539  0.99503783663209688  1.00000000000000000
  0.00000000006389656  0.00000000006810949  0.00000000007114008  0.00000000007363112
  0.00000000007602668  0.00000000007856525  0.00000000008121823  0.00000000008408505
  0.00000000008695537  0.00000000008979387  0.00000000009246967  0.00000000009534231
  0.00000000009832499  0.00000000010139643  0.00000000010457615  0.00000000010789519
  0.00000000011139113  0.00000000011494398  0.00000000011902465  0.00000000012342411
  0.00000000012804399  0.00000000013313530  0.00000000013832615  0.00000000014352560
  0.00000000014860617  0.00000000015413704  0.00000000015979876  0.00000000016566078
  0.00000000017173124  0.00000000017770490  0.00000000018411942  0.00000000019073374
  0.00000000019799874  0.00000000020559477  0.00000000021390214  0.00000000022259761
  0.00000000023137576  0.00000000024055527  0.00000000025112754  0.00000000026397178
  0.00000000027727309  0.00000000029087994  0.00000000030503538  0.00000000032028730
  0.00000000033723050  0.00000000035431807  0.00000000036969131  0.00000000038406015
  0.00000000039856686  0.00000000041408767  0.00000000043222254  0.00000000045525210
  0.00000000048052686  0.00000000050842432  0.00000000053912132  0.00000000057173947
  0.00000000060450160  0.00000000063941187  0.00000000067773263  0.00000000072021430
  0.00000000076267839  0.00000000081389592  0.00000000088058767  0.00000000095805489
  0.00000000104129306  0.00000000113278084  0.00000000123627282  0.00000000136084227
  0.00000000146186249  0.00000000156328563  0.00000000168057334  0.00000000181219901
  0.00000000199535661  0.00000000225731097  0.00000000257612749  0.00000000295077136
  0.00000000340137262  0.00000000389878777  0.00000000460894368  0.00000000559727416
  0.00000000701725208  0.00000000910216440  0.00000001202116520  0.00000001751494785
  0.00000002896279712  0.00000005523756852  0.00000013826001954  0.00000038435783093
  0.00000127116257222  0.00000457893148403  0.00001677535741364  0.00008294683807779
  0.00069458058385305  0.05724524184696077  0.61844037477565739  1.00000000000000000
 -0.00252116836822455  0.00957107294487179  0.02119517209357026  0.03232950521286868
  0.04331668648255324  0.05387012151857471  0.06567121052539883  0.07642021323434722
  0.08687298916914135  0.09668650960017211  0.10766093095132906  0.11865083147457621
  0.12869667116193162  0.13752395630192235  0.14623494490946226  0.15553796619960239
  0.16452928257631702  0.17317469812260208  0.18208937385173526  0.19177430388260341
  0.20190085604071739  0.21297272555367150  0.22353239034859423  0.23309434042422908
  0.24242772270250909  0.25258083565839201  0.26351281266486792  0.27492445569968232
  0.28608640128891227  0.29702907043800719  0.30711993232403545  0.31621220139791667
  0.32486446776724431  0.33452898254650287  0.34489766682420897  0.35606821363641872
  0.36751837917574681  0.37876930425663585  0.39007279994786148  0.40146947784034570
  0.41317930911791284  0.42346635137444960  0.43173620709651211  0.43953304024845374
  0.44730916195436443  0.45618103345999705  0.46735242936130322  0.47857157401185618
  0.48985661907154143  0.50141832694591071  0.51119166249633352  0.52070446188460251
  0.53017667189828832  0.54033124777841990  0.55083777606952111  0.56163127805244351
  0.57292618973949305  0.58447692924114913  0.59605399327473685  0.60632035304051835
  0.61527791116886721  0.62498573719663475  0.63538756433765486  0.64546819568384362
  0.65605952702956916  0.66678181808238746  0.67668663240253357  0.68725530133622759
  0.69749137044762854  0.70761394666215582  0.71750980426164579  0.72752407811603226
  0.73804572752778630  0.74881941313443245  0.75998660432733300  0.77098760222201601
  0.78176617966161788  0.79279228401609603  0.80425974316138005  0.81618622786400918
  0.82784512662823473  0.83906982696414434  0.85031143516220142  0.86150637473119396
  0.87296836410182654  0.88458272094457779  0.89660303321290591  0.90915462598513264
  0.92133041204391808  0.93251260331454378  0.94293700857752449  0.95361893334816217
  0.96504806389036468  0.97657587002367796  0.98867775517757694  1.00000000000000000
 -0.00239481605882561  0.00938121725998986  0.02089565691743027  0.03163708195183696
  0.04293253316089969  0.05495905426409092  0.06455800616187093  0.07416401161376221
  0.08397303034425431  0.09405872687701503  0.10548101331182289  0.11666436124742351
  0.12834266929000349  0.13991169796195310  0.15117754701341987  0.16220994638141614
  0.17303174605493052  0.18404460299968495  0.19395541114978160  0.20214980120344808
  0.21040898938117852  0.21986208603713700  0.22948272625355504  0.23855529402987072
  0.24851912516631877  0.25888703093152554  0.26988878383439019  0.28007912310359856
  0.28948555251985131  0.29928316519137949  0.30904412938778053  0.31983634466885408
  0.33091838713959781  0.34263698730116560  0.35465232309467598  0.36642115925945895
  0.37808119846670196  0.38956416215703382  0.40068970551032534  0.41162865713433999
  0.42238117568108197  0.43293180568861050  0.44359912455631995  0.45382325176442628
  0.46437654401292600  0.47542868232086438  0.48585544601840225  0.49605601626767182
  0.50656183132414601  0.51744568129063206  0.52861664482670667  0.53987503694052164
  0.55087242345066201  0.56140306156535458  0.57102579363326167  0.57964834883517613
  0.58826461209862457  0.59784454251735808  0.60862176645401389  0.62023214692422890
  0.63164445882111475  0.64256809846074026  0.65326149815871870  0.66426300953363115
  0.67502211194069583  0.68510038919151028  0.69443536630284031  0.70435438102511483
  0.71591654962949780  0.72818575021008558  0.74028299322100855  0.75203458658168276
  0.76364979031083002  0.77533702297166585  0.78688783207426161  0.79813367844858008
  0.80953196983988829  0.82096456690298703  0.83267356983165175  0.84334967405474881
  0.85220224433765235  0.86032821082197175  0.86842397523467252  0.87637759064213749
  0.88572013725314058  0.89531942684447219  0.90466584575579501  0.91403076993654864
  0.92370652624323601  0.93390562230456398  0.94431554788319738  0.95497110767709159
  0.96570641057462725  0.97688945095850444  0.98912104535867162  1.00000000000000000
 -0.00237775885102468  0.00916031940590842  0.02031296422686460  0.03165705485604047
  0.04342974069871724  0.05526583494448645  0.06322080307127137  0.07095320307526162
  0.07903981687342287  0.08813141748930053  0.09962543162058461  0.11127646061720764
  0.12303830772175696  0.13444339840567732  0.14609720451023747  0.15746488835948891
  0.16841521223060726  0.17786945257355391  0.18772388775849855  0.19777045400798465
  0.20803798420301556  0.21944548275597117  0.22972065129991665  0.23864443257343088
  0.24840122210390364  0.25788754274355052  0.26831210145748718  0.27964394319036157
  0.29119677899166846  0.30244727304643265  0.31316704254302108  0.32317981478296032
  0.33291011550470850  0.34244391025957588  0.35155784512401811  0.36130794257146387
  0.37103086989096329  0.38108812111629703  0.39194595657117093  0.40260177112745876
  0.41226027840930229  0.42141524883905263  0.43159124264639981  0.44221270930293838
  0.45237962078471927  0.46210608715239143  0.47194876266703728  0.48238547744558929
  0.49335459579497121  0.50430179725239388  0.51453108570569839  0.52420570517086218
  0.53404378720155310  0.54402843268537571  0.55427629892632047  0.56436023599465668
  0.57452063219471994  0.58495639905057883  0.59543942861025079  0.60599787455964138
  0.61694344353073782  0.62838504013124519  0.63979212605343994  0.65114593046889380
  0.66193992309660166  0.67280544308888290  0.68392267940318563  0.69571036070891690
  0.70839099597529398  0.72091463987046678  0.73290532735942815  0.74388113616022744
  0.75448844655795311  0.76529740334419771  0.77409922636175210  0.78268594245075074
  0.79069275943119277  0.79953705306580691  0.81022455970108964  0.82161159771670900
  0.83336473131794309  0.84479922105780414  0.85588810286111727  0.86685109953020389
  0.87870197341450884  0.89110906067367013  0.90363655953299737  0.91508041814999375
  0.92515747946430826  0.93545316747289309  0.94628940246706339  0.95764984718741275
  0.96858826849273538  0.97935568500491776  0.98996502522482943  1.00000000000000000
  0.18698128457757257  0.19958313347893777  0.21096915673947136  0.23640677736431498
  0.27687935491040683  0.32449834257522187  0.37578129096574914  0.42341217854300484
  0.45952940848489920  0.48641361216175749  0.51334105366587024  0.53779625373315121
  0.56003716527002279  0.58209374636835731  0.60139701549218427  0.61683442099485231
  0.62945961158763930  0.63984642104527767  0.64794629107896695  0.65344675926497942
  0.65802294782005488  0.66219005746978932  0.66597918107483911  0.66924148020553165
  0.67204956904862057  0.67458297799043965  0.67682285250922958  0.67876007470857924
  0.68048269211113921  0.68201476638125014  0.68331743889134755  0.68448585954906938
  0.68554772915111895  0.68650115914025178  0.68744363445732881  0.68834477325385068
  0.68914879409740093  0.68988752294751665  0.69062006778728857  0.69135122048135267
  0.69204143820959019  0.69269525337390769  0.69331186345241069  0.69388338844008057
  0.69444725982826283  0.69499118013703376  0.69552429229760004  0.69602239478021866
  0.69651192405811901  0.69699856777412394  0.69746654842469680  0.69792498030114702
  0.69838324595930357  0.69885029790731834  0.69934930879088775  0.69985319401058022
  0.70033551671826333  0.70084869541549255  0.70135205068546635  0.70182707197137029
  0.70229674161960065  0.70280575692114089  0.70333980084753911  0.70387940545737104
  0.70443311582381396  0.70503252489459811  0.70569624380011198  0.70645195421143880
  0.70725716679357331  0.70804788996114765  0.70883414963233859  0.70968576750596302
  0.71067773877046714  0.71177343103881552  0.71292350567789220  0.71415135524495987
  0.71547288627804961  0.71688319215659002  0.71840685261903769  0.72007473616598261
  0.72194582884432201  0.72413985723516816  0.72650737951389976  0.72898549598108009
  0.73179116066170047  0.73494597098377656  0.73853091650362768  0.74242290904084163
  0.74692547117983910  0.75271656101421736  0.76069847108412514  0.77043497386809356
  0.78374913402070112  0.80297108046589927  0.84143965416344579  1.00000000000000000
   2.3941650323503338E-009  -1.0000000000000000     
 F F F F F F F F F F F F F F F F F F F F F F F F F F F F F F F F F F F F F F F F F F F F F F F F F F F F F F F F F F F F F F F F
  <DiscreteSampler_grid>
  grouped_processes
  1 # 1 for a reference and 2 for a running grid.
  10 # Attribute 'min_bin_probing_points' of the grid.
  1 # Attribute 'grid_mode' of the grid. 1=='default',2=='initialization'
  0.0000000000000000 # Attribute 'small_contrib_threshold' of the grid.
  0.5000000000000000 # Attribute 'damping_power' of the grid.
 # binID   n_entries weight   weight_sqr   abs_weight
    19   10   1.535174126567052E+007   2.320477150530240E+015   1.535174126567052E+007
    22   10   1.535174126567052E+007   2.320477150530240E+015   1.535174126567052E+007
    25   10   1.535174126567052E+007   2.320477150530240E+015   1.535174126567052E+007
    28   10   1.535174126567052E+007   2.320477150530240E+015   1.535174126567052E+007
  </DiscreteSampler_grid>
