 -0.01251343743118066  0.09596593299728119  0.15080090049743655  0.19585886546389011
  0.23628182230157774  0.26800801292952836  0.29960633224790917  0.32901979285811078
  0.35621948746128296  0.38272306134845380  0.40719829286975689  0.42724564555498507
  0.44515113266673634  0.46347359470143695  0.48160106272595576  0.49863201441334937
  0.51478564915542124  0.53050586702336588  0.54689306474200816  0.56262169437191112
  0.57724063398347503  0.59146173723907525  0.60681467579676296  0.62246476986281596
  0.63625385377477017  0.64866375516814156  0.66087396171263946  0.67328409196952366
  0.68562047406317594  0.69713652861709585  0.70771921170211016  0.71780437946101538
  0.72720664399030777  0.73720556665507098  0.74692165087488127  0.75590496497122450
  0.76483149345328549  0.77418366024621155  0.78355890755129509  0.79233174135976203
  0.80059089268269645  0.80868510480862243  0.81696965184962811  0.82476603218352540
  0.83257504290684015  0.84001354950051765  0.84716267243086374  0.85381996132084526
  0.85961437330905732  0.86490854547222795  0.86975782282265957  0.87433943570860584
  0.87873683020418569  0.88324820257306291  0.88741987041493742  0.89153078402059627
  0.89606408748943400  0.90102977815072716  0.90596523764797698  0.91063701325314639
  0.91504251859886887  0.91905176619298878  0.92306176965245479  0.92704615181449712
  0.93089085712763031  0.93455129259420977  0.93811864415672730  0.94155634507068786
  0.94468635813572954  0.94783226733736503  0.95094217026369776  0.95410467876853999
  0.95770741551538741  0.96121610836506455  0.96396037560731407  0.96652703355316694
  0.96904274220969766  0.97122807953969348  0.97315041248601564  0.97489651156471624
  0.97648386513766428  0.97789826404259050  0.97944607675476791  0.98070856630408565
  0.98191495323595968  0.98304042910947509  0.98352206327480440  0.98430205790490666
  0.98534277791009561  0.98642432871072550  0.98751086993765580  0.98862558934902434
  0.98981891588798065  0.99251805475885191  0.99523659146600929  1.00000000000000000
  0.00000000001587965  0.00000000001983047  0.00000000002257899  0.00000000002474602
  0.00000000002675477  0.00000000002873216  0.00000000003068695  0.00000000003272033
  0.00000000003498762  0.00000000003731729  0.00000000003989579  0.00000000004262290
  0.00000000004557997  0.00000000004855816  0.00000000005156252  0.00000000005463726
  0.00000000005767833  0.00000000006074757  0.00000000006533930  0.00000000007019569
  0.00000000007540753  0.00000000008011049  0.00000000008472590  0.00000000009014460
  0.00000000009556136  0.00000000010097026  0.00000000010687481  0.00000000011359023
  0.00000000012022943  0.00000000012678542  0.00000000013309674  0.00000000013876687
  0.00000000014492330  0.00000000015136316  0.00000000015803310  0.00000000016539832
  0.00000000017383753  0.00000000018370717  0.00000000019354272  0.00000000020496863
  0.00000000021846749  0.00000000023429301  0.00000000025111493  0.00000000027019722
  0.00000000029141693  0.00000000031357837  0.00000000033575495  0.00000000035735409
  0.00000000037969944  0.00000000040488785  0.00000000043042405  0.00000000045800623
  0.00000000048871100  0.00000000051931671  0.00000000055340977  0.00000000059024617
  0.00000000063037682  0.00000000067653528  0.00000000072853041  0.00000000078317765
  0.00000000084741629  0.00000000093501329  0.00000000103709384  0.00000000114731539
  0.00000000127405242  0.00000000143609862  0.00000000163113899  0.00000000181847768
  0.00000000199415597  0.00000000218171320  0.00000000238943587  0.00000000262563357
  0.00000000297742449  0.00000000343541576  0.00000000401238036  0.00000000468779761
  0.00000000542783477  0.00000000653543663  0.00000000814672910  0.00000001021121148
  0.00000001315342174  0.00000001972863286  0.00000003238526417  0.00000005347144346
  0.00000009088858363  0.00000019080452938  0.00000043841613156  0.00000109717111623
  0.00000299610081331  0.00000902999833189  0.00003171931442877  0.00012412603965846
  0.00070991453298229  0.01509513272697400  0.61365468080891972  1.00000000000000000
 -0.00157107410704177  0.00732904299151082  0.01702062114863425  0.02694110763136966
  0.03710067587922338  0.04765921398871514  0.05834082832581829  0.06906249182045270
  0.07945646252057381  0.09014150711494941  0.10114686386734809  0.11229954227709557
  0.12369112946794046  0.13445821570235603  0.14599978796321261  0.15650183455203548
  0.16708978145663059  0.17765060476506078  0.18890035325836535  0.19926934976114505
  0.20954397709107023  0.22001877576832207  0.23165315555719351  0.24367627451472790
  0.25527775996218416  0.26637210270193118  0.27632014365447372  0.28547702874751735
  0.29463611705981024  0.30423312288726556  0.31420413348812420  0.32464757645131853
  0.33536666277444144  0.34614929145042866  0.35624832312787796  0.36554529954369680
  0.37389556568880988  0.38194920765286228  0.39129345273077670  0.40081788204396501
  0.40934251159523766  0.41681810281001075  0.42681720999221795  0.43849802008087230
  0.45028988197574349  0.46164133923425260  0.47265494011506620  0.48274060374505334
  0.49137816461618095  0.49927553484554466  0.50756802396406386  0.51643132321733554
  0.52914363339156889  0.54214727069549107  0.55527721732282309  0.56786125123641074
  0.57987594281366139  0.59140796502353099  0.60257051594683508  0.61371007972108194
  0.62460261229990610  0.63522090969737999  0.64523831047690616  0.65488742533082034
  0.66520738001393076  0.67654805394820849  0.68791343535109339  0.69881519559752414
  0.70959781058744953  0.72024868200667413  0.73053126107555233  0.74076673335909071
  0.75088638854093981  0.76111617679848609  0.77214219274860763  0.78354616353122508
  0.79528609115904325  0.80663151875463457  0.81721700944608677  0.82751817512547388
  0.83814331770322203  0.84928886988068886  0.86028010867441929  0.87120613672287772
  0.88218875534734287  0.89333826171761288  0.90454598084794002  0.91537491543121607
  0.92573083368014020  0.93593357426030555  0.94629320246787041  0.95676131581931678
  0.96716633441191580  0.97721283493887923  0.98845530809543136  1.00000000000000000
 -0.00263597244313622  0.00981291220161716  0.02181052628398165  0.03484656729663869
  0.04682467792651990  0.05820848561644954  0.06857886083171216  0.07842309794539815
  0.08842005954045953  0.09847637461116422  0.10885566005952892  0.11980283692744412
  0.13078173548299557  0.14216849280342203  0.15490192238020301  0.16747379101139778
  0.17929330870569685  0.19041669978543119  0.20164520314685422  0.21287936746319339
  0.22366066116343122  0.23413165121554416  0.24449919910723336  0.25464903425861146
  0.26439835003331819  0.27389962734536299  0.28407457632688060  0.29527329857019863
  0.30669553368263824  0.31732386517696759  0.32688636726721176  0.33642012563126827
  0.34631140182286413  0.35674207550295728  0.36743486495911071  0.37811137140174556
  0.38925626203659208  0.40113580297062751  0.41330370482522383  0.42541636520186765
  0.43701734818518639  0.44812539605541335  0.45875162789171831  0.46911023957741793
  0.47942547472917424  0.49009627476813789  0.50162927480215169  0.51285015575500592
  0.52308954390415618  0.53313040731436534  0.54328259572472404  0.55390889900038742
  0.56518660282392186  0.57660540497827428  0.58766980147676506  0.59857117053616826
  0.60923967070831164  0.61993191916538282  0.63113814056515927  0.64193185456292989
  0.65243255593568272  0.66315081474442028  0.67407355803197100  0.68536288037922888
  0.69449311932755398  0.70243974875888993  0.71035693356245433  0.71813219876368861
  0.72738836664119155  0.73788293713566466  0.74771969299511021  0.75797735948406275
  0.76863786083311725  0.77884838446409999  0.78840151407785508  0.79773408650391464
  0.80741562139006007  0.81783951671950583  0.82880013277011300  0.83908162892311788
  0.84885371795766817  0.85762692463854795  0.86543735125410037  0.87371829263900458
  0.88354021489903667  0.89369594921127937  0.90394128601965762  0.91510958633797601
  0.92609734139884270  0.93670000466712211  0.94701271642547658  0.95743180609995326
  0.96835880207936931  0.97924661713270189  0.99010908229518513  1.00000000000000000
 -0.00170669800271408  0.00685536692008863  0.01631739121620125  0.02648922037179392
  0.03758810911126118  0.04782926638474973  0.05786751551058327  0.06803797108848904
  0.07869960612915505  0.08945728243186406  0.10047919016230807  0.11148177081851213
  0.12150748146189934  0.13108213819317380  0.14070302202130686  0.15026378834486859
  0.15898087232723587  0.16960447514686863  0.18074650607939111  0.19182687221658171
  0.20240291933029411  0.21273759047551835  0.22368199784180107  0.23481614472666931
  0.24593864198258092  0.25641933092673413  0.26688741268852934  0.27774130307712769
  0.28885601949923229  0.29975086436680382  0.31070653361670958  0.32173064048892247
  0.33325264246954284  0.34406884888430250  0.35424599370976795  0.36439849549485331
  0.37490027732740094  0.38527090493269123  0.39649892199981490  0.40811334715863173
  0.41997628250919061  0.43168715906950250  0.44332059927189615  0.45502072524965098
  0.46586376869800727  0.47672877157208626  0.48717914474640694  0.49654890365852661
  0.50580076819527209  0.51435681455722804  0.52439199300588157  0.53592496890315244
  0.54772036658317469  0.55899990875399785  0.56990600058561103  0.58081542600317781
  0.59222445601466889  0.60425015158580386  0.61682166506230107  0.62893349324029013
  0.63927345358102028  0.64871001336999246  0.65758776947842801  0.66675870777112800
  0.67581957125555214  0.68512110846344665  0.69457097175478744  0.70534276384156191
  0.71716916132675235  0.72891512596019381  0.74110379105372448  0.75282741067321135
  0.76374127602230402  0.77401404400209617  0.78441016877482750  0.79530788817055165
  0.80642733866322347  0.81749874429851854  0.82909162960622329  0.83997011886185502
  0.85081899317810372  0.86181972777484095  0.87207225362162166  0.88138515741472612
  0.88987498532158782  0.89909443248684029  0.90903846182284398  0.91936842497219773
  0.92898336914478474  0.93832316994117249  0.94797892264317296  0.95748354778805478
  0.96806810837402513  0.97890227845348254  0.98996193860802684  1.00000000000000000
  0.18620219196345827  0.20426781813520395  0.21678962505640953  0.23794393475256373
  0.26318881463167071  0.29826432261327485  0.34554913306480811  0.39919647229556315
  0.45088029453374856  0.49695555087440452  0.52813342166335586  0.55151895226180903
  0.57721190709969739  0.59872858401905127  0.61433763582005962  0.62628090642088008
  0.63494390291987535  0.64260436020553713  0.64853836625598782  0.65459156957714748
  0.65965624487091168  0.66391366977379251  0.66734540518346819  0.67014803245064702
  0.67256340287747163  0.67486879594824756  0.67699792475569076  0.67882945962502239
  0.68047106544215807  0.68194948635472452  0.68331177591436765  0.68459177510839875
  0.68576232288572248  0.68680728178296779  0.68774283300634664  0.68861878196936710
  0.68944927205211759  0.69022935928855811  0.69093494308319570  0.69158435001886287
  0.69221502334040419  0.69284433151644764  0.69346161006833207  0.69395987843969242
  0.69444965567667150  0.69491923090493335  0.69535061649545971  0.69582597837406601
  0.69633214672355204  0.69683525343121133  0.69729776573053792  0.69778689605815258
  0.69825647796299117  0.69873668000187728  0.69923734674097027  0.69976844439737729
  0.70031442509222386  0.70085774699769088  0.70139219062043445  0.70193041244378906
  0.70249004608411869  0.70309472546154794  0.70368964299821457  0.70430218267296607
  0.70492400973835700  0.70555238158031008  0.70622315908017008  0.70700640757309918
  0.70783493338632764  0.70875042464451121  0.70967478215675295  0.71064960541901701
  0.71171027297321166  0.71287207490450688  0.71411157915201207  0.71540998188483018
  0.71666952958892205  0.71789835072486896  0.71924637137955461  0.72079492690593594
  0.72247719233364516  0.72469323116744622  0.72732287707316146  0.73013757768297838
  0.73329939658391707  0.73692662246785545  0.74111927938248245  0.74598221309929069
  0.75192016308626441  0.75910803904922264  0.76768187080215855  0.77845573419873315
  0.79195903400027667  0.80973907178344506  0.84241866229208251  1.00000000000000000
   2.4337881094191635E-009  -1.0000000000000000     
 F F F F F F F F F F F F F F F F F F F F F F F F F F F F F F F F F F F F F F F F F F F F F F F F F F F F F F F F F F F F F F F F
  <DiscreteSampler_grid>
  grouped_processes
  1 # 1 for a reference and 2 for a running grid.
  10 # Attribute 'min_bin_probing_points' of the grid.
  1 # Attribute 'grid_mode' of the grid. 1=='default',2=='initialization'
  0.0000000000000000 # Attribute 'small_contrib_threshold' of the grid.
  0.5000000000000000 # Attribute 'damping_power' of the grid.
 # binID   n_entries weight   weight_sqr   abs_weight
    19   10   2.217432626074566E+005   1.207786613504673E+011   2.217432626074566E+005
    22   10   2.217432626074566E+005   1.207786613504673E+011   2.217432626074566E+005
    25   10   2.217432626074566E+005   1.207786613504673E+011   2.217432626074566E+005
    28   10   2.217432626074566E+005   1.207786613504673E+011   2.217432626074566E+005
  </DiscreteSampler_grid>
