 -0.00248489393369472  0.00959142824095242  0.01969865688580517  0.03020843369309048
  0.04069785081565990  0.05121496478821725  0.06172210633823821  0.07224399112233920
  0.08279489694365161  0.09329919716744717  0.10380607893531089  0.11428081492131906
  0.12475478967149245  0.13532984405368390  0.14592600904357286  0.15653343225678418
  0.16712020412243347  0.17769924003166807  0.18828093736160439  0.19882454219448475
  0.20936416462629051  0.21988430616171226  0.23038181738566088  0.24087776613683604
  0.25141197653626784  0.26196250393727966  0.27253829430749432  0.28307060954624097
  0.29362921863219243  0.30414077479040597  0.31466815988441776  0.32517489337173372
  0.33570449776129596  0.34621932265399025  0.35671385207390721  0.36725363778444381
  0.37778367506151544  0.38834072845314066  0.39888054844974763  0.40945788282192852
  0.42003985337566330  0.43063683051938950  0.44119172041707938  0.45173252943484626
  0.46223640547600647  0.47274511039872796  0.48327898502390376  0.49381423109210537
  0.50435142158960200  0.51486419316947096  0.52541244748022331  0.53598159691665381
  0.54653243466851842  0.55708290054451204  0.56764305951042970  0.57820978588760374
  0.58875203715644997  0.59930623540322381  0.60985933885292154  0.62041772407179818
  0.63092490936712808  0.64141088761278986  0.65192382327802367  0.66244339515039652
  0.67296242531055461  0.68346274710008981  0.69402362043936372  0.70460487156771290
  0.71515549048401139  0.72568180365717438  0.73623743635535721  0.74681831556997225
  0.75737026686903319  0.76791005543241475  0.77847256566600298  0.78907916209717455
  0.79965806447969834  0.81022627198348651  0.82080408027176022  0.83139692860832659
  0.84193818211765570  0.85245982378114193  0.86302560965168718  0.87362974265553273
  0.88413796178209947  0.89461811498038957  0.90513796935275337  0.91565919066020085
  0.92612325551952934  0.93657391908189791  0.94712894313532636  0.95769692361876735
  0.96825158193667271  0.97880066904371243  0.98940836602918769  1.00000000000000000
 -0.00234038954542767  0.00944540404464927  0.01953627407061940  0.03003973928096429
  0.04057888821680591  0.05112983264281618  0.06167705030035056  0.07224451025539948
  0.08281168072160011  0.09336483328731514  0.10391489335122975  0.11443191688542052
  0.12500137118681537  0.13559176695879602  0.14617906216061169  0.15673223916459977
  0.16729785325182051  0.17787919302537736  0.18843420458321450  0.19898635303420850
  0.20958205019252490  0.22019175510325936  0.23076021497353003  0.24129925296165730
  0.25183237151612337  0.26239047606916582  0.27291187035385633  0.28344405594330435
  0.29399838764634312  0.30457141530276804  0.31513489045767495  0.32566608640069383
  0.33618249485388929  0.34673059324850442  0.35728753776116812  0.36786499146062590
  0.37842770316676577  0.38897967000392203  0.39951387078612460  0.41005499260334172
  0.42060703379395115  0.43116301833755927  0.44172061997317846  0.45225258778993543
  0.46277038858141600  0.47326475128004669  0.48378370370221430  0.49430004029244173
  0.50483138867288291  0.51540046490805280  0.52595564113979065  0.53651718995233333
  0.54706226678996561  0.55767046581063051  0.56819222800024494  0.57867000212989739
  0.58913870598625084  0.59963611475502121  0.61009092157916200  0.62052140936939293
  0.63100614284972922  0.64158357548286205  0.65216948619208004  0.66276988122833802
  0.67334101985296557  0.68388245041667295  0.69438305977792913  0.70485008845158481
  0.71533860895466461  0.72584667297230809  0.73640830303577132  0.74696707483751446
  0.75751871781798041  0.76807559974112549  0.77863008959220459  0.78920289534813748
  0.79976314669906146  0.81035436703723684  0.82090709894834213  0.83146723987439997
  0.84197267278444687  0.85249889984877891  0.86302508816610912  0.87354278970177368
  0.88402536012584398  0.89450627003695382  0.90504369924127515  0.91562182532533909
  0.92619217751914407  0.93678369841176812  0.94735195974484165  0.95797091192089978
  0.96847582545367106  0.97903531706758884  0.98950764408594960  1.00000000000000000
  0.00534607318003618  0.00903422275023976  0.01516061920155835  0.02215310070363774
  0.02978777019916697  0.03785047957227618  0.04632617049348766  0.05514297728579547
  0.06416261440468256  0.07337216732408840  0.08270406039752660  0.09216908699144745
  0.10173832866402571  0.11139972505546014  0.12113162811246944  0.13092384532151044
  0.14077156966460738  0.15067292097434967  0.16062810874671243  0.17063014942722135
  0.18066341402210959  0.19071963671509265  0.20080206582590715  0.21091631673065972
  0.22106110901527914  0.23122873133012870  0.24141616732596755  0.25162691233444839
  0.26186466053518342  0.27212173497172520  0.28239487197619956  0.29268119917976132
  0.30298195391517774  0.31329684009221664  0.32362280516867370  0.33396561887251847
  0.34432281819547300  0.35469155797567486  0.36506682173423227  0.37545204674341470
  0.38585345669657056  0.39626549833823776  0.40668238357063419  0.41710146460480158
  0.42754422162916111  0.43800587712401828  0.44848295354829132  0.45896745379857967
  0.46946761144394800  0.47997862798435925  0.49049860340381457  0.50102835731925055
  0.51157170310508449  0.52212995777501792  0.53269937209562457  0.54327944738967271
  0.55386328301984333  0.56445623482872342  0.57506271699253875  0.58568253209929921
  0.59631206410048132  0.60695449437612370  0.61761379367611935  0.62829066837202607
  0.63898324639671278  0.64969060061496298  0.66041296589340959  0.67113646248355285
  0.68186879521561250  0.69261845454909177  0.70339538229645071  0.71419989119730354
  0.72502202653608561  0.73586437808208927  0.74673105872550949  0.75762574500438795
  0.76855169208549057  0.77949901079357398  0.79046762974937268  0.80146147293759673
  0.81249268854289147  0.82356115414981701  0.83467166641443669  0.84583245214178782
  0.85705946326849658  0.86835592265782446  0.87973507338219137  0.89121543533562242
  0.90282086549748608  0.91458049917163386  0.92653933717304593  0.93879024204699479
  0.95152685739907061  0.96524311362873216  0.98124437982217627  1.00000000000000000
   1.3113128047751294E-007  -1.0000000000000000     
 F F F F F F F F F F F F T F F F F F F F F F F F F F F F F F F F
  <DiscreteSampler_grid>
  grouped_processes
  1 # 1 for a reference and 2 for a running grid.
  10 # Attribute 'min_bin_probing_points' of the grid.
  1 # Attribute 'grid_mode' of the grid. 1=='default',2=='initialization'
  0.0000000000000000 # Attribute 'small_contrib_threshold' of the grid.
  0.5000000000000000 # Attribute 'damping_power' of the grid.
 # binID   n_entries weight   weight_sqr   abs_weight
    19   10   1.272021845420723E+007   2.603764670746393E+014   1.272021845420723E+007
    22   10   1.272021845420723E+007   2.603764670746393E+014   1.272021845420723E+007
    25   10   1.272021845420723E+007   2.603764670746393E+014   1.272021845420723E+007
    28   10   1.272021845420723E+007   2.603764670746393E+014   1.272021845420723E+007
  </DiscreteSampler_grid>
