  0.00135178433667421  0.00319766847339536  0.01115410319607503  0.02015047293773177
  0.03732917145619252  0.05554573942636312  0.07195325580646020  0.08761025981060945
  0.10271730442020111  0.11798528069207659  0.13236882630816307  0.14608809073412329
  0.15998366755516477  0.17339193219407689  0.18639803931076468  0.19975298971039290
  0.21280619907928125  0.22538257207071646  0.23794949008605737  0.25054335709138764
  0.26321606536614056  0.27585672613320478  0.28830295769837100  0.30050137050974213
  0.31255083556409058  0.32443736885956603  0.33614523063808982  0.34761509390179929
  0.35909175579722941  0.37061863086404928  0.38196846250270700  0.39301809255295878
  0.40508404532468600  0.41730913464387831  0.42969910622546154  0.44192072820736650
  0.45395409168320139  0.46560936535347391  0.47694044213098025  0.48805991033566343
  0.49897874579604445  0.50997234989651330  0.52098129324237508  0.53197800423819874
  0.54297545073294629  0.55382364508307658  0.56482984247244350  0.57617924662314179
  0.58743400719089811  0.59845461691473623  0.60977376674913208  0.62129083596517665
  0.63200266358699209  0.64233721840212965  0.65300336446462826  0.66381079732345483
  0.67444399254036669  0.68506512371726036  0.69570710115880030  0.70637961479756772
  0.71668623611773297  0.72694333821089463  0.73728488973191630  0.74756139960388002
  0.75777639953585774  0.76790226611778756  0.77844872516820096  0.78942368132405127
  0.80000640953894553  0.81039150518126379  0.82081547900376450  0.83124586069276873
  0.84117689635969051  0.85124747043665561  0.86047649549934113  0.86953752466960887
  0.87853518967041766  0.88744710372469993  0.89620054831592433  0.90460676832744313
  0.91274201008202671  0.92103626702592423  0.92930432923829864  0.93717130780692204
  0.94454255307977530  0.95154000877751133  0.95829110430466180  0.96485963490799076
  0.97119203394043019  0.97681546050903423  0.98178149775333035  0.98621826507183130
  0.99019233563193210  0.99360679823049269  0.99684275045654780  1.00000000000000000
  0.00097574227993227  0.00100205004328019  0.00102056679249627  0.00103919970441270
  0.00105745240909651  0.00108371065188750  0.00110870539863410  0.00113363209595326
  0.00115888576522878  0.00118556078212263  0.00121369238656507  0.00124239257476761
  0.00127110014930250  0.00130041098123263  0.00133139534855841  0.00136392851732435
  0.00139703486758111  0.00143007697495291  0.00146487132566820  0.00150146425785072
  0.00153901762907111  0.00157729887892732  0.00161672238500560  0.00165850299410335
  0.00170201726042940  0.00174595219731558  0.00179127737381138  0.00183969022787186
  0.00189032646622077  0.00194187762857809  0.00199436838821768  0.00204985395198137
  0.00210937020087057  0.00216951977552594  0.00222987218500270  0.00229823499380234
  0.00236790961706735  0.00243709807200316  0.00251002951534812  0.00258679935731759
  0.00266569862156263  0.00274792645330654  0.00283523620205700  0.00292628061357407
  0.00302000072149857  0.00311885610943871  0.00322336634870104  0.00333000740014046
  0.00344187254037795  0.00356545605642142  0.00369178619604743  0.00381973861696963
  0.00396081773591786  0.00410643401809512  0.00425816114716751  0.00442389850738972
  0.00459375974798107  0.00477644926826105  0.00497636762568614  0.00518407375239017
  0.00540674621537019  0.00564335770208121  0.00589051220194024  0.00615264192565102
  0.00642399800958465  0.00670270422272700  0.00699033552859745  0.00730131638783965
  0.00764782687280327  0.00801193431405394  0.00842763457849899  0.00887015707720180
  0.00934653189749208  0.00985154151971966  0.01039475465191942  0.01098399787624801
  0.01162535155204088  0.01232313459899182  0.01309374259885232  0.01399223360517970
  0.01510332184938162  0.01636125483774667  0.01769488395061874  0.01904211612022739
  0.02043945529694937  0.02201623850894480  0.02389364859054536  0.02612205605318446
  0.02893119835860548  0.03228683326204605  0.03628724743896127  0.04264545580093154
  0.06942629152687414  0.13411690086095637  0.16758798674879363  1.00000000000000000
 -0.00261566116164475  0.01087106197511971  0.02192683898317621  0.03303728005974007
  0.04426421836397824  0.05577714904204713  0.06650599242492509  0.07677731880625732
  0.08740038417438362  0.09823032002022590  0.10887858643923526  0.11945453145669616
  0.13046134451158095  0.14149941531747418  0.15233246650244098  0.16283866526360208
  0.17453719260321571  0.18692418568673946  0.19929246189186309  0.21121532316077857
  0.22232345536790757  0.23271643097148650  0.24273115570141879  0.25287100323627032
  0.26333314826986126  0.27374551205389724  0.28400933182813376  0.29423117188935666
  0.30449024516266926  0.31466016015426523  0.32471171306280128  0.33474866641397777
  0.34461233196310931  0.35434099732075730  0.36408940450308158  0.37380741595430517
  0.38328414627518942  0.39261338858412742  0.40237669107454438  0.41224169255760473
  0.42217386247922906  0.43199404508995881  0.44294000944169348  0.45445504672555670
  0.46497876464933047  0.47521867743027518  0.48513897985688592  0.49501023634711111
  0.50478860104087730  0.51462852593985298  0.52453675445065850  0.53449912389922005
  0.54440702386821616  0.55468917859614142  0.56509658318578926  0.57591700558234571
  0.58671191092620179  0.59746928721957615  0.60847011565738551  0.61989581613727163
  0.63046408437600765  0.64064864218769380  0.65084601605696690  0.66084556287295904
  0.67079285319842819  0.68062164271001635  0.69070204675758329  0.70095415431125541
  0.71115113458754164  0.72126230298079963  0.73140102755043856  0.74196874930622292
  0.75267126917648752  0.76477798718169554  0.77655259559345691  0.78862729807624332
  0.79966069067591095  0.81082746652420290  0.82125664443745650  0.83164954917302369
  0.84193860865782832  0.85203507873337470  0.86243307085579302  0.87279595996897452
  0.88307388510802121  0.89358904026597263  0.90389378981571600  0.91433236901657233
  0.92443937507062557  0.93445423362835611  0.94456032755573727  0.95477926938061275
  0.96543978157412758  0.97651096666065507  0.98805102817865786  1.00000000000000000
 -0.00241663006038058  0.01008815308402358  0.02066204467864881  0.03097521417734671
  0.04156522374358963  0.05210501641865423  0.06258685217330079  0.07298286140486057
  0.08348508666084374  0.09420138119818101  0.10476652122259433  0.11612133237742518
  0.12715564831597845  0.13800252684155184  0.14882908233702630  0.15973526130884935
  0.17007610549011321  0.17993862655723877  0.18997790515947607  0.20014856070920087
  0.21022345362473036  0.22107674057617255  0.23199445621994422  0.24366365868140205
  0.25481925844860437  0.26594362372480651  0.27641052763449586  0.28676066972785136
  0.29659660427439449  0.30624054734863437  0.31603127752003241  0.32603180125399289
  0.33599967070217446  0.34604379338206526  0.35610471455656356  0.36655832307387082
  0.37689975148978178  0.38740162759669955  0.39777668903006208  0.40896141979821643
  0.42001553446426482  0.43146017707409806  0.44238577871809909  0.45306942174540660
  0.46343947551666909  0.47384142551759739  0.48414427562788775  0.49442186945851363
  0.50481598783429604  0.51552533798394518  0.52621481978824158  0.53700532794249112
  0.54772533592487471  0.55838623638152163  0.56881839368286902  0.57917647793844185
  0.58950661232006929  0.60011542043190125  0.61053917475191422  0.62097140832127617
  0.63128685487965241  0.64160542653734942  0.65191057004721664  0.66222724814811929
  0.67274902134679171  0.68332829843331822  0.69402668437654991  0.70473414299014669
  0.71523031886964561  0.72544977908346120  0.73623027862366086  0.74746772406966144
  0.75915820660902755  0.77062411569927303  0.78130496558912588  0.79184679841757410
  0.80230051878353237  0.81267562932224946  0.82257118107398441  0.83226430710473753
  0.84270214397343213  0.85303888029299602  0.86293902855970883  0.87285179212466812
  0.88280540592098022  0.89280883944767297  0.90273943907272769  0.91269010917014903
  0.92277388020923734  0.93339029802752504  0.94440869448594644  0.95622256959050667
  0.96728427652348137  0.97810927942565784  0.98910083789318881  1.00000000000000000
 -0.00207074656942172  0.00879056715412077  0.01779812434916780  0.02754173411730233
  0.03770101421954915  0.04780365080257511  0.05791108700621063  0.06800706110274540
  0.07817429647279497  0.08808406280435081  0.09755214925408001  0.10716003854190574
  0.11690107145486051  0.12681405029909162  0.13689212642158935  0.14722723996534792
  0.15793038293818257  0.16870277781688633  0.17944997922966668  0.19004473386994711
  0.20040140179815497  0.21060297437192796  0.22056728725371152  0.23057423786187750
  0.24067873394005151  0.25066609352685326  0.26038701182519886  0.27002276903620903
  0.27979940328134462  0.28966972733275603  0.29942470542561839  0.30889481485892523
  0.31928084888827302  0.32995299290041391  0.34163628327354612  0.35377627763445491
  0.36656492273943808  0.37879145106463019  0.39023619287524469  0.40120064567882135
  0.41182676506776039  0.42273594978377799  0.43405773661929287  0.44572350044626124
  0.45771849292844069  0.47021103487909699  0.48320438580480435  0.49607350923675381
  0.50800360984735871  0.51938768206356578  0.53129633198974102  0.54281975404720939
  0.55373881531241753  0.56448527502716161  0.57522450494238220  0.58578888138449603
  0.59631549932845118  0.60672766081869645  0.61713365317185465  0.62755021041359293
  0.63789178912665057  0.64804426550260974  0.65806546573258473  0.66812698376911128
  0.67852697916657867  0.68877229931941319  0.69870041803360394  0.70872142607276689
  0.71906204604634294  0.72959063009393943  0.73981369405014019  0.74999299236546435
  0.76067427615733996  0.77116622121743494  0.78090876795485675  0.79074558691639918
  0.80094345202800177  0.81113262172995437  0.82137659119739359  0.83168612981128887
  0.84243175996802433  0.85323894178274939  0.86372985808579850  0.87417765536219749
  0.88478324761813432  0.89524115685109529  0.90558961949526329  0.91614324853997886
  0.92661696630859236  0.93708822563724281  0.94713260240268760  0.95721017814529896
  0.96778628824513357  0.97831894171094569  0.98923538193320826  1.00000000000000000
  0.99972505378608389  0.99972839784218315  0.99973120212636424  0.99973399268556984
  0.99973677675603245  0.99973953268961391  0.99974226988593529  0.99974499656496085
  0.99974772550560209  0.99975045530440265  0.99975317983929834  0.99975589276708954
  0.99975858353461078  0.99976126324625925  0.99976393621111492  0.99976660449470089
  0.99976927655594550  0.99977194774648448  0.99977461165617409  0.99977726250911292
  0.99977990979069464  0.99978255911489200  0.99978520445004659  0.99978783828731221
  0.99979046444512998  0.99979308680111756  0.99979570514502947  0.99979831114067208
  0.99980090519024456  0.99980349399070934  0.99980608678216842  0.99980867590848610
  0.99981125788025593  0.99981387443403302  0.99981668486999054  0.99981948686317978
  0.99982228996847700  0.99982509786011819  0.99982791135627802  0.99983074298446040
  0.99983357761937508  0.99983641515320143  0.99983922780050227  0.99984203006183936
  0.99984482414454767  0.99984762232015356  0.99985042069447216  0.99985321362120450
  0.99985600661897855  0.99985880011830230  0.99986159884142889  0.99986440334712934
  0.99986719903905419  0.99987000103196277  0.99987279687141895  0.99987559506731172
  0.99987838266682805  0.99988117930129083  0.99988397588654487  0.99988677395053138
  0.99988956191283784  0.99989234702875474  0.99989513582204670  0.99989792952346357
  0.99990073587935746  0.99990355687693633  0.99990639050973962  0.99990923102987483
  0.99991207470010357  0.99991489349931362  0.99991773673936668  0.99992058129726202
  0.99992343505860803  0.99992630387214876  0.99992919164739524  0.99993211537847282
  0.99993504720563198  0.99993797339960544  0.99994090251862000  0.99994385299839372
  0.99994683661297412  0.99994985169025030  0.99995290383108959  0.99995598865506985
  0.99995908263453770  0.99996218290418304  0.99996531753722839  0.99996852263441760
  0.99997179654663826  0.99997513881835420  0.99997855805643376  0.99998211998042874
  0.99998585441191312  0.99998984392557067  0.99999433804461935  1.00000000000000000
   8.5027622383412519E-005  -1.0000000000000000     
 F F F F F F F F F F F F F F F F F F F F F F F F F F F F F F F F F F F F F F F F F F F F F F F F F F F F F F F F F F F F F F F F
  <DiscreteSampler_grid>
  grouped_processes
  1 # 1 for a reference and 2 for a running grid.
  10 # Attribute 'min_bin_probing_points' of the grid.
  1 # Attribute 'grid_mode' of the grid. 1=='default',2=='initialization'
  0.0000000000000000 # Attribute 'small_contrib_threshold' of the grid.
  0.5000000000000000 # Attribute 'damping_power' of the grid.
 # binID   n_entries weight   weight_sqr   abs_weight
    19   10   5.613948903356379E+007   2.348795824412757E+016   5.613948903356379E+007
    22   10   5.613948903356379E+007   2.348795824412757E+016   5.613948903356379E+007
    25   10   5.613948903356379E+007   2.348795824412757E+016   5.613948903356379E+007
    28   10   5.613948903356379E+007   2.348795824412757E+016   5.613948903356379E+007
  </DiscreteSampler_grid>
