 -0.01078251961046778  0.09212258995552955  0.14758866521090785  0.19281004046918693
  0.23475871306364443  0.27161495096304744  0.30387130570479015  0.33133333195288422
  0.35580562285461681  0.38047406086593005  0.40386517504981045  0.42551707861992949
  0.44774586505515573  0.47092576366830025  0.49138578235585506  0.51124440120313175
  0.53083422407507841  0.54958333421031691  0.56740369379956856  0.58384526333712017
  0.59916432800192554  0.61479924137861919  0.63093875777236119  0.64597731755722010
  0.66044673206379245  0.67317288151275512  0.68320920124878426  0.69182492221603487
  0.70180142244505150  0.71157006085649277  0.72028078718061928  0.72925349889194724
  0.73831594962444236  0.74748104714762875  0.75677024992782604  0.76525388835641683
  0.77258504828171226  0.78070065862380522  0.78920817235717045  0.79829857632436119
  0.80758828143701267  0.81648341082112752  0.82493162725708591  0.83285127509099033
  0.84055246154187091  0.84823982949885834  0.85587168689567628  0.86320641707251733
  0.86907516111537275  0.87517537906331011  0.87818985996319232  0.88117504769620258
  0.88400823702801201  0.88698571361895495  0.89014643652914749  0.89333027965201517
  0.89818879636111248  0.90280501246600398  0.90697644884315798  0.91098969311530276
  0.91469778488525266  0.91871573134990425  0.92189623287278899  0.92502272912944727
  0.92793842614607913  0.93042098870669676  0.93307987968520956  0.93602858385153642
  0.93929479841612407  0.94280288247280086  0.94613299321393030  0.94871555684741848
  0.95120561904671175  0.95353078540568381  0.95509289328332658  0.95667876541581531
  0.95836795304549527  0.96021697317952359  0.96219565999000856  0.96482392394751404
  0.96760565446856717  0.96946174946370123  0.97114047220254685  0.97284928050975006
  0.97457649327764639  0.97639012947822723  0.97838305944541504  0.98080500468969578
  0.98307650894518928  0.98481328358188913  0.98635779984403271  0.98808474191722262
  0.98992859250632281  0.99191282839384731  0.99526808081341978  1.00000000000000000
  0.00000000001343566  0.00000000001506609  0.00000000001622991  0.00000000001724483
  0.00000000001841371  0.00000000001962160  0.00000000002083798  0.00000000002203381
  0.00000000002332850  0.00000000002473409  0.00000000002625611  0.00000000002788551
  0.00000000002952962  0.00000000003116556  0.00000000003273817  0.00000000003473752
  0.00000000003695085  0.00000000003928388  0.00000000004182193  0.00000000004440859
  0.00000000004703616  0.00000000004975335  0.00000000005251191  0.00000000005533987
  0.00000000005820386  0.00000000006110601  0.00000000006402357  0.00000000006689459
  0.00000000006970297  0.00000000007245117  0.00000000007519143  0.00000000007797097
  0.00000000008083797  0.00000000008385104  0.00000000008717109  0.00000000009080389
  0.00000000009486882  0.00000000009889698  0.00000000010222136  0.00000000010540543
  0.00000000010889134  0.00000000011244788  0.00000000011601866  0.00000000011953751
  0.00000000012303114  0.00000000012720280  0.00000000013171577  0.00000000013598000
  0.00000000014066335  0.00000000014519160  0.00000000015030605  0.00000000015602049
  0.00000000016407338  0.00000000017181404  0.00000000017883547  0.00000000018538570
  0.00000000019423172  0.00000000020546317  0.00000000021828548  0.00000000023208681
  0.00000000024682267  0.00000000026231872  0.00000000027875407  0.00000000029607483
  0.00000000031389867  0.00000000033166934  0.00000000035122517  0.00000000037371801
  0.00000000040206441  0.00000000043133179  0.00000000046131037  0.00000000049275368
  0.00000000052655317  0.00000000056380088  0.00000000060710916  0.00000000066663888
  0.00000000074287812  0.00000000082709088  0.00000000091483247  0.00000000105624123
  0.00000000125865377  0.00000000158540731  0.00000000202297554  0.00000000262681095
  0.00000000357681782  0.00000000506609643  0.00000000642900312  0.00000000856470198
  0.00000001327718723  0.00000003047842773  0.00000011208946954  0.00000089667030226
  0.00001127519327490  0.00028182844240132  0.14521657449676906  1.00000000000000000
 -0.00290014496526532  0.01024857695825070  0.02095764099734092  0.03072297272494479
  0.04029159086568182  0.05017025539511144  0.06058321816368988  0.07072322218175713
  0.08153087528058414  0.09373296484104779  0.10497060282257382  0.11604435664991146
  0.12644886339807937  0.13668277060320613  0.14684480126863250  0.15687514914765388
  0.16687577330078854  0.17765086050951745  0.18859755526409860  0.19911860472770829
  0.20966229441089959  0.22061165465561780  0.23245362650200185  0.24427946750964696
  0.25647137246040780  0.26861567197104419  0.28086058062382074  0.29293982260363105
  0.30380969175122308  0.31385599409452880  0.32214261637899722  0.33163106437333156
  0.34109546710443278  0.35236495141683449  0.36419348121178513  0.37552757413933646
  0.38660752727101133  0.39732262789482348  0.40714509740308147  0.41699237520450100
  0.42656575656151713  0.43622592027226498  0.44663101358595975  0.45706006075873878
  0.46787119474973482  0.47868999611085600  0.48974735910540396  0.50092112759235252
  0.51229193262972439  0.52378078851331344  0.53521327190121981  0.54630408254952179
  0.55799368707858243  0.56845606678482052  0.57719300463960299  0.58598233101704311
  0.59440159464153175  0.60281975706595892  0.61245652399784078  0.62371765921011457
  0.63395935443697160  0.64467620091819389  0.65563168696607099  0.66645161673522391
  0.67698600024060507  0.68736480370821962  0.69822401032509562  0.70916020572019645
  0.71951537689887879  0.72969495489542013  0.73987165709845981  0.75003173004528489
  0.76046014759428482  0.77154416731088926  0.78311363390116417  0.79434704824026059
  0.80408456620371616  0.81195932242790692  0.82075078282147418  0.83163124689671175
  0.84189360769939392  0.85141365626471210  0.86139915675910816  0.87313913265278442
  0.88390296105798283  0.89452526777348262  0.90403741006331739  0.91419177007674712
  0.92507716361411241  0.93621904548630430  0.94738411788701327  0.95813799479854589
  0.96850923336210204  0.97876422076068814  0.98973439654126638  1.00000000000000000
 -0.00164601833892457  0.00633885667075951  0.01510042029726576  0.02448599454251576
  0.03581531512639078  0.04795842728755843  0.05952587157243696  0.07060572697965128
  0.08172495654269747  0.09299949334753307  0.10472969296909042  0.11638302558215680
  0.12681277731420612  0.13666002933321242  0.14610135669222157  0.15522838592879706
  0.16411949410799187  0.17350967128454017  0.18455178934691477  0.19626914807889334
  0.20808553668304955  0.22016775195252802  0.23221162747801141  0.24365272412571476
  0.25441719916539179  0.26482106443757575  0.27536209654671912  0.28636942479192135
  0.29767645084151378  0.30847802400499169  0.31957462339998632  0.33105521386367853
  0.34297836678176868  0.35450960138622972  0.36621183383668354  0.37727762653321401
  0.38753948012206063  0.39794235457307103  0.40807667380053669  0.41619658035893020
  0.42485164542029197  0.43358842711184092  0.44287870725034501  0.45317702928985376
  0.46295720868836820  0.47201630280844242  0.48128457495923976  0.49132351892632831
  0.50241231723243174  0.51385110764284669  0.52342141941377585  0.53216798093312379
  0.53985628230760296  0.54905745114742621  0.55912266198780913  0.57000156926630807
  0.58183504140495568  0.59372025762616154  0.60549248661109112  0.61657455588166510
  0.62701617290100942  0.63770490322539919  0.64781130116353980  0.65710627265547072
  0.66550951837352712  0.67661399879994510  0.68847416548391782  0.70014724875293477
  0.71095803957392445  0.72220909758352814  0.73314808792917829  0.74389967778139776
  0.75488649410886932  0.76650311684953709  0.77873581332990216  0.79116279413146895
  0.80271281172924736  0.81281992547191584  0.82227222054738069  0.83174073782546865
  0.84266229930933712  0.85352893104241201  0.86335614926359117  0.87298538354389887
  0.88282036695092558  0.89269892492854697  0.90266455723864070  0.91317940269567488
  0.92380949381629063  0.93486808856893722  0.94583292586356971  0.95691007379341675
  0.96696802158580364  0.97740991918667974  0.98810142710252069  1.00000000000000000
 -0.00244927799802178  0.00984353942599946  0.02124971397391195  0.03260535067448796
  0.04337396844674228  0.05425644474329504  0.06548666999752389  0.07710212942994757
  0.08775609599096749  0.09796707661696072  0.10900672034185693  0.11950081699770061
  0.13036466777943409  0.14098515688699137  0.15061106644345956  0.16038162061600358
  0.17022775855517666  0.18104010658914349  0.19185353614939543  0.20301353721021059
  0.21422658460066751  0.22572278796965070  0.23698638696858665  0.24811269804385747
  0.25841754117486559  0.26837259141938929  0.27837177433130095  0.28837734545392740
  0.29930251664027480  0.31039117196776944  0.32183242858159306  0.33362782825159526
  0.34443173575597513  0.35398723827332262  0.36321651127169430  0.37322766885392406
  0.38468999522204039  0.39603039675565666  0.40653965521326263  0.41661019939628102
  0.42670797039052122  0.43646411966574533  0.44652995961619663  0.45752454454487834
  0.46860445628984126  0.47988106229947697  0.49107878093883528  0.50166014301576067
  0.51256814123433481  0.52285436840918642  0.53352657072090293  0.54397008296804128
  0.55453006376774117  0.56415229698113301  0.57403054006234833  0.58478751441440291
  0.59533060955515738  0.60538336051457109  0.61477868486129206  0.62439462690649716
  0.63372729507793191  0.64327454251539107  0.65391560470319621  0.66536379072140095
  0.67611032933663240  0.68590535588769674  0.69552119162100623  0.70528901100952779
  0.71575736116425892  0.72701169911544139  0.73847912833656937  0.74959306787777780
  0.76083890410145516  0.77218022496852634  0.78381398957029202  0.79562579326746063
  0.80764459313405512  0.81807526577836942  0.82518723222277912  0.83236462757614660
  0.84000203722723688  0.84828969923202380  0.85833895752644607  0.86958050302774836
  0.88022777606845992  0.89033025680536537  0.90054570656090771  0.91107137637415248
  0.92175656658785254  0.93424192744961720  0.94759845436205192  0.95928583870503303
  0.96872033113884748  0.97825029694207044  0.98746680489377192  1.00000000000000000
  0.18627982759196612  0.20052279139586454  0.21266436776270412  0.23253529805736678
  0.26259972982639362  0.30488028301729497  0.35731844416372827  0.40816882123764198
  0.44924593160725207  0.48350955190280048  0.51496873704634938  0.54408315375875704
  0.56819631570653206  0.58778142978120840  0.60482174770294228  0.61821562295376398
  0.62979107841575410  0.63953202746918736  0.64724599882849965  0.65307332851998223
  0.65771083132552099  0.66195516769717477  0.66579744644323868  0.66911067803128543
  0.67190544317923162  0.67432909720982703  0.67643948461888359  0.67825710229554614
  0.67990221032748965  0.68148979715583746  0.68305079238109623  0.68449994070853648
  0.68578717957714963  0.68690852205696284  0.68785676800438933  0.68871574084909692
  0.68950313589443502  0.69025543661006805  0.69095075099116332  0.69154973322360025
  0.69210457073724674  0.69266381994278992  0.69323534948079635  0.69379534691270084
  0.69432058390084850  0.69484869636566549  0.69538661180722683  0.69593947229958830
  0.69650078568722396  0.69703079137502066  0.69755919983963965  0.69807234161133447
  0.69857346806219234  0.69905132207775222  0.69952945881491313  0.70001346655135566
  0.70052204459310075  0.70106015084410434  0.70163069075363083  0.70217534953095118
  0.70267872272732435  0.70317961395789574  0.70369355589147742  0.70424037543535511
  0.70485137662732478  0.70547041222178142  0.70615408316645689  0.70687076629087453
  0.70763711228718384  0.70851851472725191  0.70947498619341853  0.71053536777575088
  0.71167972055563811  0.71287090292714517  0.71417930329326940  0.71561414358527309
  0.71709223072412365  0.71852623628455881  0.71963145413774032  0.72089800130690074
  0.72232234659981398  0.72402857297880940  0.72615301931030307  0.72865321565091812
  0.73134615140037229  0.73442997527075204  0.73825571575695970  0.74272320683976889
  0.74772734924857520  0.75356797117844254  0.76084144120200581  0.77049388302143385
  0.78353571164606095  0.80196210116423983  0.83847006868190554  1.00000000000000000
   2.5781054787979581E-009  -1.0000000000000000     
 F F F F F F F F F F F F F F F F F F F F F F F F F F F F F F F F F F F F F F F F F F F F F F F F F F F F F F F F F F F F F F F F
  <DiscreteSampler_grid>
  grouped_processes
  1 # 1 for a reference and 2 for a running grid.
  10 # Attribute 'min_bin_probing_points' of the grid.
  1 # Attribute 'grid_mode' of the grid. 1=='default',2=='initialization'
  0.0000000000000000 # Attribute 'small_contrib_threshold' of the grid.
  0.5000000000000000 # Attribute 'damping_power' of the grid.
 # binID   n_entries weight   weight_sqr   abs_weight
    19   10   4.151022737609438E+007   8.546268635493134E+015   4.151022737609438E+007
    22   10   4.151022737609438E+007   8.546268635493134E+015   4.151022737609438E+007
    25   10   4.151022737609438E+007   8.546268635493134E+015   4.151022737609438E+007
    28   10   4.151022737609438E+007   8.546268635493134E+015   4.151022737609438E+007
  </DiscreteSampler_grid>
