 -0.01189448545057889  0.09588230715760307  0.14491745060323327  0.18132431870413473
  0.21500737496679853  0.24523511515875251  0.27228204391733057  0.29934995480756882
  0.32667736430701594  0.35070128319397725  0.37360148759323181  0.39576852019683173
  0.41718652274390228  0.43765424155198895  0.45750286135602125  0.47721730610499052
  0.49581807234534542  0.51342085483762756  0.53091787067221297  0.54856797273877933
  0.56574963831400427  0.58238574081049033  0.59813591006959466  0.61353476221661252
  0.62712734614826748  0.63988066244499209  0.65318369156419842  0.66700294076368594
  0.67998915158159545  0.69164007030599950  0.70086188124561510  0.70925578755380170
  0.71859241997870593  0.72953076875190770  0.73987517323583085  0.75076231634492041
  0.76108934941205153  0.77172367438588896  0.78250823044810669  0.79258180043431259
  0.80220529761341752  0.81195639161877897  0.82146403369882370  0.83001311755269302
  0.83733767606721199  0.84464141315321395  0.85167852780270414  0.85885545124952789
  0.86558718857090100  0.87140261271384578  0.87765316725491460  0.88374605788853111
  0.89024630338483701  0.89722192497596853  0.90337501524097463  0.90814398241410887
  0.91234852365736818  0.91586440621447673  0.91972024116038043  0.92306611079636458
  0.92627150863702901  0.92916488710049483  0.93196561785287324  0.93460333855009947
  0.93732073200786770  0.93930606383525617  0.94114609111241332  0.94327884016799124
  0.94630685045089524  0.94961372108150388  0.95263529677061143  0.95539741394540278
  0.95805608492313465  0.96084436569877774  0.96350905782916141  0.96637546098294203
  0.96892353744354809  0.97066868626928449  0.97215244857016336  0.97341007354606135
  0.97462911118270967  0.97579974496409616  0.97697866991165472  0.97833279106349003
  0.97962713052764905  0.98085422585587068  0.98197578411177810  0.98337753749319534
  0.98482508452910511  0.98626943987680671  0.98776587535740668  0.98935531762159656
  0.99137652503814022  0.99344624099838164  0.99491507203850482  1.00000000000000000
  0.00000000000710722  0.00000000001306929  0.00000000001698252  0.00000000002089575
  0.00000000002374115  0.00000000002641194  0.00000000002918182  0.00000000003271506
  0.00000000003627089  0.00000000004036528  0.00000000004429941  0.00000000004775265
  0.00000000005120589  0.00000000005481547  0.00000000005844194  0.00000000006215225
  0.00000000006593839  0.00000000007004909  0.00000000007514446  0.00000000008125334
  0.00000000008817216  0.00000000009525298  0.00000000010234653  0.00000000010934167
  0.00000000011645174  0.00000000012750950  0.00000000013856727  0.00000000014903131
  0.00000000015948160  0.00000000017224933  0.00000000018564612  0.00000000020031790
  0.00000000021580964  0.00000000023285505  0.00000000025107421  0.00000000027049099
  0.00000000029114637  0.00000000031280011  0.00000000033646781  0.00000000036187754
  0.00000000038871332  0.00000000041663897  0.00000000045173166  0.00000000048901089
  0.00000000052588435  0.00000000056084991  0.00000000059460565  0.00000000062843426
  0.00000000066489920  0.00000000071023238  0.00000000075896242  0.00000000080641394
  0.00000000085751766  0.00000000091701765  0.00000000098927405  0.00000000107467161
  0.00000000116097971  0.00000000125438865  0.00000000135598337  0.00000000147656993
  0.00000000161586779  0.00000000177694736  0.00000000193621773  0.00000000210295019
  0.00000000227334897  0.00000000244691552  0.00000000262391321  0.00000000284345791
  0.00000000312863928  0.00000000347917335  0.00000000393109443  0.00000000452643829
  0.00000000526116065  0.00000000602915532  0.00000000690313071  0.00000000787839732
  0.00000000933243766  0.00000001143484421  0.00000001422689302  0.00000001826585761
  0.00000002558553271  0.00000003719003469  0.00000005588986582  0.00000009535076596
  0.00000018850084313  0.00000035758459652  0.00000074546834831  0.00000190912066192
  0.00000495407258591  0.00001515307123472  0.00004951017196320  0.00019338652949554
  0.00117789830460232  0.04685127175764828  0.63553382993594798  1.00000000000000000
 -0.00258264366431195  0.01067231590116078  0.02264733943729113  0.03404955358229224
  0.04534484074482190  0.05581036675878914  0.06623520290609090  0.07588213607129572
  0.08602325910697217  0.09646068110611375  0.10703190620112432  0.11844810750026964
  0.13058220362114525  0.14334719587582431  0.15574268210961387  0.16711208555873303
  0.17796586794099012  0.18886094495115485  0.19963167690474831  0.21005593582165100
  0.21928537349310290  0.22815265748442118  0.23727011252169147  0.24700463939631023
  0.25767112446748863  0.26836148444149194  0.27922310079069818  0.29051083908560138
  0.30220168405564352  0.31353828486423713  0.32443909726450249  0.33451731973434795
  0.34346179711162911  0.35164209384722761  0.35927576641256892  0.36854340485867998
  0.37726153241177329  0.38693164928682533  0.39761889862478983  0.40968707413878774
  0.42131939817072006  0.43223319524776405  0.44313590855746593  0.45475642211999212
  0.46692344096125626  0.47895501155833597  0.49070586104925168  0.50214844285572513
  0.51401350893104880  0.52544064800881352  0.53644368889402083  0.54673097674734494
  0.55622870078389330  0.56555494999484879  0.57463414887032138  0.58351391960803722
  0.59285388955424567  0.60323961983486007  0.61468728975509401  0.62582021568794000
  0.63437429304154325  0.64241307065173048  0.65151827451196809  0.66020486662977795
  0.66976429233370005  0.68055126312141123  0.69160647786615559  0.70301728328231361
  0.71382022725682415  0.72470092255498997  0.73600077509973427  0.74578344989833678
  0.75447056208842600  0.76289440340019565  0.77194520483577134  0.78186190737173378
  0.79146478420912392  0.80111849421845904  0.81093558986088454  0.82116606636482992
  0.83222108410858797  0.84334342485035463  0.85348127346247216  0.86358793113217547
  0.87455894785706845  0.88625856725235130  0.89804435772736579  0.90942380128993694
  0.92106889005348236  0.93280563279418194  0.94426281942190271  0.95591314611598255
  0.96726915330064189  0.97950447824054743  0.99020178195029129  1.00000000000000000
 -0.00249601218442340  0.00933245703604408  0.01782392061243053  0.02688380751608850
  0.03660937393386082  0.04667918740441664  0.05885778285708228  0.07018324197923972
  0.08089009253951154  0.09053617322203081  0.09995981947816410  0.10944133333184074
  0.11893809545292036  0.12941552482015461  0.14001096067633526  0.15066167217099244
  0.16142535821220186  0.17207462436437196  0.18256678819044148  0.19300465838013611
  0.20403439447284449  0.21547006444984862  0.22670128114226501  0.23698183063624470
  0.24607784561540569  0.25526007280830199  0.26488527221012970  0.27546825772069311
  0.28703199324845946  0.29887510847137577  0.31057437759813894  0.32193267789058672
  0.33280768157643492  0.34304590849735211  0.35298518393707584  0.36279048252571361
  0.37201464441733689  0.38130567470571397  0.39087032268998162  0.40049637696068791
  0.41075120941045173  0.42024319935649662  0.43021999388641430  0.44029242155592480
  0.45016187708670663  0.45981563367526496  0.46983568007747339  0.48033614067120650
  0.49153326440649570  0.50366494023301045  0.51589829767066042  0.52754285189250416
  0.53884819695925490  0.54984347578860993  0.56006923307236178  0.57039551343515293
  0.58081081373137677  0.59100246923530131  0.60079243557263950  0.61108261292368493
  0.62348854905255247  0.63603780232675311  0.64821178842974569  0.66049583217423380
  0.67211348073635901  0.68330944608835886  0.69410064323225296  0.70527186132356323
  0.71666289762751079  0.72800833699727618  0.73956455352717287  0.75135185184318387
  0.76278960326575107  0.77365244489733820  0.78429337937249310  0.79568012032469337
  0.80767202140407879  0.81859554531919265  0.82842226188186485  0.83758764306095590
  0.84691163828577398  0.85726803465330648  0.86839329084359329  0.88106300557035100
  0.89212629061961968  0.90302263482538681  0.91306154362051550  0.92359486332884855
  0.93494829544688995  0.94606290272675242  0.95526394068713194  0.96261338734108126
  0.97069357871172190  0.97980616236449880  0.98674497470279465  1.00000000000000000
 -0.00169703012666598  0.00751307504798619  0.01727334852492817  0.02615630238912547
  0.03580210633897921  0.04634879381068566  0.05742959074790385  0.06831999694246438
  0.07898320641293508  0.08954493996427829  0.10048081884430408  0.11158091546441794
  0.12276669566358707  0.13406577475722661  0.14474050406830843  0.15531369868997441
  0.16567833885204153  0.17497848631112636  0.18508615310638846  0.19620940571806078
  0.20798841977517221  0.22020489657732265  0.23182500782017587  0.24300520403625284
  0.25350219087142928  0.26412315469603059  0.27488649839161394  0.28584181315835411
  0.29663832219102337  0.30638134237231202  0.31671859564940708  0.32650727064932183
  0.33653455693556106  0.34659236694078899  0.35710715942743204  0.36792287028344228
  0.37968765478190891  0.39240041486402860  0.40368884137494054  0.41363943622235250
  0.42366959299327805  0.43451286612256551  0.44594428114885148  0.45720062386224891
  0.46792940257511073  0.47888761719125722  0.49075151574269371  0.50214889946754793
  0.51356888912207121  0.52452549030126794  0.53589048184503585  0.54733732706779104
  0.55884870260548014  0.56934361260412991  0.57974797794168742  0.58930004815798587
  0.59986731369342083  0.61087221550784510  0.62241279042363873  0.63441070729599636
  0.64598966840555727  0.65611635456619111  0.66506888270148534  0.67340922023011485
  0.68128085982017861  0.68782357069364508  0.69455649470686009  0.70014344327797107
  0.70917722617682610  0.71982828983531244  0.73037367287791510  0.74066974809340069
  0.75110579279342227  0.76220401105415969  0.77329991346431148  0.78449924701851326
  0.79498403610032542  0.80570551202910834  0.81686012287473453  0.82860375205398784
  0.84089791370204114  0.85219335271065932  0.86325698924622574  0.87439822701889236
  0.88603570424359646  0.89706010272206582  0.90668208843259734  0.91549388470191151
  0.92427615239881200  0.93366333388507594  0.94496305057651475  0.95676487591861104
  0.96806812514161478  0.97921148256415202  0.99000656982708346  1.00000000000000000
  0.18375914388645670  0.21172044539645593  0.23812254235012639  0.27661402832346232
  0.32150684333439045  0.37254363806462421  0.42284158885324108  0.46504449982358742
  0.50136069908949654  0.53315159515115718  0.55894700692211530  0.58153894216133672
  0.59830688130941323  0.61044526186134784  0.62258990882889720  0.63302684410717236
  0.64198316123483323  0.64937479273637755  0.65504706762512532  0.65992428494191091
  0.66436185117986690  0.66833661815026302  0.67139773671771019  0.67360305557433786
  0.67549211274515564  0.67735294463298079  0.67933801131420812  0.68091373906505359
  0.68236181101820426  0.68367282947060692  0.68491559192996521  0.68601980844427346
  0.68692827957068214  0.68777872858126288  0.68862165014345300  0.68944015895553212
  0.69022219301722065  0.69096058325141552  0.69166217322575441  0.69231097621909576
  0.69291410071888482  0.69349188826969355  0.69405569496604325  0.69461005044924551
  0.69518043765275861  0.69573978716863505  0.69626753333835223  0.69677884685093849
  0.69727218478862485  0.69777427375939227  0.69828920964257757  0.69880789846068259
  0.69934851400036668  0.69989829765507550  0.70043309338107362  0.70096940491987714
  0.70150612325243988  0.70206069217873379  0.70263706711947005  0.70319878112535394
  0.70372252747563058  0.70423177808828041  0.70477342725955638  0.70538844788067756
  0.70608428651050670  0.70683643137102259  0.70762291644034536  0.70849558942347113
  0.70945490180573945  0.71047090281332259  0.71156459958551566  0.71273974737492618
  0.71389368538871512  0.71509689942940280  0.71634579220431061  0.71758095096225483
  0.71901940895018812  0.72060814359138892  0.72247779050187166  0.72466342291706776
  0.72690042131411847  0.72890226807888270  0.73088779595368147  0.73308248074993354
  0.73544835693469390  0.73813408899180277  0.74190816424941863  0.74668641111976719
  0.75265046085707388  0.76003896461487364  0.76918729102786332  0.77938123427725259
  0.79175940495627917  0.80837554492396024  0.84371016780596286  1.00000000000000000
   2.6074331293591340E-009  -1.0000000000000000     
 F F F F F F F F F F F F F F F F F F F F F F F F F F F F F F F F F F F F F F F F F F F F F F F F F F F F F F F F F F F F F F F F
  <DiscreteSampler_grid>
  grouped_processes
  1 # 1 for a reference and 2 for a running grid.
  10 # Attribute 'min_bin_probing_points' of the grid.
  1 # Attribute 'grid_mode' of the grid. 1=='default',2=='initialization'
  0.0000000000000000 # Attribute 'small_contrib_threshold' of the grid.
  0.5000000000000000 # Attribute 'damping_power' of the grid.
 # binID   n_entries weight   weight_sqr   abs_weight
    19   10   3.543486096231758E+005   7.063376786567214E+011   3.543486096231758E+005
    22   10   3.543486096231758E+005   7.063376786567214E+011   3.543486096231758E+005
    25   10   3.543486096231758E+005   7.063376786567214E+011   3.543486096231758E+005
    28   10   3.543486096231758E+005   7.063376786567214E+011   3.543486096231758E+005
  </DiscreteSampler_grid>
