 -0.00252570441843101  0.00946123739204271  0.01959792945440191  0.03007771620514304
  0.04060016278665137  0.05113061871615602  0.06170035475805834  0.07231423526609915
  0.08291984529352467  0.09350724783266240  0.10408152488487543  0.11465150096361852
  0.12523363236965449  0.13580570336678402  0.14637117052764786  0.15691121847982745
  0.16745801392726278  0.17800719534023854  0.18855666690085185  0.19911086289417260
  0.20964510233751196  0.22011807833793887  0.23059879081032994  0.24110107836248443
  0.25161796227012129  0.26212373349093621  0.27262263450741170  0.28320329357149587
  0.29376447645161752  0.30437223947280623  0.31496904081181237  0.32558471942337147
  0.33617655236597921  0.34671533559197310  0.35722692353328400  0.36770726802914722
  0.37819875064638020  0.38871504452684386  0.39921607354920474  0.40974840372370042
  0.42028315424437107  0.43084389715699406  0.44139605977797441  0.45194598123177143
  0.46252787389649452  0.47310164359460433  0.48365413386573985  0.49418342792041403
  0.50473070831477862  0.51528598342987508  0.52576926716463190  0.53623244873913367
  0.54672006787969685  0.55724465806206591  0.56776401871876170  0.57830151823938325
  0.58885209470673616  0.59943478574098741  0.60999104524090064  0.62052236091126989
  0.63100808995121571  0.64147520074475184  0.65199737769704735  0.66253432401889334
  0.67311908142051613  0.68371857186920526  0.69429770918551847  0.70486545206591522
  0.71543705358458376  0.72602764659483421  0.73658156280521958  0.74711563797989600
  0.75766294623549091  0.76819668943297981  0.77874474344942746  0.78930764494149930
  0.79991106089379116  0.81053208105370500  0.82112931676474432  0.83172928442737970
  0.84230441158032077  0.85291484684586893  0.86350546359612546  0.87408778254535191
  0.88457869364139441  0.89506078393308763  0.90554187578385481  0.91599503627916978
  0.92642388310901158  0.93685466566049191  0.94739474608225893  0.95789377532692632
  0.96839091684003298  0.97885818614781295  0.98941387863291608  1.00000000000000000
 -0.00248546179745898  0.00945020636134868  0.01960169287155444  0.03012277885851395
  0.04068127345620396  0.05119601701357172  0.06170248851568073  0.07226830575378888
  0.08284444938373257  0.09343287598183837  0.10399242991998423  0.11454136343429046
  0.12510605801515384  0.13566943321581240  0.14618237339370002  0.15669391206728420
  0.16716515554880759  0.17768812940451784  0.18821514907374257  0.19880301570485029
  0.20940241086277164  0.21999814598809270  0.23057609682481447  0.24114097427275213
  0.25167838974464835  0.26221591085315105  0.27273191979320588  0.28324503139747786
  0.29373554849518135  0.30422491612068425  0.31469583420648245  0.32518524545113053
  0.33567187080860572  0.34618823769086726  0.35672524617776824  0.36727620542845490
  0.37781779651561309  0.38831866554987887  0.39884574312750654  0.40938462373512213
  0.41990906154429797  0.43039086978931201  0.44088332435781330  0.45141641553388751
  0.46199031846997013  0.47256663999404885  0.48314331405839267  0.49367824991037595
  0.50421583628342670  0.51470672463382927  0.52525172972573553  0.53577654623990001
  0.54631061946120552  0.55681985479502072  0.56734857090108504  0.57789121038358260
  0.58841867669016890  0.59896527497527030  0.60952985298118623  0.62008846522960626
  0.63063300352456353  0.64116061511468758  0.65172941532781692  0.66227461982367530
  0.67285833066872358  0.68344812134707200  0.69402372149547031  0.70460494254064987
  0.71517391358869398  0.72571983929870276  0.73626284115676244  0.74678667669921672
  0.75737033263874520  0.76793400650941857  0.77848093379998218  0.78900906416431960
  0.79954802211474785  0.81006111410277071  0.82062378462530061  0.83114695604775779
  0.84173347898465756  0.85232438156114843  0.86290591440707620  0.87348894542706090
  0.88405433415298262  0.89462675391924285  0.90517960663887431  0.91573177987613974
  0.92628290893169807  0.93682351426379962  0.94735403658273531  0.95790391488802551
  0.96846406635950988  0.97899434814084130  0.98950476886534533  1.00000000000000000
  0.00534047049758592  0.00920400018607320  0.01533393409325011  0.02235226762466689
  0.03003267379537390  0.03813322636317671  0.04663456645082178  0.05544777816056003
  0.06446799581397999  0.07368344163931011  0.08302059775386685  0.09248100264607233
  0.10204240097508727  0.11169610330357274  0.12141850392211224  0.13120281030497843
  0.14104527702821321  0.15094470566553830  0.16089088653587547  0.17087034665676140
  0.18088264729294221  0.19091863979897930  0.20097642823444989  0.21106366585554967
  0.22118344645930926  0.23133290495823128  0.24150349920790137  0.25169127856659923
  0.26189888793991278  0.27212875428916261  0.28238153420936279  0.29265509605613410
  0.30294613818961569  0.31325240262864196  0.32357374661424787  0.33390751317095052
  0.34425137213098439  0.35460495250195734  0.36497309844927123  0.37536494872561205
  0.38578076920958360  0.39621221538192847  0.40664852966756843  0.41708400677703555
  0.42752419825268356  0.43798152901146364  0.44845634201787093  0.45893955673333009
  0.46942782937166505  0.47993151237726700  0.49045617984349660  0.50099109780952078
  0.51153547407123390  0.52208761646342250  0.53265645289122565  0.54323876482715361
  0.55383715837746972  0.56444767477638769  0.57506930623502484  0.58570648204624454
  0.59635999515699789  0.60702815369404295  0.61770413431103421  0.62838223066088006
  0.63907067352916891  0.64977057229686852  0.66048874481091480  0.67121808392895355
  0.68196050342317960  0.69271814463297532  0.70349716366271142  0.71429870879275092
  0.72512188827718493  0.73596409463837520  0.74682414902397898  0.75770174140963875
  0.76860676697421593  0.77953563069332243  0.79049377624082073  0.80148465891975307
  0.81252339446821342  0.82360679480049304  0.83472763071987388  0.84587992031467540
  0.85708152781868308  0.86835795576817632  0.87973127855665056  0.89120357826974306
  0.90278689102890031  0.91452394551052962  0.92648010238642020  0.93875076635906918
  0.95151288218980801  0.96525223502359492  0.98125038879636972  1.00000000000000000
   1.3145256950509457E-007  -1.0000000000000000     
 F F F F F F F F F F F F T F F F F F F F F F F F F F F F F F F F
  <DiscreteSampler_grid>
  grouped_processes
  1 # 1 for a reference and 2 for a running grid.
  10 # Attribute 'min_bin_probing_points' of the grid.
  1 # Attribute 'grid_mode' of the grid. 1=='default',2=='initialization'
  0.0000000000000000 # Attribute 'small_contrib_threshold' of the grid.
  0.5000000000000000 # Attribute 'damping_power' of the grid.
 # binID   n_entries weight   weight_sqr   abs_weight
    19   10   1.217004588811582E+007   2.225334912984987E+014   1.217004588811582E+007
    22   10   1.217004588811582E+007   2.225334912984987E+014   1.217004588811582E+007
    25   10   1.217004588811582E+007   2.225334912984987E+014   1.217004588811582E+007
    28   10   1.217004588811582E+007   2.225334912984987E+014   1.217004588811582E+007
  </DiscreteSampler_grid>
