  0.00160757297811409  0.01355533262385195  0.02605719418002954  0.04045821434834199
  0.06174672141724089  0.07317888664159079  0.07722612259753422  0.08726576707112707
  0.10116368147872166  0.11759568144301406  0.13093363980384776  0.13974930445572067
  0.14826619293743942  0.15646682122983130  0.16475752691557419  0.17275590276540004
  0.18082282392442531  0.18661432862961699  0.19222616334581391  0.19844452451126707
  0.20584178370329789  0.21723903152919941  0.22794367483291511  0.23792634038335109
  0.24770327000253903  0.25866838059992237  0.26875708734240794  0.27735690289606291
  0.28591304655072908  0.29400813295612693  0.30101761601412441  0.30798741435098909
  0.31502524222126133  0.32177077298994011  0.32890140493030595  0.33720656932871335
  0.34536870164008321  0.35466580088399968  0.36823070315609208  0.38151806743202604
  0.39320434631065143  0.40464074661925031  0.41415557481207282  0.42177989368952873
  0.42839632331353689  0.44174481941138388  0.46795122123453647  0.49384614503850849
  0.51950041516494505  0.53685084012992623  0.54923809886116304  0.56168224345052298
  0.57173308899973696  0.57743622685745555  0.58706478232498327  0.59620552246908931
  0.60444019260015669  0.61269398298628808  0.62132924253951627  0.63228673091882781
  0.64470809822314401  0.65522321985216037  0.66476089716049025  0.67396914891072013
  0.68448205402791074  0.69529714750638716  0.70649665598745226  0.71641559220218032
  0.72616293595513604  0.73558723676408477  0.74484501227740962  0.75459478999838203
  0.76357975610477957  0.77344807134732030  0.78661245415821002  0.79873936162447323
  0.81008376535865900  0.81927728528257038  0.83293437272796433  0.85792594527209287
  0.88535663752597593  0.90828527019316596  0.91815113910513779  0.92887844022296495
  0.93912208858627499  0.94890299069182216  0.95859881934154967  0.96442155303912880
  0.96997490788081608  0.97548773488512397  0.98056466402656894  0.98491723528011388
  0.98876565486226653  0.99231799002935528  0.99590159133936484  1.00000000000000000
  0.00093443910748569  0.00098347393078048  0.00102369796493517  0.00106952306741150
  0.00111526300418994  0.00115680882082009  0.00120254330154527  0.00125589398930119
  0.00129510078733784  0.00133873074680644  0.00139036741211935  0.00144465717224718
  0.00150218474161867  0.00156048213600475  0.00161987709654586  0.00168004727965496
  0.00174311446653477  0.00181482420301511  0.00190842034702622  0.00200546356754185
  0.00206644373393796  0.00212123422718551  0.00217310861372975  0.00222611875339921
  0.00228289633092773  0.00234466255414084  0.00240960614358410  0.00247002065043265
  0.00252163768539715  0.00256679251500156  0.00261602521222624  0.00266807590219535
  0.00273353569069162  0.00279370139847248  0.00285583949152219  0.00291210171103830
  0.00297389997959274  0.00303973331724758  0.00311482806985280  0.00319252565376154
  0.00327609605255659  0.00335066718353619  0.00340223095917867  0.00345562077511034
  0.00350783701822310  0.00355256627134415  0.00359803740836847  0.00364703034596109
  0.00370089986978549  0.00375478051617653  0.00381325209843243  0.00388785556363012
  0.00399228495789606  0.00408953619150725  0.00416097026395883  0.00422631883948379
  0.00428924027156984  0.00435571762149099  0.00442148938442794  0.00451459344712624
  0.00461239614701151  0.00472008437995419  0.00485081547255287  0.00499795019151243
  0.00513689993056727  0.00526599532040453  0.00539697263514960  0.00553841799722304
  0.00568278085907590  0.00583249352203580  0.00599627137060881  0.00617678390379706
  0.00637821067356862  0.00657954306022687  0.00678786577069866  0.00700592456735933
  0.00721751565526819  0.00745431482767288  0.00772061288742427  0.00799107032089055
  0.00827603488554839  0.00855319643003171  0.00879603724214026  0.00971807091373768
  0.01037167480148567  0.01096691439549613  0.01155124826959182  0.01223330316910457
  0.01306896324904354  0.01371813309770905  0.01430024825160975  0.01539905928475731
  0.02358852570099729  0.04274689654852173  0.07270941313867627  1.00000000000000000
  0.00953896374179639  0.02079574490675816  0.03084498977366447  0.04135419402515941
  0.05282180317453748  0.06590183078862837  0.07299484258472860  0.07460405675366813
  0.07640973838575567  0.08193188982570158  0.09156514245110378  0.09911548040595981
  0.12463411838587618  0.14894981502054938  0.15729271748202683  0.16609185105591601
  0.17312758048557625  0.17918008741514152  0.18490098670603838  0.19094423794957713
  0.19786776824408994  0.20575810711522730  0.21290472705940550  0.21953702557093799
  0.22611792680285711  0.23278388852496493  0.24019491998789544  0.24757269997040027
  0.25492649214267693  0.26241220874321186  0.26964676512981534  0.27648189328289136
  0.28333589330692754  0.29103800138801261  0.29956013715318075  0.30723668245464408
  0.31413087546291868  0.32142407859646044  0.32969545443566373  0.33444563316579051
  0.33863719413125276  0.37784721136150817  0.42206376403956036  0.45560131329683573
  0.48297787296526684  0.50582695204828487  0.52085375770958586  0.52889491675617184
  0.53644731020309389  0.54528999555796120  0.55391681970211126  0.56232806776618549
  0.57001739222286252  0.57703854901821949  0.58385896430055306  0.59222284252974533
  0.60053130081153905  0.60943479422015956  0.61823329523147519  0.62579845211078233
  0.64595057214890128  0.66188588693111805  0.67492877213137681  0.68523803445418396
  0.69507888344747260  0.70531043540267913  0.71516922658823168  0.72468392507815416
  0.73403931546484580  0.74232370794687830  0.75033415964013583  0.76154481503371829
  0.77850205334420353  0.79703795785040243  0.80997535189303804  0.82387527895742640
  0.83337787580401601  0.84064364179743201  0.84766747495974870  0.85402444541809586
  0.85972352768202531  0.86614039768275852  0.87358082636157641  0.88112855923353717
  0.88869535094768015  0.89743462287056064  0.90766945850911829  0.92253255106149756
  0.94063630227861594  0.95604605949139199  0.96388630007957876  0.97141340158425460
  0.97977015022481251  0.98727707160389766  0.99394514178678173  1.00000000000000000
  0.01369002897521623  0.01768765025506205  0.02197353202067627  0.02900765505618828
  0.03853286590291585  0.05202825797592953  0.06532544588586983  0.07543978649514123
  0.08303006426751773  0.09172881253286290  0.10032063255614797  0.10858208865406996
  0.11648469524765243  0.12524123551620267  0.13496301590476964  0.14814598449156335
  0.16374487192037865  0.17592710081364993  0.18176648936432310  0.18949179425493953
  0.19717705782059772  0.20447624632223710  0.21117246771662759  0.21876843899142931
  0.22704853943047004  0.23541573636972554  0.24386444453621567  0.25152498512647953
  0.25963296518649681  0.26686407843051851  0.27256556967948070  0.27782646942865907
  0.28406597640745540  0.29170689103775510  0.30165341624540992  0.31113020792787865
  0.32062758417968118  0.32975783763949784  0.33880549829621709  0.34825446508530189
  0.35841968581162476  0.36787949878419141  0.37610321217203230  0.38416128761170926
  0.39224040218331446  0.40246545954865737  0.41665135622535621  0.43201407587164203
  0.44651271166016365  0.45979749972675887  0.48712122497986166  0.50918958385393198
  0.52496995589455353  0.53738702819592965  0.55063688168091152  0.56307905082950227
  0.57356151023905233  0.58036062167956037  0.60018278821476623  0.63343325792787741
  0.65345577006859024  0.66671119496562026  0.67610138357050020  0.68653849482476426
  0.69594724146592202  0.70110272454652212  0.70624863686058281  0.71137985712347374
  0.71654633969700532  0.72226513841643147  0.73162762869937192  0.75670118794583530
  0.76924577479048595  0.77795181145052728  0.78573521438271343  0.79390791319259046
  0.80359502715779063  0.81141810063346709  0.81844939651815796  0.82428088130702315
  0.82887315422521857  0.84116364929206988  0.85876588474135673  0.87379162102310493
  0.88167770005208135  0.88658504896686774  0.89420446424195155  0.90191265515243813
  0.90984279289310821  0.91770957571344347  0.92543493464929183  0.93409707673380937
  0.94484697329812317  0.95762489103408299  0.97581797439379703  1.00000000000000000
  0.01258701703956071  0.02614460114612851  0.03970218525269631  0.04483078075959054
  0.04900083104743876  0.05539021853590805  0.06104024731222968  0.06705419138744681
  0.07369302230934284  0.07970132580591864  0.09620447245221048  0.10726329691825628
  0.11384271048032377  0.12220315591614138  0.13048979843864836  0.13874448304652001
  0.14688847091942656  0.15426245655063681  0.16150710216913322  0.16801516530852320
  0.17425820511587195  0.18073005235252257  0.18813102224770351  0.19616845180484610
  0.20484886643328307  0.21284354904991523  0.21995673610034491  0.22406577884914447
  0.22731922805237889  0.23057377614860713  0.26050600220890641  0.29216377016886363
  0.32363679349917018  0.35504714177514274  0.37367913188496193  0.38128706348497993
  0.38816193816688710  0.39770702094459248  0.40619705783509436  0.41444064471839659
  0.42296205827056543  0.43115518362407307  0.43963017650593389  0.44877095847259069
  0.45790115310935248  0.46696929017283195  0.47553628304516649  0.48366026197430578
  0.49154167853695263  0.49989988806679680  0.50817744926651687  0.51392501733076768
  0.52227059558091671  0.54599179368306683  0.58776239743420244  0.61877732245619832
  0.63937394736140651  0.65029003325435752  0.65850624120460532  0.66633489879397112
  0.67590718536683003  0.68568720858670529  0.69392121977675536  0.70226644052452281
  0.71121789096151500  0.71949176154741656  0.72547954108394652  0.72921718327769203
  0.73300104305028024  0.73654958536037707  0.74152841821368443  0.74811499509988788
  0.75667148364914294  0.76540557927431263  0.77548941470956667  0.78822427618463797
  0.80330237583895459  0.81959280746535135  0.83485314877614913  0.85044851361365192
  0.86109376328727683  0.87039877891536022  0.87852932203218570  0.88589897863203959
  0.89439563137201172  0.90439307536598745  0.91450087754343490  0.92612791883660950
  0.93706585747574067  0.94478614508369829  0.95279264345888692  0.96042894573370619
  0.96701248040203114  0.97375386188569546  0.97949144478004668  1.00000000000000000
  0.99972611720752513  0.99972894278380631  0.99973138821549312  0.99973336887219044
  0.99973530223251128  0.99973722480799765  0.99973929860913968  0.99974186495650108
  0.99974453702357846  0.99974707460787737  0.99974938983011197  0.99975157999640085
  0.99975375530182420  0.99975599922566083  0.99975830487980533  0.99976052817687211
  0.99976268078495534  0.99976478563706750  0.99976681934576350  0.99976889237089006
  0.99977103129767375  0.99977326912186970  0.99977559075721290  0.99977784853162288
  0.99978016308779183  0.99978255355347945  0.99978501459214164  0.99978750793298032
  0.99978997022776173  0.99979243106000049  0.99979476225042008  0.99979709790435189
  0.99979946579764389  0.99980186119267977  0.99980419772947904  0.99980648509401460
  0.99980894632610773  0.99981146454741454  0.99981406364089498  0.99981669000639406
  0.99981941208086533  0.99982207654103661  0.99982484932301963  0.99982747148664919
  0.99983004133990760  0.99983258090495319  0.99983507827014917  0.99983775742792191
  0.99984036443472435  0.99984313157893212  0.99984596781492940  0.99984892186791852
  0.99985194807170208  0.99985418384908442  0.99985584049316745  0.99985747057838692
  0.99985909045679811  0.99986072111580693  0.99986235406571722  0.99986488114612793
  0.99986750228568055  0.99987012738522973  0.99987281886348434  0.99987563366122800
  0.99987846043746875  0.99988120961326166  0.99988412516534841  0.99988715878571821
  0.99989043100490338  0.99989376754721748  0.99989708546149969  0.99990023185428112
  0.99990326706691457  0.99990639800242798  0.99990978651528628  0.99991349022730214
  0.99991724566835216  0.99992101864485927  0.99992451653484815  0.99992782682265069
  0.99993124973054737  0.99993468619354298  0.99993818534777112  0.99994147200300465
  0.99994503195375195  0.99994878362528994  0.99995270647622747  0.99995676954915336
  0.99996119094127933  0.99996552635048264  0.99996959351757142  0.99997380173153005
  0.99997905246417762  0.99998549165899520  0.99999194781079193  1.00000000000000000
   3.9325093086994947E-004  -1.0000000000000000     
 F F F F F F F F F F F F F F F F F F F F F F F F F F F F F F F F F F F F F F F F F F F F F F F F F F F F F F F F F F F F F F F F
  <DiscreteSampler_grid>
  grouped_processes
  1 # 1 for a reference and 2 for a running grid.
  10 # Attribute 'min_bin_probing_points' of the grid.
  1 # Attribute 'grid_mode' of the grid. 1=='default',2=='initialization'
  0.0000000000000000 # Attribute 'small_contrib_threshold' of the grid.
  0.5000000000000000 # Attribute 'damping_power' of the grid.
 # binID   n_entries weight   weight_sqr   abs_weight
    19   10   1.380100659923506E+006   3.419524348772657E+012   1.380100659923506E+006
    22   10   1.380100659923506E+006   3.419524348772657E+012   1.380100659923506E+006
    25   10   1.380100659923506E+006   3.419524348772657E+012   1.380100659923506E+006
    28   10   1.380100659923506E+006   3.419524348772657E+012   1.380100659923506E+006
  </DiscreteSampler_grid>
