 -0.01151262098524984  0.09314482223466926  0.15298563727840836  0.20217530731931616
  0.24326849961596450  0.27567062100950318  0.30575409345164317  0.33775545524085676
  0.36835824967978947  0.39564749368984353  0.41983362558366188  0.44495649330993886
  0.46918996515642541  0.49196437144716210  0.51392613197841164  0.53496704415604046
  0.55431154391124915  0.57047413103304612  0.58613512084123931  0.60011946195718113
  0.61413603307450126  0.62627410480185142  0.63865676963065210  0.65213105173724650
  0.66654414589726618  0.67816863598999444  0.68978865508409126  0.70189018227358935
  0.71366367563022193  0.72336286640932668  0.73231177880491349  0.74104957719787423
  0.74981000620512084  0.75813798927251397  0.76648843520410770  0.77486748768127456
  0.78385798395259987  0.79238730704315652  0.80029830012398773  0.80791088907371311
  0.81531747563650991  0.82252802915149781  0.82959147720798521  0.83670847466345644
  0.84384656595800700  0.85081177092346494  0.85607298087948891  0.86102225638409191
  0.86620746679610416  0.87101236629748269  0.87528796167244105  0.87936097107301536
  0.88324139091931797  0.88768101222195783  0.89309825209773364  0.89806506376565831
  0.90284741424538051  0.90745041888576217  0.91203448548671429  0.91655238260310379
  0.92067842991467852  0.92457756792167123  0.92880127169508797  0.93276184441759247
  0.93628831370377374  0.93969942743752510  0.94285202227800169  0.94575097255837537
  0.94814058140244728  0.95071742569959294  0.95348009071476270  0.95619883289186802
  0.95874696911452517  0.96106816416981988  0.96318854996875736  0.96513428649581334
  0.96700830214489530  0.96867770100189743  0.97041938848926101  0.97220938641310783
  0.97383322852942833  0.97588134413648120  0.97797041408290475  0.97989870152034664
  0.98159699833534775  0.98292088289225121  0.98403114644827727  0.98490016694564853
  0.98573677531615822  0.98660740545888015  0.98755708944504494  0.98879180056819105
  0.99078725404222490  0.99310634002309861  0.99503659202444306  1.00000000000000000
  0.00000000015294047  0.00000000016170909  0.00000000016724900  0.00000000017182803
  0.00000000017595511  0.00000000017960183  0.00000000018350208  0.00000000018787588
  0.00000000019285595  0.00000000019725541  0.00000000020142012  0.00000000020559176
  0.00000000020956588  0.00000000021382252  0.00000000021857843  0.00000000022355901
  0.00000000022872051  0.00000000023465739  0.00000000024138701  0.00000000024838306
  0.00000000025622316  0.00000000026462169  0.00000000027309906  0.00000000028164897
  0.00000000029090889  0.00000000030050460  0.00000000031105908  0.00000000032293547
  0.00000000033413710  0.00000000034421688  0.00000000035335070  0.00000000036193884
  0.00000000037044145  0.00000000037845216  0.00000000038641220  0.00000000039519456
  0.00000000040606196  0.00000000041946061  0.00000000043234891  0.00000000044568358
  0.00000000045895158  0.00000000047365165  0.00000000048916823  0.00000000050592614
  0.00000000052494549  0.00000000054332146  0.00000000055988175  0.00000000057882518
  0.00000000059997198  0.00000000062191524  0.00000000064574482  0.00000000067074526
  0.00000000070432872  0.00000000074365263  0.00000000077765407  0.00000000081181386
  0.00000000084924912  0.00000000089196887  0.00000000093468004  0.00000000097739477
  0.00000000102889245  0.00000000109609495  0.00000000117422797  0.00000000125000179
  0.00000000132937338  0.00000000142826995  0.00000000154091100  0.00000000165719666
  0.00000000177382855  0.00000000191354296  0.00000000207861114  0.00000000229577023
  0.00000000256240250  0.00000000287670406  0.00000000322022911  0.00000000358621874
  0.00000000401741992  0.00000000463843096  0.00000000554359554  0.00000000692962968
  0.00000000892073009  0.00000001154448371  0.00000001477945639  0.00000002015185591
  0.00000003052615521  0.00000005321952208  0.00000012649706193  0.00000036752726428
  0.00000116526946668  0.00000431748372213  0.00001672051626189  0.00010883898994886
  0.00104499996617088  0.11922839513456224  0.66335470448123734  1.00000000000000000
 -0.00206018420102373  0.00794602897171769  0.01827459870509504  0.02908393518305806
  0.03908207236188288  0.04858106695317154  0.05725931886864438  0.06720859464999562
  0.07638172840622860  0.08575447054565231  0.09681119322002937  0.10815951632133446
  0.11925718430858093  0.13005645375301458  0.14121805211115923  0.15166714769634801
  0.16127395894812044  0.17069002846645165  0.18099776782671465  0.19246484852286116
  0.20479480593009125  0.21676952358680335  0.22851293021646085  0.23955441330864791
  0.25047855822530951  0.26146265325651002  0.27268978873618582  0.28365052948565717
  0.29413906024684344  0.30463906982935579  0.31603669818949420  0.32792727413086520
  0.33969987157398263  0.35112395116591910  0.36251432822647212  0.37335170202321782
  0.38347846649364659  0.39315548716148485  0.40276525782315892  0.41215484664517366
  0.42026214264801504  0.42997069701961332  0.43975181616273284  0.45074570400673297
  0.46270673709293897  0.47394463180842522  0.48402402877326273  0.49442457586726807
  0.50552550197410551  0.51793063326799593  0.53076963650447895  0.54226161796234462
  0.55178845793739417  0.56088010220273921  0.57103521008352154  0.58066277671349509
  0.58938965170960389  0.59728281034157638  0.60528463366913210  0.61382321048939548
  0.62159224012604131  0.63082161397172465  0.64309895559650554  0.65183969819546550
  0.66103692528655744  0.66984950780217556  0.67813106984475524  0.68731672139937705
  0.69758593871271868  0.70805992443835852  0.71931320180003722  0.73138820208493316
  0.74342729865868606  0.75484352511861752  0.76649381415332851  0.77732479383312036
  0.78771089111559256  0.79720302539623289  0.80741801755590881  0.81910722627196353
  0.83063576542985385  0.84179419448104231  0.85249266717956007  0.86312074372211345
  0.87456809453826123  0.88539600808466856  0.89580531181722223  0.90531827268848686
  0.91501700061621705  0.92555015254917172  0.93714975104432208  0.94896813887548459
  0.96115024786438308  0.97367620745319594  0.98640200933866640  1.00000000000000000
 -0.00280045830292206  0.00981400291936799  0.01750471702677447  0.02581385880450574
  0.03508928982331990  0.04426040922258413  0.05309020506844599  0.06256882698340444
  0.07249381815732910  0.08279252865560129  0.09448915140319382  0.10674812081436302
  0.11711558471493316  0.12744500620966517  0.13809881422117518  0.14864501054828683
  0.15997205439993006  0.17158358136197563  0.18343800178992994  0.19498708836697454
  0.20619468903362870  0.21684191268736233  0.22719443984658402  0.23713236450548039
  0.24711271950471100  0.25726206990709516  0.26776928423465635  0.27881278301320495
  0.29023506574030200  0.30133435510161821  0.31118178390709367  0.32057570897955262
  0.33001089494747687  0.33993549896874958  0.35108822348625851  0.36274849926037228
  0.37357875947536467  0.38489028418251214  0.39686176193450556  0.40889328106510803
  0.42043481287808293  0.43128731094055700  0.44218987990912795  0.45332717752138729
  0.46423931492656201  0.47463267863499603  0.48405983731412949  0.49310630754411305
  0.50176971185591790  0.51028879829121376  0.51954672260666657  0.52984926386081588
  0.54094466430241306  0.55225636370858289  0.56418703491926236  0.57686796048698841
  0.58972962180756372  0.60207001670473725  0.61370173547751139  0.62486911177063442
  0.63604251368742004  0.64752211318088637  0.65925783465981302  0.67154119428326831
  0.68368859267491566  0.69489917863191708  0.70519725405934497  0.71529520882082198
  0.72566471414599953  0.73680457832022839  0.74839787946452374  0.75958674150899952
  0.77059263979804848  0.78106204644287136  0.79073321259209195  0.79969345115777735
  0.80821049235192244  0.81718010075486081  0.82626316582178327  0.83653463408037310
  0.84852510331029429  0.85925954257171111  0.86852209473808173  0.87751927764544635
  0.88645222813132785  0.89527008115801721  0.90513597860095041  0.91617018525973393
  0.92692369786864159  0.93798925400956967  0.94983809061578628  0.96205541963416996
  0.97248128032079328  0.98161112514880111  0.99109214552852065  1.00000000000000000
 -0.00229338482753600  0.00794188548525715  0.01851064382174106  0.02940227328778150
  0.04094793745889520  0.05255637669145702  0.06384247125260981  0.07446743940260375
  0.08492669254086720  0.09509482925579556  0.10470606627154386  0.11376289681053066
  0.12289467910594140  0.13188526044399773  0.14171323716999251  0.15313816148544215
  0.16439296383587970  0.17498658632309236  0.18468524493432587  0.19377574344147697
  0.20366367646500932  0.21477887336464282  0.22642794873045044  0.23845136364027619
  0.25087459416048846  0.26349603294594920  0.27608277298471096  0.28847729238285941
  0.30068792619172990  0.31231461092250262  0.32353285598508785  0.33481749677262301
  0.34632321654043635  0.35825301960189049  0.37025980759884292  0.38209917018817624
  0.39380834983559149  0.40470939886785889  0.41501061843697551  0.42575192771209125
  0.43717300921783153  0.44950217624846867  0.46200032866783347  0.47361193622806436
  0.48429154013966408  0.49503022141600106  0.50630272159095879  0.51714860340518065
  0.52704606111939911  0.53652642483768975  0.54601643827749391  0.55584943415505772
  0.56759752602811819  0.58055503714652268  0.59160472508219397  0.60061377286309869
  0.60855825894002935  0.61656337503347425  0.62502334423217309  0.63407428025548007
  0.64445536522978186  0.65566117916755329  0.66611899036244260  0.67663394052098724
  0.68748374785943434  0.69899324258372653  0.71129439545134232  0.72186121231276434
  0.73024569690784102  0.73864706599525698  0.74710429200740924  0.75590759418287723
  0.76517315149272780  0.77283300909314812  0.77910409403588743  0.78688426230432962
  0.79720510448936688  0.80767673269499130  0.81897020391530617  0.83077185181354751
  0.84206891204003476  0.85244598000852878  0.86167831112470572  0.87113436283875012
  0.88054174674413066  0.89010813534082456  0.90047393849146995  0.91136853925699057
  0.92279340494292805  0.93473697173659964  0.94604617186442952  0.95642603727697451
  0.96629371510128015  0.97737678421041518  0.98797389222047127  1.00000000000000000
  0.18252790037876057  0.21459499119179812  0.24578337095361216  0.28798093211526210
  0.32685097409099040  0.36314259942436417  0.40671059413993804  0.45551505601339726
  0.49824167220233107  0.53129338891642786  0.55754044092572641  0.57938384047328739
  0.59774314643460469  0.61246257310874797  0.62337499421370701  0.63090836565023178
  0.63729095549124282  0.64413066705589661  0.65093490010799759  0.65716707157898469
  0.66252677815264194  0.66690622759398477  0.67041725838951127  0.67327331637689536
  0.67569611334068558  0.67788077300942828  0.67980336517913131  0.68145758715403237
  0.68289998585028522  0.68419620467188780  0.68542939003201198  0.68660112319869482
  0.68760927829711327  0.68848131644071076  0.68929644436673621  0.69007449681372901
  0.69078927645463040  0.69145779701101595  0.69210852451024063  0.69272063615200863
  0.69333815832882550  0.69395261726100821  0.69451703366974993  0.69507630644441254
  0.69562624484279367  0.69618637136165484  0.69675429853464943  0.69724912232049563
  0.69768977931826182  0.69809902423495684  0.69854511217755766  0.69900201124308581
  0.69947771027543681  0.69990863343341259  0.70028871722942276  0.70070187092257086
  0.70119251081214740  0.70171486053798549  0.70225187041951331  0.70280256766121640
  0.70338663341404539  0.70396677979398037  0.70457305364595890  0.70520570318304754
  0.70585229091178359  0.70654261966820542  0.70726341639772694  0.70799908247643184
  0.70877782176367665  0.70960061516807571  0.71045956845008673  0.71137147616026097
  0.71235480126323836  0.71339348381255874  0.71455548929177259  0.71563687904826090
  0.71670346655922068  0.71791515061210354  0.71910974862584942  0.72048193327295773
  0.72225443900785546  0.72444808210423850  0.72687106321481876  0.72957270915894268
  0.73277631781088326  0.73652967023770577  0.74049961451857882  0.74499517128899406
  0.75025831602760551  0.75664720976407562  0.76495707011468939  0.77454920776862546
  0.78780509860540371  0.80507623199559453  0.84303452199477458  1.00000000000000000
   2.3907548001268574E-009  -1.0000000000000000     
 F F F F F F F F F F F F F F F F F F F F F F F F F F F F F F F F F F F F F F F F F F F F F F F F F F F F F F F F F F F F F F F F
  <DiscreteSampler_grid>
  grouped_processes
  1 # 1 for a reference and 2 for a running grid.
  10 # Attribute 'min_bin_probing_points' of the grid.
  1 # Attribute 'grid_mode' of the grid. 1=='default',2=='initialization'
  0.0000000000000000 # Attribute 'small_contrib_threshold' of the grid.
  0.5000000000000000 # Attribute 'damping_power' of the grid.
 # binID   n_entries weight   weight_sqr   abs_weight
    19   10   3.988381476977080E+004   9.110843341450939E+009   3.988381476977080E+004
    22   10   3.988381476977080E+004   9.110843341450939E+009   3.988381476977080E+004
    25   10   3.988381476977080E+004   9.110843341450939E+009   3.988381476977080E+004
    28   10   3.988381476977080E+004   9.110843341450939E+009   3.988381476977080E+004
  </DiscreteSampler_grid>
