 -0.01132655805467024  0.08806221035096193  0.12847108839071730  0.16348113185454405
  0.19965339655837844  0.23527101378227006  0.26604163026956351  0.29638731780693728
  0.32472132250041785  0.34953375143937160  0.37011062888173291  0.39073338106899347
  0.40952843448014059  0.42760247920827099  0.44636322199094908  0.46421799250868201
  0.48248906738607356  0.50178832876562862  0.52101183079091440  0.53773154208032314
  0.55468908023439356  0.56964031430021778  0.58028442788217627  0.59187899351953899
  0.60283223877844572  0.61538760300905049  0.62743856182114499  0.64109050633405051
  0.65353745958334197  0.66627794485417524  0.67720970061864805  0.68688990167655994
  0.69750403048417731  0.70812385815266721  0.71798083071511176  0.72737990225020022
  0.73713384095546919  0.74800847957221073  0.75912391060655349  0.77035571337375885
  0.78071161029593128  0.79046988278567687  0.79782621400611686  0.80621852555939844
  0.81463572241130400  0.82270801486244927  0.83031571791264502  0.83737691332229247
  0.84356752171932858  0.84997951686762252  0.85689073464758081  0.86290306223521263
  0.86823000646914117  0.87346369072292196  0.87859066754476944  0.88350725538650887
  0.88920807663141310  0.89483990675866953  0.90011829951964017  0.90537053276611112
  0.91107591053659165  0.91634926901001423  0.91987748308177364  0.92260275147992443
  0.92559542536715056  0.92842816187036881  0.93072181326700976  0.93292340659752115
  0.93530734275187699  0.93783156456051242  0.94006491568417061  0.94196436442588072
  0.94483901808768855  0.94746954177936882  0.94965044652841046  0.95175589650410830
  0.95367635919835803  0.95574040517014680  0.95822295885246855  0.96071594443044062
  0.96304970427602199  0.96538787633191880  0.96799297189077860  0.97048212243696996
  0.97297035085937678  0.97518896580246195  0.97710795889313939  0.97910161478902569
  0.98119150560552282  0.98318299460360770  0.98521066628519538  0.98728443454877679
  0.99003906505288575  0.99281459541147854  0.99546715204653868  1.00000000000000000
  0.00000000003663397  0.00000000004361033  0.00000000004879833  0.00000000005248201
  0.00000000005609974  0.00000000006026546  0.00000000006448712  0.00000000006887787
  0.00000000007330716  0.00000000007780140  0.00000000008153104  0.00000000008483052
  0.00000000008817764  0.00000000009164939  0.00000000009512114  0.00000000009911156
  0.00000000010312345  0.00000000010835357  0.00000000011407490  0.00000000011981565
  0.00000000012535838  0.00000000013067130  0.00000000013533186  0.00000000014037857
  0.00000000014510728  0.00000000014969013  0.00000000015444463  0.00000000015925666
  0.00000000016470173  0.00000000017057301  0.00000000017638988  0.00000000018248761
  0.00000000018938874  0.00000000019787973  0.00000000020670338  0.00000000021574743
  0.00000000022496744  0.00000000023482994  0.00000000024430441  0.00000000025368470
  0.00000000026504815  0.00000000027658483  0.00000000028909699  0.00000000030226443
  0.00000000031640352  0.00000000033363408  0.00000000035299801  0.00000000037395323
  0.00000000039348852  0.00000000041230780  0.00000000043181109  0.00000000045374453
  0.00000000048009948  0.00000000050278910  0.00000000052336063  0.00000000054378134
  0.00000000056652919  0.00000000059516206  0.00000000062639091  0.00000000066043895
  0.00000000069603790  0.00000000073350025  0.00000000079111907  0.00000000085226399
  0.00000000091822890  0.00000000098750055  0.00000000107175770  0.00000000116553720
  0.00000000125828798  0.00000000135911382  0.00000000145798231  0.00000000157158090
  0.00000000170121749  0.00000000183472409  0.00000000199869713  0.00000000230597329
  0.00000000269752036  0.00000000314212969  0.00000000367677871  0.00000000447052639
  0.00000000552385328  0.00000000690438561  0.00000000874657276  0.00000001176111594
  0.00000001723766180  0.00000002778758572  0.00000005278315039  0.00000011069761354
  0.00000032211523188  0.00000108720505002  0.00000368796613741  0.00001393993979221
  0.00006916204371399  0.00047277638879169  0.01389452905751226  1.00000000000000000
 -0.00217128625141858  0.00847764414274594  0.01864585609760434  0.02919533699978345
  0.04058757809531514  0.05256881830875417  0.06471588708321291  0.07754156357292696
  0.09089409869141282  0.10318271096645552  0.11405932816011534  0.12433604833156321
  0.13367901078629890  0.14282191462037641  0.15241887467342516  0.16218778557659158
  0.17272111950424390  0.18474601840362972  0.19531238594437428  0.20630038986096116
  0.21691336528857544  0.22769272756847522  0.23812043186191803  0.24855494295869410
  0.25874608034118829  0.26874675964008043  0.27757301159686987  0.28600235724700601
  0.29571083998409897  0.30639983213885297  0.31805207813585729  0.32960235063965415
  0.33915341085012107  0.34590590499141100  0.35307572446307006  0.36067714413578034
  0.36809864645988261  0.37466720678139170  0.38415824183607539  0.39674588998793364
  0.40855200635008659  0.42037983894600400  0.43272464601469995  0.44554849771135530
  0.45754786642117973  0.46879687496921052  0.47896232512344128  0.48873641117298494
  0.50047835061768242  0.50913301411829015  0.51561683517036550  0.52285071674920913
  0.53020967936666230  0.53884769206060379  0.54946364910919854  0.55980711234666225
  0.56934934747187271  0.57890904020192546  0.58867063667581820  0.59958140323512565
  0.61143808002386690  0.62354020153052736  0.63611156535515101  0.64799925673201930
  0.65864492833649102  0.66799288165186921  0.67746468801138160  0.68855929728715537
  0.70142179355261536  0.71465812692661990  0.72676188977849809  0.73619387101367639
  0.74363909795909477  0.75062767114579398  0.75925377409624073  0.77061196024505096
  0.78315010375554228  0.79536557835121491  0.80767091088309950  0.81858534312532805
  0.82905897411552287  0.83984248232756487  0.85183142206462958  0.86522457835250521
  0.87825085677870107  0.88954653187854482  0.89960989720396767  0.90964434259734595
  0.91999537948297083  0.93129252171196442  0.94308574518799992  0.95463970363251460
  0.96566433925022510  0.97601936409314827  0.98714987598489301  1.00000000000000000
 -0.00293531871334838  0.01090312938019020  0.02370542632960313  0.03600240862225425
  0.04823430564177213  0.06048340422758471  0.07230780928116673  0.08336554519249255
  0.09235600468973212  0.10143999373568825  0.10980393841745249  0.11805587199351028
  0.12833507072562164  0.14019165056664229  0.15203895960595520  0.16418140288225366
  0.17688385073547921  0.19015492109918422  0.20356000459353965  0.21615646938165631
  0.22806833887099592  0.23912018969552681  0.24955879849036577  0.25906212593813033
  0.26884697501674504  0.27893770239994298  0.28734042048406111  0.29567532090766141
  0.30302581865137584  0.31169317759514781  0.32202546769412338  0.33343890665443271
  0.34633106161210758  0.35940419897773584  0.37098348219080707  0.38125961263907493
  0.39227914868430719  0.40473656612257580  0.41757673635860831  0.42897993610315305
  0.43877165794751621  0.44854587871348750  0.45886476001639515  0.47030439829535098
  0.48198094440238365  0.49227306292829554  0.50106537561574194  0.51098355290034669
  0.52274025128570090  0.53240155528368482  0.53885253986566051  0.54506193397801561
  0.55221402491451821  0.55891866190572215  0.56476465677918730  0.57150443199896239
  0.58072840603470577  0.59043509381687354  0.60023316577079910  0.61098740699456933
  0.62275416917946125  0.63491912154964480  0.64663872209057782  0.65779164152312120
  0.66924993060520410  0.68167091632043486  0.69452732331269351  0.70738786253728358
  0.71988111940996591  0.73222357725026865  0.74388963168835276  0.75568073147819681
  0.76733551345856932  0.77678420247614088  0.78515474572365429  0.79330238195645031
  0.80263171426547308  0.81420597438112952  0.82637878217739014  0.83872924712399544
  0.85157586021769083  0.86311156799161348  0.87312683983174877  0.88286856662302315
  0.89253910940951264  0.90355853106441142  0.91326498641621179  0.92215986191892563
  0.93155051236721054  0.94199993478897881  0.95140113559644546  0.96077364410778765
  0.96977399528405672  0.97823824954404281  0.98855598441509407  1.00000000000000000
 -0.00334954848695247  0.01107421481041180  0.02332992610969165  0.03435832829932470
  0.04482523237016694  0.05513060426484243  0.06592000164590199  0.07691432899693808
  0.08746460839308090  0.09843217666068453  0.11011137965297138  0.12261151382667171
  0.13474729610533503  0.14619901956063927  0.15613530385641639  0.16517715666356719
  0.17439339524132724  0.18294420969686612  0.19301591234824236  0.20465671250245404
  0.21589320787570274  0.22726958492394431  0.23940636888561140  0.25060056848009116
  0.25744256621120326  0.26437453277772627  0.27055353145269939  0.27697504875778295
  0.28390327530494125  0.29385194675963050  0.30640490895429778  0.31799870118856716
  0.32835759691812372  0.33836672934919276  0.34844670823265605  0.35926652681314897
  0.36978608057856399  0.38026799915634152  0.39087980302336572  0.40223121274276735
  0.41377788794092474  0.42513665342371770  0.43520642157155676  0.44529053122367679
  0.45524487971490696  0.46486307956970124  0.47506217455619504  0.48568940105646868
  0.49712180098067216  0.50865684599196892  0.51977609512862843  0.53065412103358534
  0.54036253641382415  0.55000740700766293  0.55956651496326570  0.56947999731267307
  0.58032526525435679  0.59185609081230262  0.60355689168731785  0.61527110361562931
  0.62676466886087168  0.63776264130858595  0.64828918054924367  0.65857707346693117
  0.66932781533570862  0.68128865038666930  0.69371057488853816  0.70518310736256340
  0.71601399814451849  0.72691899326430731  0.73832398713864023  0.75066463508250358
  0.76325257343443065  0.77553665238675840  0.78784224644378742  0.80028433885899297
  0.81277688498999767  0.82413819815483880  0.83295540246894895  0.84110168373486527
  0.84892185960321298  0.85719426817156652  0.86684042098257530  0.87590442609424357
  0.88399952393242631  0.89248744510160172  0.90230832360554125  0.91352227975586109
  0.92413501112216390  0.93476465622726701  0.94519971820672422  0.95641728580872853
  0.96801209863996973  0.97892920278236928  0.98971266480077891  1.00000000000000000
  0.18740096865128422  0.19921223008224467  0.20894957835550643  0.22281144289700255
  0.23851782843877273  0.26601746065328757  0.29766612033637768  0.33426896223860281
  0.38557731662190026  0.43483322200991825  0.47849792272832009  0.51944232162360426
  0.55480322273288474  0.58237530916434810  0.60229974652027241  0.61669508255724725
  0.62632009396615407  0.63418717755361753  0.64057251270430904  0.64722085176797173
  0.65434734976557685  0.66050186937081667  0.66482723896793716  0.66738780303380552
  0.66948333126587889  0.67137284100021077  0.67354469987044696  0.67568637335893300
  0.67797666484238006  0.67987212151227638  0.68165575139437284  0.68318469226327738
  0.68463869074334949  0.68589844510673881  0.68708392126878437  0.68814711198848566
  0.68912075955991847  0.69000718133850036  0.69081513778955750  0.69153370510967349
  0.69215923085104181  0.69276412884560623  0.69333802810283685  0.69384296057928019
  0.69432296791090697  0.69478791341260071  0.69524842370737794  0.69576501578900274
  0.69633310393516035  0.69689947761929250  0.69747501773132414  0.69805500023335898
  0.69862054918305005  0.69911863123770646  0.69955125336893753  0.69997167735912580
  0.70040455659886780  0.70082356050063588  0.70136546292882096  0.70195052680176162
  0.70254217873258207  0.70313602344574411  0.70372121206541505  0.70430185110203203
  0.70495454632215260  0.70566250092584193  0.70649877880434042  0.70745718178873795
  0.70837158030914238  0.70922573136961520  0.71014588669162448  0.71110823767611098
  0.71218492598933125  0.71330034105446394  0.71453744436152433  0.71585199284319312
  0.71718866321093844  0.71861607417903728  0.72021175004373583  0.72215924441251655
  0.72442563609959754  0.72710233997177764  0.73014964200846755  0.73259241268240782
  0.73470181028008941  0.73696366635939625  0.73943269280753832  0.74224780471475982
  0.74596870167653051  0.75169070624476775  0.75877190333883915  0.76844907759931569
  0.78121177855515200  0.79969561675090362  0.83550330358066638  1.00000000000000000
   2.4973240205145257E-009  -1.0000000000000000     
 F F F F F F F F F F F F F F F F F F F F F F F F F F F F F F F F F F F F F F F F F F F F F F F F F F F F F F F F F F F F F F F F
  <DiscreteSampler_grid>
  grouped_processes
  1 # 1 for a reference and 2 for a running grid.
  10 # Attribute 'min_bin_probing_points' of the grid.
  1 # Attribute 'grid_mode' of the grid. 1=='default',2=='initialization'
  0.0000000000000000 # Attribute 'small_contrib_threshold' of the grid.
  0.5000000000000000 # Attribute 'damping_power' of the grid.
 # binID   n_entries weight   weight_sqr   abs_weight
    19   10   1.979709694708940E+006   1.398316571450420E+013   1.979709694708940E+006
    22   10   1.979709694708940E+006   1.398316571450420E+013   1.979709694708940E+006
    25   10   1.979709694708940E+006   1.398316571450420E+013   1.979709694708940E+006
    28   10   1.979709694708940E+006   1.398316571450420E+013   1.979709694708940E+006
  </DiscreteSampler_grid>
