 -0.01397578070570445  0.10405889088539831  0.16022547182417574  0.19876296817841549
  0.22866133316050405  0.25604123012527091  0.28511243847723122  0.31345984864117055
  0.34052795242108774  0.36397659368662899  0.38540826088793151  0.40680529742265481
  0.42661585745646630  0.44592292259242539  0.46536831970176828  0.48519620402569641
  0.50420547526021442  0.52163845263171005  0.53748976649158764  0.55140592230141772
  0.56530524893823708  0.57965173992563779  0.59425511791329677  0.60749603896251547
  0.61977618288935110  0.63207588258196867  0.64493569605509815  0.65845251098682600
  0.67130762550954448  0.68369784805833733  0.69523674660739376  0.70580687544917509
  0.71616329236817899  0.72618704822367930  0.73594414680115472  0.74544728349321399
  0.75419565825995261  0.76198853048188420  0.76941617493789916  0.77661706544351050
  0.78425277206202537  0.79162150409100818  0.79849706734906123  0.80446215392508758
  0.81091692957416805  0.81742509773210936  0.82416975943870818  0.83128329052284033
  0.83863641893763552  0.84603875189003264  0.85286285331745615  0.85875434973751419
  0.86434615919557156  0.87027485616925593  0.87556356962386128  0.88067677710762493
  0.88570358482939038  0.89091562965918569  0.89707042824603000  0.90296596056576195
  0.90868712968349730  0.91356774703705779  0.91804973321942029  0.92212510216574739
  0.92581751390065614  0.92956961268612914  0.93307967475711273  0.93620583421757908
  0.93958790431079198  0.94318412465452706  0.94622506141133622  0.94852789181027219
  0.95065365773690913  0.95281083519234322  0.95513292237261160  0.95764286755273809
  0.96020038666013507  0.96264018578536226  0.96494807633374002  0.96758682010544628
  0.97007067939675518  0.97215748462422702  0.97402222554582074  0.97579220951566370
  0.97751050301952402  0.97936608060376151  0.98139823698872630  0.98336939834330761
  0.98489331732018137  0.98639620160453512  0.98782067763201420  0.98922605740603697
  0.99079554736309750  0.99288927330887122  0.99515369386655494  1.00000000000000000
  0.00000000002025306  0.00000000002602071  0.00000000003021752  0.00000000003346553
  0.00000000003653332  0.00000000003966504  0.00000000004283501  0.00000000004607041
  0.00000000004937235  0.00000000005285418  0.00000000005653945  0.00000000006018901
  0.00000000006381962  0.00000000006694633  0.00000000007002250  0.00000000007320707
  0.00000000007640657  0.00000000007985444  0.00000000008334111  0.00000000008767182
  0.00000000009202472  0.00000000009640015  0.00000000010097089  0.00000000010558070
  0.00000000011023497  0.00000000011530626  0.00000000012057585  0.00000000012613726
  0.00000000013221109  0.00000000013869221  0.00000000014552444  0.00000000015241053
  0.00000000015930746  0.00000000016667777  0.00000000017471950  0.00000000018414780
  0.00000000019496347  0.00000000020646430  0.00000000021855067  0.00000000023123724
  0.00000000024467234  0.00000000025887715  0.00000000027374952  0.00000000028745943
  0.00000000030137696  0.00000000031563001  0.00000000033121817  0.00000000034885073
  0.00000000036733274  0.00000000038731261  0.00000000040917799  0.00000000043405289
  0.00000000046215895  0.00000000048874442  0.00000000051391128  0.00000000053675860
  0.00000000056494643  0.00000000059965305  0.00000000064158826  0.00000000069039344
  0.00000000074231643  0.00000000079976305  0.00000000086330924  0.00000000093278320
  0.00000000100235717  0.00000000107611449  0.00000000115289286  0.00000000122521415
  0.00000000131017174  0.00000000144432840  0.00000000164559564  0.00000000186357486
  0.00000000210381689  0.00000000239491019  0.00000000274919244  0.00000000320615983
  0.00000000372031572  0.00000000437388261  0.00000000534767581  0.00000000664076485
  0.00000000844215755  0.00000001127669030  0.00000001648924263  0.00000002517337864
  0.00000004275854645  0.00000007959774234  0.00000020229598101  0.00000052640367520
  0.00000159967549374  0.00000544017380921  0.00002191362796821  0.00009932124441900
  0.00071403202569126  0.03700553711189702  0.61047576630037614  1.00000000000000000
 -0.00243695329349374  0.00852218807902763  0.01943108220963408  0.03054217454590324
  0.04189744887082532  0.05329047188056758  0.06435642897788754  0.07585654999067919
  0.08778791621304821  0.09983368274293790  0.11113423678594637  0.12141527974745135
  0.13104292289188763  0.14067081963421990  0.15048212331068131  0.16026366983741988
  0.17006251922395157  0.18022262901338118  0.19044218129350191  0.20026087371812012
  0.21097615838431322  0.22213663488357285  0.23292384145100961  0.24291800790868823
  0.25246009017838345  0.26149358642134085  0.27069571431650508  0.28074946744436913
  0.29138162803789391  0.30230980896856113  0.31345378707311294  0.32508692413352347
  0.33661597509680369  0.34767209904230717  0.35901562698711670  0.37000315821592189
  0.38084699254356985  0.39200882520114516  0.40358582652215774  0.41577299925559974
  0.42798595451717869  0.43995655518848048  0.45104927243052445  0.46102709969545380
  0.47085079234269789  0.48088614980037409  0.49168466558551321  0.50267457673392513
  0.51337969243822390  0.52342012248980618  0.53360855489563752  0.54411725799278610
  0.55547784797567823  0.56759656791931956  0.57908159974690865  0.58929474731139775
  0.59867802390563218  0.60817330660425972  0.61870353364622943  0.63037063716994923
  0.64259122473957941  0.65403851694598747  0.66540574958742216  0.67636500828382684
  0.68686789731593434  0.69740195382983816  0.70700712606985483  0.71662311508929344
  0.72685461880995061  0.73795587364625470  0.74982581646921020  0.76107676759113940
  0.77118731708330290  0.77917970374501422  0.78578717731243475  0.79323195717607020
  0.80054851546232786  0.81161040872698276  0.82262689190774718  0.83327120484456596
  0.84266413981919674  0.85248772039761955  0.86318029152198339  0.87435679102107056
  0.88607149541423635  0.89751554214319962  0.90729684770330676  0.91658629119648527
  0.92560459965274211  0.93528061719970601  0.94630447207302826  0.95725930660185243
  0.96814406131892716  0.97838423571636857  0.98823406046886975  1.00000000000000000
 -0.00307433937404012  0.01108635523395063  0.02222905032093591  0.03247756110796127
  0.04207828770042670  0.05199147495669620  0.06235391802822301  0.07340116747260750
  0.08492301196416492  0.09645372108968718  0.10761630504455952  0.11855699866844691
  0.12953272763342039  0.14015309422673233  0.15013853128799493  0.15969912380075596
  0.16911673682728237  0.17909250670398050  0.19045555411283027  0.20082378219769656
  0.21053103361200778  0.21958561211338390  0.22818054706970503  0.23773424307659560
  0.24835849730505577  0.25934166931883512  0.26930087194622793  0.27789654926833202
  0.28699708406770419  0.29749332089490588  0.30883287404369675  0.31994797012141585
  0.33215060648055239  0.34474937463503541  0.35680737307669225  0.36846842140096192
  0.37964051058724074  0.39110336035059057  0.40285769252317843  0.41461982559601557
  0.42616300902516585  0.43699468783389706  0.44727683387918743  0.45689696112671951
  0.46685118313566881  0.47669128848331438  0.48677370639291795  0.49769514860131453
  0.50952573768954779  0.52179685292689082  0.53365929741786033  0.54540234767489504
  0.55711534985404565  0.56837942154239207  0.57888545422639981  0.58879032802375475
  0.59883903111130476  0.60977673518435804  0.62120440937110244  0.63230475122765706
  0.64289522748750672  0.65319602996549453  0.66376994945400725  0.67485561870603183
  0.68566094422390067  0.69608296359472666  0.70575484001864264  0.71532430846564343
  0.72526913966820061  0.73568278180773927  0.74540819131565061  0.75515468020126952
  0.76559348344932676  0.77692579960367603  0.78833117582781020  0.79957910534922039
  0.81083725132031714  0.82214696691419675  0.83361922778977038  0.84524203358225170
  0.85680259741592857  0.86829152918119124  0.87803309592184264  0.88625149566949801
  0.89449225396878329  0.90125276839204416  0.90887202471339923  0.91775353074448218
  0.92725706677436526  0.93869113898879886  0.95059718584525077  0.96033699336975054
  0.97002752501030454  0.97989198397288213  0.98943037358865826  1.00000000000000000
 -0.00258120432154767  0.00994662786936099  0.02065379661074941  0.03161265112645185
  0.04303934856171535  0.05543729085761504  0.06828576556612545  0.08098749967282239
  0.09302647188943081  0.10450568700017655  0.11527305765246991  0.12570577125266216
  0.13638539003643074  0.14711758843212208  0.15745328987510923  0.16750111033863208
  0.17748134641305041  0.18758119468511722  0.19819803161614066  0.20964780335666455
  0.22071677593933969  0.23078753278248657  0.24044719586104904  0.24965017235017359
  0.25886261255268156  0.26897112114801730  0.27891562426436861  0.28775867312550985
  0.29691335199057367  0.30696810253688689  0.31757559244499389  0.32829861146205613
  0.33923136175749757  0.34989966428562053  0.36006208173841625  0.37009692809141331
  0.38072992705861020  0.39216793749634804  0.40310523113165964  0.41273891107004612
  0.42185474812684354  0.43152914239257589  0.44221730047767449  0.45378884699418404
  0.46477262637797750  0.47492650257481972  0.48481885621963072  0.49510704476803358
  0.50613034363120046  0.51735049145359346  0.52724315070144112  0.53560391538763086
  0.54321086980901556  0.55194430666726202  0.56153800576296231  0.57230191660102447
  0.58424453790573605  0.59587856207735213  0.60634782483117411  0.61647932249602255
  0.62690459846912128  0.63801005876048156  0.64908596427307941  0.65971393736933415
  0.67057096138285510  0.68165984479131381  0.69219658406715223  0.70256263676979303
  0.71265982652084536  0.72337102472126669  0.73395325779351839  0.74456237714679674
  0.75544037410793974  0.76686530910627959  0.77774010388169745  0.78817301582996679
  0.79840557949699942  0.80978376337799240  0.82210431776954540  0.83434503722147946
  0.84562777597532324  0.85619109408191063  0.86680108163533554  0.87617040537807223
  0.88499494102941512  0.89310800092306630  0.90267525690568051  0.91224764753114662
  0.92281238727120429  0.93425239716493491  0.94513462140797955  0.95567827856143639
  0.96633623472975616  0.97764879186206599  0.98877596154854219  1.00000000000000000
  0.18754059117946192  0.19683227336193843  0.20877251783801418  0.22689553341796265
  0.25518194997626464  0.28670811956264147  0.32145880697098478  0.36068480524675633
  0.40225417391111107  0.44087231551564376  0.47669246765424961  0.50866633634176939
  0.53468066125600477  0.55865200478372690  0.58158572923529306  0.59957036447175616
  0.61478600683266960  0.62693666092604206  0.63648135059187672  0.64450614449442856
  0.65149240973418743  0.65749083105303185  0.66252061476675106  0.66665871520002229
  0.67018419228384729  0.67310746387497589  0.67548979251916974  0.67749930845459450
  0.67919201744754576  0.68080330251898813  0.68225220171868861  0.68334479720214203
  0.68428016531117086  0.68523593569920838  0.68611921035318924  0.68698468806834168
  0.68792971807165770  0.68877807717659234  0.68961037948030235  0.69041271901347068
  0.69117793727958232  0.69186546509567115  0.69247942188470069  0.69303731992110562
  0.69359110847844008  0.69411661197736763  0.69462331500952035  0.69511076325361842
  0.69563751940021190  0.69618555163275597  0.69673180519446920  0.69723801907017324
  0.69770858118235779  0.69813656455916673  0.69858440282302203  0.69905672653632411
  0.69956222666864565  0.70009277352271015  0.70058857852143352  0.70110215113582419
  0.70163734360898455  0.70223025486573132  0.70281897189479747  0.70339654455984835
  0.70401586456883192  0.70465978143025265  0.70530728557058686  0.70595567292765593
  0.70660687116484244  0.70728649788227105  0.70799178866567591  0.70885345321818505
  0.70971863926595702  0.71057990250896319  0.71155609817755494  0.71269827044762368
  0.71398118499296837  0.71541296317574521  0.71698648788694963  0.71868377741320444
  0.72049834215978070  0.72251548874101923  0.72488485281825310  0.72760817594045291
  0.73068984917477309  0.73410065208377495  0.73785542711627994  0.74225524180896008
  0.74733249877350716  0.75320610347339700  0.76056899959434143  0.77075000080737954
  0.78448764943569127  0.80255312074645258  0.83802854377769842  1.00000000000000000
   2.5571917661865371E-009  -1.0000000000000000     
 F F F F F F F F F F F F F F F F F F F F F F F F F F F F F F F F F F F F F F F F F F F F F F F F F F F F F F F F F F F F F F F F
  <DiscreteSampler_grid>
  grouped_processes
  1 # 1 for a reference and 2 for a running grid.
  10 # Attribute 'min_bin_probing_points' of the grid.
  1 # Attribute 'grid_mode' of the grid. 1=='default',2=='initialization'
  0.0000000000000000 # Attribute 'small_contrib_threshold' of the grid.
  0.5000000000000000 # Attribute 'damping_power' of the grid.
 # binID   n_entries weight   weight_sqr   abs_weight
    19   10   1.533478761475770E+005   9.432797376460971E+010   1.533478761475770E+005
    22   10   1.533478761475770E+005   9.432797376460971E+010   1.533478761475770E+005
    25   10   1.533478761475770E+005   9.432797376460971E+010   1.533478761475770E+005
    28   10   1.533478761475770E+005   9.432797376460971E+010   1.533478761475770E+005
  </DiscreteSampler_grid>
