 -0.01164091948778603  0.09623420942278516  0.15086824750715430  0.19076525412201600
  0.22493029800267511  0.25719793288898124  0.28778616625021380  0.31694368518000043
  0.34381369737174883  0.36913869058698368  0.39248728960618712  0.41328527291980033
  0.43471085350027211  0.45564785147572306  0.47573323863146350  0.49466721893155269
  0.51339497361073105  0.53212528618740307  0.54898048590305137  0.56490360316870714
  0.58038264944158491  0.59479072828493040  0.60890303450125494  0.62191612430731802
  0.63362087482778762  0.64545137037819367  0.65754929988539412  0.66936225794452386
  0.68182918279938542  0.69473309824755269  0.70669053314001917  0.71795551204129882
  0.72814359447143495  0.73750831121378813  0.74643912443656812  0.75520353717133748
  0.76449611066506695  0.77298518882079670  0.78158313180535477  0.79035338729763316
  0.79934333156847281  0.80792263667192377  0.81610062963124175  0.82389777311444901
  0.83113667087175336  0.83846242458500475  0.84551256798176688  0.85196446281491867
  0.85764504667277708  0.86277614176199546  0.86757470752765997  0.87237546607306371
  0.87731851822881490  0.88337981137652533  0.88951227587831194  0.89448766766385823
  0.89796823700837725  0.90142342016309684  0.90531744154601257  0.91018432708928199
  0.91497400079029434  0.91942657008953255  0.92268156647824739  0.92575236177857467
  0.92879213777122427  0.93193051435045238  0.93531672742067606  0.93877602933666027
  0.94218752862360766  0.94564215044818589  0.94772523622805394  0.94981799507105880
  0.95195723040753011  0.95409270634041055  0.95621974712605051  0.95873756479810102
  0.96179559733331765  0.96458428677305197  0.96755836759039338  0.97046194271685349
  0.97290913198739992  0.97466770565542926  0.97627459445497278  0.97786507007474588
  0.97940296552362793  0.98090204606939257  0.98240839071987895  0.98392805506807202
  0.98538943878548102  0.98682422299297978  0.98815415071234824  0.98945205312674189
  0.99105182440288764  0.99310334823767865  0.99492869185990274  1.00000000000000000
  0.00000000005967625  0.00000000006532637  0.00000000006947622  0.00000000007243550
  0.00000000007538490  0.00000000007829119  0.00000000008121044  0.00000000008413486
  0.00000000008705393  0.00000000008978193  0.00000000009244267  0.00000000009543591
  0.00000000009854994  0.00000000010178560  0.00000000010513504  0.00000000010857421
  0.00000000011224606  0.00000000011600908  0.00000000011995865  0.00000000012413469
  0.00000000012860992  0.00000000013254111  0.00000000013649461  0.00000000014095411
  0.00000000014556951  0.00000000015031188  0.00000000015612705  0.00000000016132117
  0.00000000016669480  0.00000000017173445  0.00000000017642018  0.00000000018087455
  0.00000000018508650  0.00000000019084171  0.00000000019713383  0.00000000020269146
  0.00000000020821613  0.00000000021410253  0.00000000022013116  0.00000000022645282
  0.00000000023258876  0.00000000023840768  0.00000000024443455  0.00000000025147139
  0.00000000026258110  0.00000000027923066  0.00000000029434029  0.00000000030919576
  0.00000000032418785  0.00000000033997558  0.00000000035602715  0.00000000037266177
  0.00000000039036508  0.00000000040825037  0.00000000042602452  0.00000000044535155
  0.00000000046452502  0.00000000048264109  0.00000000050348726  0.00000000052648447
  0.00000000054698978  0.00000000057338706  0.00000000060510007  0.00000000064164222
  0.00000000068789256  0.00000000073919045  0.00000000078815039  0.00000000084624764
  0.00000000091354924  0.00000000098227333  0.00000000106086908  0.00000000113891757
  0.00000000123748158  0.00000000135817844  0.00000000151100146  0.00000000166404694
  0.00000000182667103  0.00000000201731226  0.00000000223292880  0.00000000254627093
  0.00000000302838710  0.00000000376843894  0.00000000493327990  0.00000000652783105
  0.00000000842695942  0.00000001174543817  0.00000001750489880  0.00000003219053970
  0.00000010375109368  0.00000035828249037  0.00000246115863105  0.00001741692677799
  0.00014811537621315  0.00959281710310350  0.59625345691958553  1.00000000000000000
 -0.00300324752052882  0.01060548193469407  0.02014280212147102  0.03148053935453046
  0.04195115831202444  0.05211897390613394  0.06302890223745378  0.07459740956574606
  0.08662796323826022  0.09839054722674750  0.11001264595795709  0.12153472929503797
  0.13304177712334231  0.14426562214419358  0.15523724040108194  0.16630796027087189
  0.17771330653799941  0.18904912497427037  0.19960276126785254  0.20961661637728618
  0.21950670714260245  0.23004782906192550  0.24079436402042084  0.25115712070240254
  0.26135371436043986  0.27110835238758735  0.28051862301922492  0.29039539701842265
  0.30044480158371173  0.31123052894014069  0.32187674785341480  0.33211844193215029
  0.34309123178479539  0.35468987915373212  0.36681613226839482  0.37889694445331107
  0.39004288060097819  0.40115036160906575  0.41179975516815259  0.42326488372192167
  0.43424684750935388  0.44498304586431675  0.45649268791525355  0.46862833318230029
  0.48067565984956384  0.49208919187240147  0.50343872787071042  0.51463867586494005
  0.52622570620880349  0.53743349518239203  0.54891761671369876  0.56031977675198752
  0.57125241758571310  0.58155827122334214  0.59137289476332500  0.60041294167864845
  0.60949045331652962  0.61903294541136367  0.62879539220007519  0.63901665485849701
  0.64850757635221112  0.65736248253919716  0.66692350791454047  0.67782787891583962
  0.68928068578512591  0.70011942409543393  0.71021682545454679  0.71987858181295572
  0.72955643270467141  0.73924392839798148  0.74833655868383409  0.75713078446433668
  0.76672583756717472  0.77610312690885341  0.78485726483426654  0.79358847425959789
  0.80255294099222008  0.81264499456165218  0.82326536995098443  0.83544522238730845
  0.84771586067701266  0.85862985707813921  0.86963250693612359  0.88036596106476539
  0.89054836235310875  0.90001368942864102  0.90907709610333409  0.91829535125542627
  0.92785614884753465  0.93772810868491274  0.94727110947268078  0.95742653227302210
  0.96756020234667017  0.97822740271193875  0.98915869706271065  1.00000000000000000
 -0.00229796278276902  0.00992796938203347  0.01908684839515598  0.02862008384464716
  0.03852160165959313  0.04926075630797760  0.06087685293714735  0.07221202900766732
  0.08281886251345398  0.09336722348540102  0.10417374913300154  0.11527720071495062
  0.12660427594480281  0.13785138335942576  0.14906168178725823  0.16050645822546483
  0.17244959426824902  0.18401539186563357  0.19532419292612124  0.20631383893711477
  0.21687166409582637  0.22782420861629357  0.23899088073496583  0.25101855028196979
  0.26312950585822087  0.27516569311262029  0.28674555308252575  0.29750076830306615
  0.30650686296952367  0.31521307028897916  0.32431193784850920  0.33393951839039909
  0.34480749381742759  0.35631074396953089  0.36871430653877668  0.38068523210637994
  0.39202946440893743  0.40213811744579986  0.41145927892146350  0.42103142351140127
  0.43138080489479202  0.44197650439248776  0.45208573247859679  0.46166272996981694
  0.47132525496709238  0.48190468548516213  0.49293117792019603  0.50340014268517774
  0.51289866179224830  0.52184483496073231  0.53121141992095622  0.54237446112217935
  0.55308594776903164  0.56242785198850931  0.57205664216912033  0.58201310824241925
  0.59233699884247992  0.60320738560735787  0.61229039259396811  0.62083189000398842
  0.62942179687987465  0.63892134013136759  0.64913269794809192  0.66006739097555600
  0.67136580276977387  0.68276895947146810  0.69408684713323887  0.70501613718624245
  0.71582519606503570  0.72698261754772087  0.73902902065150422  0.75093292550175150
  0.76102188701434725  0.77042569908657188  0.77989232491756466  0.78986741696096241
  0.80036577533749631  0.81164070814989397  0.82402245274453334  0.83633862233048006
  0.84773826781348005  0.85782526729579511  0.86817995152631622  0.87843988743158286
  0.88933301364195749  0.90048135550234421  0.90987367759258142  0.91965267949342322
  0.93005600489609297  0.94092316595394709  0.95123359467773361  0.96043277359255896
  0.97007383892620114  0.98011637576327615  0.99028803520768105  1.00000000000000000
 -0.00215648563095044  0.00738007248767259  0.01721460720186236  0.02715155590027263
  0.03688617314628794  0.04630116976186938  0.05624561425274304  0.06585836456246971
  0.07637271209235570  0.08616704012621834  0.09596837769962999  0.10565777765125176
  0.11473765103736898  0.12366558352857446  0.13224285578007106  0.14172787995569178
  0.15179670689161326  0.16312965289877310  0.17544417238579299  0.18732023581262572
  0.19770855843070981  0.20725906255620241  0.21681425030351201  0.22705172877412391
  0.23732109767035836  0.24731469247596116  0.25781125422614742  0.26933402041391552
  0.28101170388458568  0.29238624763911891  0.30323052169608594  0.31312289197082888
  0.32212803770833442  0.33129355615777745  0.34135669514722883  0.35231256829316571
  0.36335647991681147  0.37431246757488112  0.38506167442892525  0.39598143378680306
  0.40755912851086018  0.41919831606808300  0.43095413347004263  0.44273159188112099
  0.45450057742019595  0.46620445150492668  0.47739511061075962  0.48785067477956123
  0.49820519056857276  0.50955924993606472  0.52069406635592663  0.53106345769125585
  0.54041756022947862  0.55019061695368843  0.56064804249637556  0.57196273086641558
  0.58323865494842653  0.59434522666834000  0.60540465975739233  0.61600214764861771
  0.62596818491858874  0.63589612511851501  0.64618016945255341  0.65710817759242990
  0.66828649913441340  0.67963481824893124  0.69082800003111478  0.70124240590132181
  0.71164382104202195  0.72262864994152254  0.73413824303149289  0.74548326158312472
  0.75629281340825794  0.76736275829354017  0.77879281066961747  0.79019048099686362
  0.79926075699122645  0.80841090220438649  0.81747759781856311  0.82747400675357830
  0.83812285523751584  0.84873564995176609  0.85844258339094148  0.86886745397963350
  0.87952442365945027  0.89013649153283469  0.90049560172906362  0.91110536459890590
  0.92271424102016941  0.93402282521165425  0.94488985481925158  0.95549011101524473
  0.96623361644486583  0.97670374340915211  0.98696454640023135  1.00000000000000000
  0.18818449688531083  0.19514741255072116  0.20419492048657470  0.22451428580548480
  0.25759992665064602  0.29264706536319746  0.33396267791011347  0.38265507382163433
  0.43538491412048230  0.48117992065022558  0.51912234146050740  0.55101647711681057
  0.57601496654015039  0.59482706733947122  0.61117714078775476  0.62339013386814413
  0.63348186722471245  0.64253316751540501  0.64907553804098106  0.65424914423906222
  0.65868880750608272  0.66297645867950483  0.66695902458085998  0.67022026065403317
  0.67299531812872970  0.67552773164344748  0.67778028868797557  0.67966058802581730
  0.68116312016259772  0.68249409683577422  0.68376032618853466  0.68494825416554661
  0.68599194659849216  0.68691764450158266  0.68780043520576573  0.68867379623433544
  0.68951458318548664  0.69030080329626375  0.69103365121795435  0.69171558708223579
  0.69236806707656640  0.69299366716717314  0.69358315883824273  0.69417222372038623
  0.69475358299646739  0.69533271721206280  0.69588019060406481  0.69640595401106475
  0.69692421456852227  0.69744873327527346  0.69798356876485457  0.69851185243923564
  0.69902861360461654  0.69951053128159657  0.70001957725539121  0.70047597442731491
  0.70092635032565731  0.70140388193380909  0.70183007793292329  0.70237545620069641
  0.70297991626501621  0.70361826100461700  0.70426575918260959  0.70487530053722591
  0.70551270864033877  0.70616390601784829  0.70684406688031742  0.70757583619748876
  0.70836774765356147  0.70923693450901082  0.71019639686740077  0.71121432154923858
  0.71227076435791759  0.71340770513148577  0.71460875246244360  0.71577992065483309
  0.71698272767078475  0.71832198805418701  0.71981418426741273  0.72163976034563038
  0.72345542305344135  0.72545508163995354  0.72789893217400858  0.73075190516643118
  0.73370957883969246  0.73702841487151294  0.74089614060313846  0.74563192443540416
  0.75067205343789922  0.75668110266216360  0.76390712630360391  0.77410456749553269
  0.78763132393756130  0.80715316350409327  0.84208334020748388  1.00000000000000000
   2.4854396951185656E-009  -1.0000000000000000     
 F F F F F F F F F F F F F F F F F F F F F F F F F F F F F F F F F F F F F F F F F F F F F F F F F F F F F F F F F F F F F F F F
  <DiscreteSampler_grid>
  grouped_processes
  1 # 1 for a reference and 2 for a running grid.
  10 # Attribute 'min_bin_probing_points' of the grid.
  1 # Attribute 'grid_mode' of the grid. 1=='default',2=='initialization'
  0.0000000000000000 # Attribute 'small_contrib_threshold' of the grid.
  0.5000000000000000 # Attribute 'damping_power' of the grid.
 # binID   n_entries weight   weight_sqr   abs_weight
    19   10   2.955813661133363E+006   8.303481396482053E+013   2.955813661133363E+006
    22   10   2.955813661133363E+006   8.303481396482053E+013   2.955813661133363E+006
    25   10   2.955813661133363E+006   8.303481396482053E+013   2.955813661133363E+006
    28   10   2.955813661133363E+006   8.303481396482053E+013   2.955813661133363E+006
  </DiscreteSampler_grid>
