 -0.01125689162687830  0.09298763116199685  0.14516514343101397  0.18864209941461857
  0.22411266642117930  0.25751163959632228  0.28768484066791272  0.31540665864760853
  0.34228037629868452  0.36675223788946953  0.38935056927173406  0.41085565461341800
  0.43128244560862733  0.45208373521846951  0.47137086026948261  0.48977317607772075
  0.50661870920236918  0.52370752083437921  0.54045587992515398  0.55566053339634680
  0.57030944997563682  0.58545429707458330  0.60112306244482749  0.61591751638673342
  0.63017692601877373  0.64360283317757538  0.65595306865927006  0.66713086952690515
  0.67770561460345258  0.68792112199037936  0.69910869508613993  0.71036462783510090
  0.72058061869639556  0.73044595234350174  0.74042675993662110  0.75067835028777641
  0.76057572724094180  0.76963449301378151  0.77782583439996378  0.78532942898611824
  0.79331206004618948  0.80161661181125088  0.81027429917094651  0.81882433692613710
  0.82667057671404220  0.83438013195313332  0.84140568408839123  0.84791415538862358
  0.85429886967442481  0.86044379047095199  0.86598543875651701  0.87099743582807920
  0.87618627879080924  0.88112953233177749  0.88592573500716065  0.89030749556883659
  0.89490976031598057  0.89936911581947576  0.90346011904904433  0.90750898908434774
  0.91183276751086606  0.91604507195770957  0.92030375514317886  0.92469914555297728
  0.92890049752194959  0.93239122679908004  0.93549605926555757  0.93887101459538080
  0.94131827053298256  0.94366627198257214  0.94608105731338177  0.94848133992014605
  0.95111154328718928  0.95392564452425832  0.95672718136797064  0.95936642433752695
  0.96192441608798329  0.96433680697895185  0.96656953198570972  0.96876056131403332
  0.97090741160529459  0.97287470318838054  0.97467751863598728  0.97646765863135199
  0.97805195274656642  0.97968024544742394  0.98136872574291378  0.98299751658921930
  0.98430916954390602  0.98573118565801732  0.98729261118678147  0.98909300166455494
  0.99105079543952279  0.99368284940971519  0.99489219608539059  1.00000000000000000
  0.00000000007298980  0.00000000007698384  0.00000000007979486  0.00000000008211074
  0.00000000008433353  0.00000000008705094  0.00000000008983386  0.00000000009262699
  0.00000000009524452  0.00000000009783514  0.00000000010074538  0.00000000010360596
  0.00000000010638046  0.00000000010956226  0.00000000011292485  0.00000000011629551
  0.00000000011958169  0.00000000012289933  0.00000000012611789  0.00000000012923176
  0.00000000013277250  0.00000000013666652  0.00000000014131948  0.00000000014636679
  0.00000000015153460  0.00000000015698890  0.00000000016319963  0.00000000016962852
  0.00000000017585465  0.00000000018184508  0.00000000018769622  0.00000000019334305
  0.00000000019894398  0.00000000020476745  0.00000000021100175  0.00000000021809453
  0.00000000022590241  0.00000000023381549  0.00000000024298178  0.00000000025226184
  0.00000000026170196  0.00000000027106975  0.00000000028099408  0.00000000029029655
  0.00000000029959318  0.00000000030989399  0.00000000032182530  0.00000000033676872
  0.00000000035217176  0.00000000036875566  0.00000000038723983  0.00000000040767779
  0.00000000042894817  0.00000000044999511  0.00000000046922171  0.00000000048839064
  0.00000000050949548  0.00000000053547562  0.00000000056587297  0.00000000059692182
  0.00000000062912185  0.00000000066366564  0.00000000070285192  0.00000000074918148
  0.00000000080391183  0.00000000086740032  0.00000000094117675  0.00000000102252009
  0.00000000110646745  0.00000000121262552  0.00000000132874764  0.00000000144686087
  0.00000000158785069  0.00000000174458240  0.00000000191124789  0.00000000212442423
  0.00000000241695014  0.00000000279832328  0.00000000325583751  0.00000000377913772
  0.00000000440122682  0.00000000523177831  0.00000000641413699  0.00000000840565797
  0.00000001179585713  0.00000001683072055  0.00000003042221723  0.00000006694296562
  0.00000021558644923  0.00000085324354533  0.00000479272996204  0.00003403746690590
  0.00031021674336649  0.08678351074233996  0.64258543678378799  1.00000000000000000
 -0.00235435658415911  0.00956259994901905  0.02022698470908304  0.03099794887840440
  0.04198974972708579  0.05277786759897507  0.06394901745521972  0.07426209250780766
  0.08506064350888842  0.09466837251265624  0.10488281155126788  0.11486205592223026
  0.12465252146113731  0.13438742900019388  0.14336544091531914  0.15274419950446547
  0.16188744585897069  0.17082339471334110  0.18021521207539895  0.19052557839946602
  0.20082504150326216  0.21079518298337058  0.22126660259484854  0.23267104783037457
  0.24428265307664637  0.25553217760615549  0.26641356772466812  0.27728393278372304
  0.28852791323860549  0.29980205085450495  0.31120008510436009  0.32280602565625283
  0.33393423519795346  0.34474799008967388  0.35526693692575345  0.36551497820297829
  0.37603270440166620  0.38654258383896889  0.39716892060797149  0.40744114928081127
  0.41745369398060916  0.42751336115408300  0.43736186082858591  0.44853348372242446
  0.45860608431917232  0.46986505353848268  0.48119078194078996  0.49335003568106756
  0.50502571230659610  0.51631136960421853  0.52715718784657783  0.53770882501165451
  0.54760168558703171  0.55626947252261350  0.56443492345656243  0.57263177933114584
  0.58145971021243625  0.59201466170687456  0.60297454340932810  0.61362788192426698
  0.62508460299482016  0.63731736597463218  0.64908657038715278  0.65973394893498594
  0.66972791971755341  0.67924403316994730  0.68993693036147374  0.70042724699478209
  0.71227219361131344  0.72370552181432124  0.73366099538772711  0.74348101310302472
  0.75345692029919087  0.76340231612156317  0.77308772507812729  0.78263872450657956
  0.79231437873954280  0.80240878202464505  0.81305386349692732  0.82402690352449270
  0.83489947057349079  0.84551487001389725  0.85635395586923757  0.86731933029323904
  0.87879712563850254  0.89012798681091942  0.90207656869293484  0.91381636879850303
  0.92482825535063706  0.93550211083312185  0.94568705631239258  0.95597738742265359
  0.96538786309086200  0.97565814886793500  0.98704408032236091  1.00000000000000000
 -0.00250918290387871  0.00965881930924784  0.02030504214293543  0.03123308320156709
  0.04188577009611470  0.05159265504198419  0.06007707636755397  0.06883678700068151
  0.07826595067190191  0.08891903828779731  0.10044147426251426  0.11122935006339801
  0.12170197456620006  0.13164231916313762  0.14103200218365922  0.15066484142267275
  0.16072255596351140  0.17051150080300698  0.17957991498486453  0.18894155626083356
  0.19947313431299254  0.21058871720135625  0.22203369362271241  0.23338452927939765
  0.24441408308426338  0.25528827483040301  0.26604548793102079  0.27684976938498290
  0.28793069870553550  0.29897356288472948  0.31032787937797274  0.32147485369990353
  0.33241116783861474  0.34317034524430612  0.35457097272676474  0.36628841035266319
  0.37845167675697028  0.39043199260152972  0.40217849372783743  0.41344065455092699
  0.42488186161615538  0.43498873508787106  0.44541059531726690  0.45550283086139992
  0.46689569876046899  0.47837637226919416  0.48964585199874333  0.50054886529554432
  0.51182839206629438  0.52276060619936515  0.53316098301991088  0.54312354784621519
  0.55311037385458872  0.56348931681851022  0.57451073705043443  0.58581478947898225
  0.59729626201596564  0.60851847798994396  0.61948705094374257  0.63073065864513422
  0.64219067785868178  0.65401900909747612  0.66591903762250826  0.67640184312904261
  0.68510157090214396  0.69307451938113307  0.70068639776395403  0.70962317885343007
  0.71836793679214805  0.72775918092398495  0.73869404542689787  0.74989432006740331
  0.75997732483024838  0.76954925043174716  0.77913296287429890  0.78800811827166017
  0.79770640564573503  0.80805636833231054  0.81803068991833838  0.82758129640559308
  0.83648780959038971  0.84631451494578624  0.85670890588651305  0.86705753029821619
  0.87731478368272497  0.88806743403772292  0.89943356536274754  0.91093337525695051
  0.92236939157526654  0.93338284392653126  0.94401111310156471  0.95449743277840970
  0.96539069566057834  0.97718442615062029  0.98846822303290449  1.00000000000000000
 -0.00230542836863836  0.00959124445923150  0.02025574236800533  0.03126918325997679
  0.04160958906827109  0.05253203240694105  0.06362265180640472  0.07425533526732447
  0.08549303408831768  0.09764775898024824  0.11005626600119278  0.12193519692197136
  0.13331598159540786  0.14413152552062070  0.15493195574718352  0.16653968236364713
  0.17808579706735253  0.18950072518228189  0.20048284471653127  0.21102091684052837
  0.22160510308353168  0.23089908182600696  0.24011363105115641  0.24939810236789114
  0.25928865272470908  0.27007003395956647  0.28082460366425083  0.29141151271699400
  0.30279150465034588  0.31372131476601750  0.32380782785800816  0.33339416219663953
  0.34399328337639085  0.35542594619311685  0.36658331337233496  0.37719646124420714
  0.38824891441384041  0.39950532193004390  0.41050560523522972  0.42163667238589125
  0.43260765786016742  0.44398553577443406  0.45500114393345531  0.46464553972255240
  0.47420004580116365  0.48326476456375628  0.49231850769117474  0.50277139608815591
  0.51328448650297898  0.52363972732115449  0.53280210396336025  0.54238469891752727
  0.55328630804354639  0.56463877550327057  0.57612872925647229  0.58701288638706661
  0.59784299825722997  0.60893415262869488  0.61960804151123150  0.63091753058949107
  0.64201633821082216  0.65332805077110156  0.66454225295248048  0.67580000006713392
  0.68718530328477634  0.69877902796351199  0.71054385021796440  0.72215335270571623
  0.73343878796001283  0.74469703382150065  0.75593259617372988  0.76680840625806268
  0.77748383933533072  0.78849847274864149  0.79990270151409348  0.81089197296745297
  0.82107244455957040  0.83094150261569866  0.84112236365726356  0.85131263469525120
  0.86078446387778096  0.86870994872406571  0.87640388692316340  0.88403415676232366
  0.89202404523226697  0.90143299855606196  0.91145059364069736  0.92133245323868140
  0.93051352708090973  0.93968724165524742  0.95003475917171365  0.95978507872490737
  0.96873596707727194  0.97823396258203676  0.98836978486640781  1.00000000000000000
  0.18755811710158429  0.19744826397072110  0.21100703753637062  0.23361021089432080
  0.26828393807347539  0.31094913133443919  0.34881640870883290  0.38296054419225045
  0.42052787888352422  0.45886811741495492  0.49625237964117092  0.53281601401750889
  0.56411278303704804  0.58326634758552798  0.59829861751350910  0.61011591162430678
  0.62104894050937320  0.63290217312389441  0.64316120428824064  0.65023875871085168
  0.65546645213299148  0.65993404927246202  0.66414775993765451  0.66792551543554857
  0.67085470744464781  0.67346988759146764  0.67563274403671736  0.67752042025610248
  0.67944193834483346  0.68127299515169149  0.68285443508364108  0.68424934711731078
  0.68548259922208821  0.68652827830758134  0.68751269469989007  0.68840853058903628
  0.68922838596766789  0.68998615240926742  0.69067876743173806  0.69133016050278118
  0.69196990790572188  0.69261080459517155  0.69323542641486169  0.69382890023389132
  0.69439062775394866  0.69494027220011179  0.69546801361955668  0.69597261966328106
  0.69647219167109131  0.69696730747077540  0.69745772102945991  0.69795486413004137
  0.69843629265214435  0.69891381445118173  0.69941519831689392  0.69993461250250011
  0.70046595417656232  0.70100315988083961  0.70154688220643469  0.70211239403487802
  0.70267256678053946  0.70325664450986680  0.70385075698173283  0.70445062332977071
  0.70509257023140626  0.70576970446839160  0.70649429353000914  0.70724353549128249
  0.70802183252022233  0.70885846277749620  0.70979682467005234  0.71085268733255114
  0.71199162258881954  0.71318521717940675  0.71442539534146610  0.71571518504904674
  0.71705833337135017  0.71850993668516727  0.72009833321323879  0.72183389878161086
  0.72375662004237495  0.72592004326368542  0.72843864604065511  0.73128373801800717
  0.73456533231718135  0.73814947220815719  0.74194470259668976  0.74620972151358045
  0.75133788926402900  0.75785738882160569  0.76594328578724236  0.77528948395493269
  0.78693950438333549  0.80523845037754815  0.84321898686684460  1.00000000000000000
   2.3621403487034659E-009  -1.0000000000000000     
 F F F F F F F F F F F F F F F F F F F F F F F F F F F F F F F F F F F F F F F F F F F F F F F F F F F F F F F F F F F F F F F F
  <DiscreteSampler_grid>
  grouped_processes
  1 # 1 for a reference and 2 for a running grid.
  10 # Attribute 'min_bin_probing_points' of the grid.
  1 # Attribute 'grid_mode' of the grid. 1=='default',2=='initialization'
  0.0000000000000000 # Attribute 'small_contrib_threshold' of the grid.
  0.5000000000000000 # Attribute 'damping_power' of the grid.
 # binID   n_entries weight   weight_sqr   abs_weight
    19   10   2.168735073581580E+006   4.612449895383127E+013   2.168735073581580E+006
    22   10   2.168735073581580E+006   4.612449895383127E+013   2.168735073581580E+006
    25   10   2.168735073581580E+006   4.612449895383127E+013   2.168735073581580E+006
    28   10   2.168735073581580E+006   4.612449895383127E+013   2.168735073581580E+006
  </DiscreteSampler_grid>
