 -0.00752390982596453  0.08231615077737089  0.14350327170465405  0.18978982319074386
  0.22705710322806749  0.26670881785014078  0.30039118802380604  0.33156160394596984
  0.35369790792087780  0.37328872318961082  0.39530333782140181  0.41540133958180431
  0.43256169668035821  0.45079431714493268  0.47074724239349081  0.49022656281650401
  0.50848598008070933  0.52492827109047557  0.54025973269190108  0.55528411595642058
  0.57118438490540113  0.58568914605296030  0.59751015043544975  0.60919075180490678
  0.62115298627090365  0.63357448342201894  0.64582802266947692  0.65771107391351513
  0.66891259850284823  0.67985765801202991  0.69077586185403450  0.70139958893680621
  0.71125018558468867  0.72012740498364247  0.72975089461143494  0.73977612725952702
  0.74952785342881034  0.75901721515612774  0.76670857448992957  0.77464398615510277
  0.78252832531587024  0.79059627755439510  0.79888985158741632  0.80767658015832255
  0.81635109002489081  0.82368395385180582  0.83016578541128239  0.83626458049897356
  0.84163944617227116  0.84742019441618621  0.85340758239943337  0.85911575203354196
  0.86431422047783524  0.86934852995810186  0.87406398071152602  0.87944243422965107
  0.88492337276170485  0.89003065584762220  0.89493327467264627  0.89934517896353061
  0.90339541299015846  0.90744224935411255  0.91178014351769521  0.91606866666213571
  0.92023577583121030  0.92435717735608636  0.92832421486780992  0.93241558691774729
  0.93646258865648691  0.93960535978281556  0.94255122299104621  0.94533000199131278
  0.94805663991981126  0.95093997386805162  0.95383748444328553  0.95697244107936441
  0.96015185744722675  0.96282493760447707  0.96498400885022395  0.96699660964062317
  0.96882960807433738  0.97080006321833778  0.97263065292086515  0.97437474859078010
  0.97600763886464270  0.97759624266896405  0.97920590027643029  0.98094585779592947
  0.98322660930711525  0.98499264220163718  0.98673092757210212  0.98906850886650211
  0.99167660388640189  0.99438523824551905  0.99719261912275947  1.00000000000000000
  0.00000000007928418  0.00000000008356476  0.00000000008600729  0.00000000008816412
  0.00000000009031494  0.00000000009245991  0.00000000009464564  0.00000000009719462
  0.00000000009998223  0.00000000010285804  0.00000000010560377  0.00000000010811259
  0.00000000011041458  0.00000000011254400  0.00000000011457735  0.00000000011720824
  0.00000000012032325  0.00000000012397760  0.00000000012877913  0.00000000013345361
  0.00000000013784402  0.00000000014206847  0.00000000014626032  0.00000000015051880
  0.00000000015527552  0.00000000016084975  0.00000000016686023  0.00000000017330690
  0.00000000018047165  0.00000000018801787  0.00000000019393349  0.00000000019946168
  0.00000000020509244  0.00000000021091971  0.00000000021703281  0.00000000022343146
  0.00000000022945018  0.00000000023498597  0.00000000024063413  0.00000000024641265
  0.00000000025271346  0.00000000025950309  0.00000000026658798  0.00000000027416458
  0.00000000028174471  0.00000000028844599  0.00000000029825518  0.00000000031341148
  0.00000000033364220  0.00000000035319042  0.00000000037365596  0.00000000039374285
  0.00000000041538378  0.00000000043840471  0.00000000046318917  0.00000000049219345
  0.00000000052729553  0.00000000056582135  0.00000000060567597  0.00000000064153944
  0.00000000067665724  0.00000000071420525  0.00000000075981781  0.00000000081160888
  0.00000000086329402  0.00000000091499470  0.00000000097139523  0.00000000103871406
  0.00000000112181424  0.00000000121479714  0.00000000134255774  0.00000000148438779
  0.00000000167058222  0.00000000188246796  0.00000000210257180  0.00000000234343259
  0.00000000268043384  0.00000000316139513  0.00000000378895493  0.00000000443564783
  0.00000000520473572  0.00000000643211094  0.00000000829484325  0.00000001153347131
  0.00000001786235731  0.00000003052787065  0.00000006201879677  0.00000016014957927
  0.00000053854814107  0.00000220959626225  0.00000964730924518  0.00004820287898370
  0.00031725775527598  0.01255909925676675  0.58001310721916854  1.00000000000000000
 -0.00283483560214528  0.00984694475737589  0.02106612906365974  0.03305691989932850
  0.04519759055067833  0.05564326780811422  0.06487904191163910  0.07365472433707580
  0.08273574981588029  0.09286559863652068  0.10402825626828641  0.11559386154344914
  0.12778703524818605  0.13988224535575153  0.15177106157083023  0.16307916141226445
  0.17375883008554968  0.18452252666105715  0.19586477282109629  0.20770469695062560
  0.21977961926702377  0.23163435502129123  0.24289970392169682  0.25337278977519689
  0.26418197393617177  0.27539304044435220  0.28638028312464142  0.29725793412302509
  0.30822426647324930  0.31962350534419004  0.33033400746575570  0.33990417709512183
  0.35007184290572047  0.36046629300605082  0.37079108177020520  0.37996177161032718
  0.38852684915812474  0.39739649342909955  0.40612125033064939  0.41543713217486000
  0.42576580958313343  0.43661293875221846  0.44806780045691053  0.45972305933146418
  0.47161214225114417  0.48378922520500023  0.49600925243217397  0.50517905585474854
  0.51176232442421188  0.51890289297690395  0.52642986400425051  0.53358843313674797
  0.54308924624255595  0.55422179361893065  0.56540123879286930  0.57654588980477706
  0.58748457422921085  0.59785992964663848  0.60778385465312024  0.61776611143254812
  0.62846291073833838  0.63952385462384009  0.65049525151967647  0.66189098123815071
  0.67309131373458708  0.68434377123858969  0.69482141983020984  0.70469814181470281
  0.71395764745914359  0.72424892880771663  0.73511214454107487  0.74559680845357512
  0.75556875058732942  0.76584218546576832  0.77754074677332663  0.78899880201146233
  0.80029410163868475  0.81163800226295957  0.82350911845635133  0.83515101208638454
  0.84566247804515349  0.85562126742731370  0.86639284737701283  0.87758825115112127
  0.88881717219392675  0.89875312020590081  0.90758749288535512  0.91716578725372455
  0.92535064952934865  0.93400571323640114  0.94300855627912672  0.95237194442905460
  0.96344895240829609  0.97562364360231701  0.98781072471596032  1.00000000000000000
 -0.00226471692434049  0.00805454661111552  0.01873424449766190  0.02920553969610850
  0.04029725635159330  0.05213929607205123  0.06431009369627559  0.07631151907828308
  0.08804634840424198  0.09924381710634310  0.10949081107943426  0.11904382605213762
  0.12868383250248558  0.13891930209259074  0.14973194804268536  0.16088200234440639
  0.17262456844464275  0.18438251716595921  0.19535364382715056  0.20597012892085909
  0.21643188326825646  0.22772051060115178  0.24006642267876277  0.25219153902541863
  0.26353475546219063  0.27434790991779751  0.28431340741101796  0.29316441006987942
  0.30224755527661085  0.31090466368274594  0.32130900840250104  0.33210876168528530
  0.34255049287652284  0.35463348859663679  0.36493682801933558  0.37538685270435834
  0.38568851538647614  0.39694929843969007  0.40885760132661614  0.42098562873920731
  0.43275183516711940  0.44408643028877692  0.45553789703807984  0.46735956832916331
  0.47933328542056725  0.49170088244524041  0.50235462821626109  0.51061020987812133
  0.51846283167679119  0.52586493811880164  0.53267047492505426  0.54124629174655270
  0.55208229431869560  0.56323703000873038  0.57431722309088817  0.58527667351263890
  0.59624386299173060  0.60709812113275230  0.61783613289602790  0.62803940909894695
  0.63780828986656957  0.64774472634387592  0.65837730551655760  0.66929912746900722
  0.68094883336112200  0.69180536350677913  0.70266791867376066  0.71326849540366655
  0.72357112186559891  0.73321070393796539  0.74190230747550245  0.75084918579083249
  0.76133939614912116  0.77211837225701274  0.78320153807442761  0.79324997837252875
  0.80351507443383163  0.81388639910201988  0.82401288772678682  0.83524713930374606
  0.84559972172404230  0.85466495030544565  0.86409403132540008  0.87456482337010100
  0.88624892767838437  0.89675272263745798  0.90582013755204760  0.91461688785439532
  0.92469086305245940  0.93625807116066651  0.94805873720338363  0.95916564360515877
  0.96885765776994903  0.97899200152060106  0.98925428175698515  1.00000000000000000
 -0.00278260063547217  0.00962813801499254  0.02043526848723989  0.03032806570053369
  0.04059695588325790  0.05103585233863981  0.06108500509990733  0.07163956297593350
  0.08236046026251678  0.09361160926149702  0.10518718532817983  0.11668263942848330
  0.12859280585036773  0.14039248196598283  0.15167235359303166  0.16233338247449217
  0.17272669001631308  0.18317924924564791  0.19300941542258518  0.20200178858178169
  0.21108394024195434  0.22135295697309054  0.23285439744359437  0.24483010428143834
  0.25708859821261060  0.26933302145640015  0.28090793252701457  0.29177671177535475
  0.30171309392991763  0.31115186271485595  0.32039128342021406  0.32999679387574760
  0.33997967467665557  0.35059940755599339  0.36115306397024816  0.37086821440764484
  0.38030006843312653  0.39013930693438487  0.40130973134884373  0.41349360276490971
  0.42531366926253023  0.43646066689598911  0.44737377355472480  0.45822214440404635
  0.46949743569994318  0.48043648111214887  0.49074676468819678  0.50128445977424441
  0.51266041245940541  0.52545481711677000  0.53917338369198942  0.55169592787178856
  0.56430367347328714  0.57476744470214203  0.58395150961338993  0.59266608991915903
  0.60021182746797863  0.60795368744811162  0.61669905202096253  0.62720112504517411
  0.63801340325627898  0.64757886276764220  0.65653802936779360  0.66648877937564166
  0.67699897839314505  0.68809464293697831  0.69954933331320857  0.71061416667191279
  0.72103527579570448  0.73157335557511938  0.74301029783734340  0.75568564632095347
  0.76856498213687796  0.78019088159330896  0.79053778975958244  0.79993201935309111
  0.81002961930077710  0.82120727766545609  0.83112613560377291  0.83791736863619082
  0.84360545476721371  0.84947865350576990  0.85624431782921051  0.86554229959114859
  0.87710573759533039  0.88837693508676840  0.89894618685289307  0.90971283369739042
  0.92126536022230843  0.93298789274335681  0.94428733844312951  0.95492155044815763
  0.96525702901331756  0.97660408082573302  0.98796196124440439  1.00000000000000000
  0.18521347639240582  0.20419176160644101  0.21882370885046656  0.24367259236966107
  0.27823326174282215  0.32592984650518075  0.37809526172228713  0.42522149307913593
  0.46484849059260208  0.50190393186325954  0.53174308793470226  0.55454392574739175
  0.57321809436602311  0.58430435808272740  0.59292979032048798  0.60150539773993084
  0.60852456802535693  0.61916096612148508  0.63068135936913372  0.64049620977918498
  0.64874497547584098  0.65528483577445007  0.66050795267779727  0.66491115707087445
  0.66857822362798158  0.67163447640441076  0.67422354318495692  0.67648598346312139
  0.67852917520877265  0.68029474476157548  0.68172038302524995  0.68305133489702607
  0.68434006546340487  0.68552427693998630  0.68663242822956172  0.68763681495795614
  0.68853974882989777  0.68936473426407296  0.69013383900194381  0.69082576651835226
  0.69141970626535421  0.69195885453786032  0.69242691129271650  0.69293661302308840
  0.69351271763828437  0.69404723001922464  0.69454076365797868  0.69502899274980789
  0.69555234909461394  0.69609348716226205  0.69665603403926735  0.69719749483143811
  0.69771116917708265  0.69822017413971194  0.69873556285696259  0.69922482688266385
  0.69973580276720659  0.70026147354986690  0.70078872921121804  0.70134397286728623
  0.70190428680487194  0.70246747236757512  0.70303633635615237  0.70359055743189669
  0.70416129671411543  0.70478568500042960  0.70546033409111020  0.70618983384040102
  0.70693279261389186  0.70770336572123793  0.70851277764329579  0.70939371169356902
  0.71040165148458112  0.71148848137694654  0.71263407537873924  0.71378495271175435
  0.71495586266410915  0.71620452022740200  0.71760991396698548  0.71923440849287568
  0.72111226562715403  0.72313128471554300  0.72530500845874135  0.72773124345154616
  0.73059788645370849  0.73408685478759483  0.73802929178616683  0.74246295482520297
  0.74761898339700794  0.75379289994223109  0.76162700269520101  0.77152543721424804
  0.78453835765436997  0.80439321396181129  0.84451772866368502  1.00000000000000000
   2.4291962152657496E-009  -1.0000000000000000     
 F F F F F F F F F F F F F F F F F F F F F F F F F F F F F F F F F F F F F F F F F F F F F F F F F F F F F F F F F F F F F F F F
  <DiscreteSampler_grid>
  grouped_processes
  1 # 1 for a reference and 2 for a running grid.
  10 # Attribute 'min_bin_probing_points' of the grid.
  1 # Attribute 'grid_mode' of the grid. 1=='default',2=='initialization'
  0.0000000000000000 # Attribute 'small_contrib_threshold' of the grid.
  0.5000000000000000 # Attribute 'damping_power' of the grid.
 # binID   n_entries weight   weight_sqr   abs_weight
    19   10   1.335144746831618E+005   1.620728871277867E+011   1.335144746831618E+005
    22   10   1.335144746831618E+005   1.620728871277867E+011   1.335144746831618E+005
    25   10   1.335144746831618E+005   1.620728871277867E+011   1.335144746831618E+005
    28   10   1.335144746831618E+005   1.620728871277867E+011   1.335144746831618E+005
  </DiscreteSampler_grid>
