 -0.01566138208525951  0.10842427936258976  0.16027170841658164  0.20192491339805144
  0.23749504288224860  0.26868517164713035  0.29913896249681149  0.32673469262484911
  0.35245348565694018  0.37533698282372502  0.39510032017750574  0.41355635298293286
  0.43054680403681705  0.44986700527223544  0.46706513563767516  0.48358839519212088
  0.49832389613912692  0.51159625098022232  0.52695820657684000  0.54173002584944085
  0.55648553598576356  0.57118915606893450  0.58411403784698013  0.59572683550862937
  0.60767558232363150  0.62018946166710198  0.63194978088864318  0.64245174435050756
  0.65228975728826988  0.66312447993855084  0.67490931658091879  0.68601851345943898
  0.69423319506851267  0.70226337928967364  0.71037477195149101  0.71996752547687026
  0.72921270366356650  0.73856358093295693  0.74739671878248048  0.75583057888654048
  0.76396140870496132  0.77141710608473868  0.77788232109745414  0.78375085896888330
  0.78988284640328676  0.79625908682948154  0.80355326631136414  0.81106152865022940
  0.81791398684045125  0.82424275432325456  0.83027550827297891  0.83644926822816867
  0.84284143135698353  0.84928434531718011  0.85577365698223018  0.86221521010744073
  0.86854035650717110  0.87481503635822344  0.88102690876392575  0.88705432441853815
  0.89211049129132891  0.89715626158513639  0.90207845479876714  0.90700208872593402
  0.91163205011320536  0.91593037976293579  0.92010380105709977  0.92414203926780503
  0.92729963635986623  0.92990621707019927  0.93261796679906550  0.93536654563334154
  0.93845857372361452  0.94223202751287671  0.94632386234239563  0.95000321812800381
  0.95344717392128786  0.95675699932362435  0.95984015983272897  0.96290188121892883
  0.96584662814717082  0.96860622160771737  0.97114712480618381  0.97344880063279871
  0.97563334673248425  0.97794617021294550  0.97960229004088117  0.98115114604328968
  0.98266546015980649  0.98410622310264839  0.98542907127562018  0.98731981374939670
  0.98958459054404102  0.99225317168735772  0.99530859665016724  1.00000000000000000
  0.00000000022938420  0.00000000024173463  0.00000000024937426  0.00000000025545855
  0.00000000026068003  0.00000000026607159  0.00000000027128281  0.00000000027660145
  0.00000000028262878  0.00000000028829794  0.00000000029419678  0.00000000030034897
  0.00000000030663525  0.00000000031301278  0.00000000032012256  0.00000000032767172
  0.00000000033490483  0.00000000034235364  0.00000000035114651  0.00000000035958287
  0.00000000036770229  0.00000000037522479  0.00000000038147533  0.00000000038908294
  0.00000000039782171  0.00000000040522464  0.00000000041293354  0.00000000042223116
  0.00000000043117577  0.00000000043854898  0.00000000044509426  0.00000000045081529
  0.00000000045646761  0.00000000046280268  0.00000000047283639  0.00000000048345990
  0.00000000049420192  0.00000000050664487  0.00000000052132797  0.00000000053664823
  0.00000000055276592  0.00000000057125817  0.00000000059210714  0.00000000061988137
  0.00000000064628069  0.00000000067234957  0.00000000069809457  0.00000000072436548
  0.00000000075300215  0.00000000078558979  0.00000000082321981  0.00000000086271898
  0.00000000089929201  0.00000000093736643  0.00000000097538665  0.00000000101612810
  0.00000000106273349  0.00000000111380294  0.00000000117895157  0.00000000124444974
  0.00000000131768187  0.00000000139199972  0.00000000146989085  0.00000000155419704
  0.00000000164480879  0.00000000173966198  0.00000000185356997  0.00000000199459584
  0.00000000215562433  0.00000000232440519  0.00000000252922583  0.00000000278474556
  0.00000000315159015  0.00000000363143518  0.00000000421452444  0.00000000487228749
  0.00000000568201724  0.00000000676953395  0.00000000833795935  0.00000001047145596
  0.00000001384859790  0.00000001895259568  0.00000002882027281  0.00000005058026211
  0.00000009859284094  0.00000021180292435  0.00000054790662269  0.00000142269069198
  0.00000386653490889  0.00001191309693701  0.00004237055449546  0.00017380991074298
  0.00140524833284398  0.02451166418282551  0.59247995203668458  1.00000000000000000
 -0.00219571362593189  0.00800323426104767  0.01685055850141151  0.02738483725087425
  0.03765082865863584  0.04816638541047189  0.05908742162700578  0.07063039241794487
  0.08192638938446184  0.09341140901428845  0.10504910552962635  0.11614279993398900
  0.12757422691004941  0.13827198306892846  0.14912593077772232  0.15979617558998840
  0.17016654660224384  0.18074966087832470  0.19122544415540657  0.20184350810735158
  0.21251753675196311  0.22169886215424434  0.23210142473529877  0.24278853367795641
  0.25371891132316449  0.26559481239261196  0.27791614489984695  0.28966643426505584
  0.30116835926599494  0.31250315842234733  0.32366686775598902  0.33428900231422159
  0.34471074988144090  0.35543401732656710  0.36601723885236886  0.37625051385860142
  0.38634117603103757  0.39694420774690642  0.40840706198504456  0.41927431283903560
  0.42953850656169812  0.44002209116361263  0.45052992461600250  0.46166747934703817
  0.47345198770874969  0.48507393480364841  0.49562984733822124  0.50499277144862542
  0.51441459262793465  0.52442170983432845  0.53580097634382851  0.54784329595680870
  0.55961369341481948  0.57134669020933004  0.58263188254700937  0.59282090938979337
  0.60269293184330530  0.61261955370270516  0.62343294853872733  0.63441264536005315
  0.64505477985629522  0.65569068936893293  0.66590275917516895  0.67517118699119205
  0.68420671928185373  0.69380786582413956  0.70387434744174493  0.71380541092939886
  0.72320858162871204  0.73269230380311401  0.74235766698649108  0.75203936991388609
  0.76194203940631711  0.77240281558172985  0.78345866622031701  0.79482787841426084
  0.80622895478191725  0.81772286911288405  0.82855164453934671  0.83839496013129622
  0.84793874956452409  0.85781727243018646  0.86861713111357974  0.87953426884400288
  0.89068761008937425  0.90168486462033470  0.91220239483537813  0.92195841602069528
  0.93047303510176949  0.93924268007392597  0.94798517040034291  0.95708213680969678
  0.96701495267254045  0.97729905513612814  0.98889056886560445  1.00000000000000000
 -0.00242416865467268  0.00841910221359914  0.01822217409941395  0.02934850050429824
  0.04009555827670544  0.05019860228895306  0.06031837129704630  0.06998957751292292
  0.08035074756143003  0.09099624704318988  0.10214335125469262  0.11394269515741637
  0.12570143006966428  0.13728015437153987  0.14866242799891502  0.15983482535661098
  0.17084064595374768  0.18133315007201306  0.19155089714666854  0.20216069410527579
  0.21290029798041085  0.22343992823396000  0.23407798380139608  0.24455382643086895
  0.25530279787431404  0.26665575427977894  0.27796771540727849  0.28911219214465511
  0.30021587516765758  0.31112709699427793  0.32192986071824314  0.33260509932450122
  0.34296990062034166  0.35347231834880583  0.36430727801668306  0.37518181158911984
  0.38580778513176811  0.39610442459858697  0.40669156879754803  0.41773319766607631
  0.42840506242869097  0.43849476157959261  0.44818938956407817  0.45790366624392198
  0.46798375133823922  0.47805025342091856  0.48745611706170611  0.49601334887006765
  0.50470810668606281  0.51439048170597046  0.52475705917499949  0.53487789916470740
  0.54373415407471370  0.55222908199769605  0.56128058923235036  0.57232760314573494
  0.58441879759685511  0.59629992835408330  0.60724948750929453  0.61810278218661008
  0.62895960595229761  0.64007102865973597  0.65087091237188022  0.66180140037423196
  0.67259493673884740  0.68333339480035360  0.69389748866951206  0.70496194297242232
  0.71682509119509097  0.72882488410412871  0.74071273706812346  0.75223916718673067
  0.76289432359337894  0.77297837187944873  0.78288157102995204  0.79241989988996286
  0.80218386538223463  0.81287097891400595  0.82323227407712507  0.83405144260705422
  0.84500980873790055  0.85613172227066003  0.86728152450771756  0.87849658015317733
  0.88889141560951124  0.89877732331399218  0.90811817135829231  0.91895682147550639
  0.93043696226236794  0.94161206621683557  0.95295751727162425  0.96258345470938755
  0.97138069733138077  0.98012332543320857  0.98961852780107284  1.00000000000000000
 -0.00295868790836394  0.01049583936739615  0.02223911507308166  0.03417802856069510
  0.04572945625131815  0.05680312426249080  0.06707707465575541  0.07701157495990602
  0.08667648245551726  0.09600480895583817  0.10570955916668257  0.11591069445494831
  0.12645243391628294  0.13706377092542582  0.14726852211183922  0.15634170142945064
  0.16523921040247910  0.17359507123786225  0.18211483318854690  0.19101463305448116
  0.20023079304322003  0.20998276415600609  0.22007435581693546  0.23069449729265759
  0.24184418956549650  0.25317978934732949  0.26388144238268813  0.27390050694815105
  0.28403702741248410  0.29492950312407479  0.30613638742151550  0.31680445710273680
  0.32747691929328043  0.33853116774994368  0.34967362755417358  0.36074390379715721
  0.37172814688203593  0.38291800988534452  0.39425563178391443  0.40562874439677926
  0.41699173816190421  0.42779933691319233  0.43802866440936827  0.44814433570115919
  0.45854570252630539  0.46998504730042362  0.48183625314594380  0.49357143689015964
  0.50413232594208057  0.51333193587454617  0.52190515831445039  0.53113854451900500
  0.54133290577911974  0.55204705315919833  0.56246908634929005  0.57279434336553225
  0.58309920910691793  0.59365153002862447  0.60457654025217600  0.61528700145043036
  0.62617673278391905  0.63753484800053950  0.64903236927167096  0.66035514476481005
  0.67201942566327522  0.68361423621207384  0.69338042228300456  0.70179566267602267
  0.71069831112185866  0.72014096754658030  0.73054612515020823  0.74116650852325094
  0.75163704865437375  0.76197278530092150  0.77260443577889248  0.78331919528207927
  0.79364868128234745  0.80386572623815733  0.81470579231443874  0.82553471902203024
  0.83668891563590198  0.84801946757105762  0.85943919090540544  0.87094776530324280
  0.88260068272280467  0.89403947643490167  0.90461975412170981  0.91455065689300219
  0.92370021988621287  0.93397588984845448  0.94434875272344465  0.95615054233531172
  0.96812775567345821  0.97936047182149288  0.99012637719760810  1.00000000000000000
  0.18774795446151396  0.19568691525412382  0.20325496862858922  0.22012229655806542
  0.24736495565434763  0.28345556448709380  0.32981323213513858  0.37213489454821747
  0.41002866558427065  0.44463264038646144  0.47724137061419231  0.50966706779623738
  0.54116194391708583  0.56849053773776115  0.59223724737098415  0.61145344266679369
  0.62527106053554959  0.63569618878178569  0.64417434335684975  0.65126462481898117
  0.65703669856391067  0.66160738810270947  0.66536763262042120  0.66870179137092434
  0.67148818372175667  0.67407270084468207  0.67629771463770683  0.67844559788516901
  0.68028388550344909  0.68193168075978949  0.68333966116596978  0.68458027649306652
  0.68565079760077829  0.68664312874392019  0.68757213139208073  0.68848922421779779
  0.68935177889993693  0.69014311051528043  0.69083507416130796  0.69149736388708405
  0.69212521553172301  0.69269817338105544  0.69320507125704689  0.69365983500531025
  0.69412840549786126  0.69461783597002447  0.69510322233315358  0.69557086632976672
  0.69602050424724971  0.69647043152728827  0.69691867552568554  0.69736966070266126
  0.69783536927497047  0.69831691771793702  0.69881127295026713  0.69932395021708238
  0.69985172756380309  0.70038841377763561  0.70090330035768156  0.70140613735479307
  0.70191141149890546  0.70243865968113384  0.70301015179005177  0.70356570709196087
  0.70413056132518936  0.70474827711071586  0.70544272317954915  0.70620733322841278
  0.70698975510991591  0.70773237194934469  0.70845982412011776  0.70925255476406901
  0.71013200637327589  0.71113779136106925  0.71224940490729438  0.71344192046013266
  0.71478919960416876  0.71631456021691486  0.71802747293267755  0.71993993952598856
  0.72196432235488084  0.72423309018721271  0.72662929124373077  0.72934610095710251
  0.73222012278316650  0.73528422307997887  0.73883688496532340  0.74315583495573523
  0.74850962725488512  0.75504602142299582  0.76310801511107407  0.77340642846264984
  0.78664359966587039  0.80509414116181455  0.83929926665031551  1.00000000000000000
   2.3126886869393287E-009  -1.0000000000000000     
 F F F F F F F F F F F F F F F F F F F F F F F F F F F F F F F F F F F F F F F F F F F F F F F F F F F F F F F F F F F F F F F F
  <DiscreteSampler_grid>
  grouped_processes
  1 # 1 for a reference and 2 for a running grid.
  10 # Attribute 'min_bin_probing_points' of the grid.
  1 # Attribute 'grid_mode' of the grid. 1=='default',2=='initialization'
  0.0000000000000000 # Attribute 'small_contrib_threshold' of the grid.
  0.5000000000000000 # Attribute 'damping_power' of the grid.
 # binID   n_entries weight   weight_sqr   abs_weight
    19   10   4.452847567235321E+006   9.920343314672908E+013   4.452847567235321E+006
    22   10   4.452847567235321E+006   9.920343314672908E+013   4.452847567235321E+006
    25   10   4.452847567235321E+006   9.920343314672908E+013   4.452847567235321E+006
    28   10   4.452847567235321E+006   9.920343314672908E+013   4.452847567235321E+006
  </DiscreteSampler_grid>
