 -0.01287411600753654  0.10080084146657584  0.15951110410861458  0.20397281095207781
  0.23885598968641120  0.26681655450190545  0.29249930214748160  0.31941616329049538
  0.34107924327342620  0.36286027253272746  0.38285552740625661  0.40386012428315787
  0.42266911207257407  0.44073831688952420  0.45843004803535425  0.47561574912355209
  0.49280428291146544  0.50914079113747934  0.52354258824603894  0.53677049643136332
  0.55107781248367926  0.56654400041904274  0.58262647848835813  0.59778601439036205
  0.61219045181711595  0.62625495430707123  0.63999645456493937  0.65325694754350661
  0.66521015527174243  0.67735842771844579  0.68981218069221062  0.70105671844854001
  0.70944178626668786  0.71793463281759873  0.72594857867929929  0.73285288698954809
  0.74032191395728852  0.74851241070127239  0.75577959118257820  0.76256364451834557
  0.76999547611167363  0.77820601004708156  0.78627063086152593  0.79320104827070659
  0.80049040484456035  0.80786135283667437  0.81533410902418546  0.82305599391531548
  0.83053569460649723  0.83748999929076284  0.84361778850367852  0.84960191982500866
  0.85528956708592518  0.86054333744242639  0.86575911766774438  0.87097510868750705
  0.87525670530495492  0.87924106405874880  0.88327983097048435  0.88743421246959842
  0.89196220282809746  0.89698569207396328  0.90206669177266952  0.90672590743706871
  0.91132790221947979  0.91545141979889832  0.91914137045906241  0.92319451707767519
  0.92695530143129490  0.93074865089068337  0.93465813667015474  0.93855480205227737
  0.94189642626029912  0.94538261376863009  0.94884658246278808  0.95205491589696678
  0.95493268764297512  0.95760890968268653  0.96011099296580271  0.96235935245591131
  0.96444701379593534  0.96622092474058408  0.96784501139822154  0.96978714907786023
  0.97200908584590484  0.97414569697061759  0.97640086013138039  0.97850421775896779
  0.98059189043278250  0.98276929258070367  0.98471746608434074  0.98687148888827125
  0.98945007394050011  0.99244269136866414  0.99534791307452353  1.00000000000000000
  0.00000000003846580  0.00000000004074426  0.00000000004242890  0.00000000004395660
  0.00000000004560182  0.00000000004733943  0.00000000004939088  0.00000000005154060
  0.00000000005360864  0.00000000005535544  0.00000000005715336  0.00000000005899397
  0.00000000006074903  0.00000000006248307  0.00000000006474438  0.00000000006698792
  0.00000000006911507  0.00000000007101744  0.00000000007261569  0.00000000007445423
  0.00000000007634264  0.00000000007845538  0.00000000008158829  0.00000000008502303
  0.00000000008850971  0.00000000009195025  0.00000000009578125  0.00000000009969680
  0.00000000010374401  0.00000000010791611  0.00000000011191512  0.00000000011652537
  0.00000000012127385  0.00000000012606712  0.00000000013087353  0.00000000013558137
  0.00000000014034745  0.00000000014545785  0.00000000015080602  0.00000000015670397
  0.00000000016315687  0.00000000017016236  0.00000000017727068  0.00000000018449418
  0.00000000019148462  0.00000000019796855  0.00000000020427366  0.00000000021065011
  0.00000000021768576  0.00000000022633433  0.00000000023662360  0.00000000024874105
  0.00000000026282868  0.00000000027799713  0.00000000029473634  0.00000000031268960
  0.00000000033158242  0.00000000034989602  0.00000000036941166  0.00000000039132364
  0.00000000041336617  0.00000000043416697  0.00000000045530466  0.00000000047847551
  0.00000000050547353  0.00000000053580601  0.00000000056029342  0.00000000059342009
  0.00000000063717788  0.00000000069991043  0.00000000077270498  0.00000000085657134
  0.00000000094679131  0.00000000104576085  0.00000000117334612  0.00000000132207147
  0.00000000146778907  0.00000000165371069  0.00000000188510727  0.00000000211837715
  0.00000000240338015  0.00000000284880000  0.00000000350524338  0.00000000439725727
  0.00000000577936714  0.00000000870173976  0.00000001388494472  0.00000002501151206
  0.00000005387498327  0.00000022007517704  0.00000109192523090  0.00000593118900926
  0.00004588616335081  0.00070484652349540  0.19523114166460076  1.00000000000000000
 -0.00255603267235098  0.00848550938730881  0.01884277411338436  0.02924234768332709
  0.04024480837714034  0.05153926594441653  0.06310332939826045  0.07447836196595914
  0.08496539018443325  0.09480048033592255  0.10447607270827665  0.11462517446298548
  0.12567121075164558  0.13667067176881237  0.14730417762710946  0.15799136939677164
  0.16920812534845228  0.18070433935615934  0.19155441760773967  0.20229584628928979
  0.21325599583653670  0.22438269928222501  0.23518984355042269  0.24521729733641834
  0.25494373565783884  0.26479209873880794  0.27493083894969800  0.28511838374219534
  0.29532790158602873  0.30483153542255015  0.31379970695897508  0.32231156126685001
  0.33041645758332761  0.33935501092220482  0.35005361537141999  0.36111206569992887
  0.37229954721126801  0.38380225919494487  0.39503948449339832  0.40561443208835651
  0.41606136140910516  0.42652336235208727  0.43774992560470916  0.44938177663899248
  0.46041561025038136  0.47081534251811102  0.48049475578228817  0.48977068156262948
  0.49884442276648250  0.50819820873648258  0.51708770557305794  0.52577207691374184
  0.53497123285710813  0.54514948600807522  0.55625916747115955  0.56794445262745541
  0.57901595372000103  0.58957323804817574  0.60021385963070084  0.61094919191475472
  0.62251758894514109  0.63418427399121191  0.64596413553063348  0.65777935580549540
  0.66910486489642951  0.67984794959810935  0.68988327391060555  0.70016324671819297
  0.71085544512184717  0.72188998634937918  0.73275528874588114  0.74323437227876377
  0.75375583260603274  0.76414701584589784  0.77501337541234649  0.78575822515946958
  0.79720598173992430  0.80874564113883984  0.82001035343744422  0.83105677371355879
  0.84159690125670716  0.85177781426617749  0.86146145116874107  0.87172261615087887
  0.88212662043167733  0.89218730125312284  0.90185687050285590  0.91156413232753764
  0.92210222571163158  0.93304891390073086  0.94428370536198003  0.95617383253665544
  0.96765741771671754  0.97865041629130123  0.98926694654861358  1.00000000000000000
 -0.00233978228065006  0.00861140152977878  0.01998876531131232  0.03126926590105110
  0.04189203855546896  0.05203467151946622  0.06226656277813847  0.07318598607358459
  0.08438962325708615  0.09505432592205974  0.10571772535344827  0.11703001468593771
  0.12839042221747948  0.13934717745314856  0.15024041031773552  0.16113572286896002
  0.17193079181345972  0.18291445644276014  0.19384979976062094  0.20418651080059266
  0.21397094404766834  0.22314837402674542  0.23246523761974935  0.24229008979348315
  0.25249387490037190  0.26325239882058221  0.27424673080796191  0.28472986498099834
  0.29479216353467380  0.30475099200388728  0.31472370957324541  0.32538343311025636
  0.33722303032460627  0.34937597140825877  0.36168321268173431  0.37354139042222284
  0.38461382735239097  0.39535203143727021  0.40585905846806786  0.41662789928378929
  0.42781247836396225  0.43916036050530893  0.45044873322328388  0.46156354111232989
  0.47243457208399542  0.48335313135864516  0.49472744464088825  0.50659797059602640
  0.51873597499779356  0.53046426348214371  0.54158000267169459  0.55278833694419871
  0.56364083627043071  0.57384681649847147  0.58408898684804877  0.59599918172035338
  0.60863614827047896  0.61886769638314032  0.62659211792920078  0.63465214148180904
  0.64262776274492850  0.65065754847858537  0.66001447604175301  0.67037812956114673
  0.68051940168641367  0.69034035571441243  0.70013677381396722  0.70953869830307614
  0.71940427687743869  0.72982530449626593  0.74008534910450430  0.75063047548239492
  0.76062591942840596  0.77039615942333428  0.77984182663453272  0.78896125822714080
  0.79845461955520947  0.80792602655550727  0.81749994246424085  0.82610645268209815
  0.83471196754953592  0.84407763256897594  0.85436825295466590  0.86500284571302366
  0.87567005398211462  0.88638125513098198  0.89730851068556194  0.90858305881216495
  0.91931803381908173  0.92917217190290213  0.93939873411137398  0.95082181154978618
  0.96343057297901646  0.97577839686058288  0.98834438797994206  1.00000000000000000
 -0.00246546305906885  0.00830173730712126  0.01787630849331536  0.02782445342837902
  0.03859387249645971  0.04982919507694306  0.06152352719974640  0.07366264350354142
  0.08608192846128018  0.09851831350247388  0.11074969734701823  0.12266963647192013
  0.13421789892010713  0.14514148521467707  0.15574477111154231  0.16632520404058476
  0.17656058656508747  0.18610144904565543  0.19540964281055342  0.20450419418931889
  0.21346901962746742  0.22261779415233834  0.23182135385246525  0.24179534639268183
  0.25290114362124688  0.26467388185942087  0.27604902268802167  0.28663836179527014
  0.29682499054957867  0.30686982117963979  0.31707945661000275  0.32786369436249352
  0.33864877078372224  0.35001287978055312  0.36121018544651157  0.37259042766492384
  0.38349174847148843  0.39383405180909242  0.40380650867278867  0.41320034386466403
  0.42283678698005034  0.43259241816930050  0.44292735788954646  0.45360306084352919
  0.46460555213863813  0.47581249128981962  0.48659078301445374  0.49671674417962741
  0.50705680706789324  0.51774795892522074  0.52886141205079362  0.54065333889414469
  0.55199309763433890  0.56320513065116318  0.57382181495201401  0.58398259648533479
  0.59431801278975438  0.60382372693151298  0.61255113970189035  0.62142972776637428
  0.63134943339252569  0.64211885984639117  0.65370619006124431  0.66557549360040336
  0.67662911244153512  0.68665502099904518  0.69675401420902117  0.70748608642742161
  0.71880871170916827  0.72998339407859858  0.74095681269083136  0.75189350061259685
  0.76234626754580836  0.77288857178632153  0.78385353615855946  0.79491620671783791
  0.80618200950724006  0.81731624633328848  0.82823923891206985  0.83916698534658962
  0.84995895085760997  0.86104842988444064  0.87202166244592882  0.88302538124465990
  0.89345983158793962  0.90331132292180560  0.91307045174594892  0.92375574771051550
  0.93559838013878582  0.94597846872081648  0.95385466890826687  0.96031192426372014
  0.96776813110321291  0.97724826860910319  0.98771004269682772  1.00000000000000000
  0.18465869875694343  0.20878897489625864  0.22921523045989739  0.26059824893964900
  0.29355322542651946  0.33126495977782988  0.37354202705570538  0.41986210069433882
  0.46546116035079715  0.50415037671684060  0.53298821965336751  0.56004230504973818
  0.58279450070602667  0.60201973076692838  0.61818380686885521  0.62985996253725263
  0.63935798887725948  0.64735617664231682  0.65433385504304864  0.66001320398974939
  0.66428151181081685  0.66759727836281901  0.67051731768927481  0.67311606074238983
  0.67543301667540834  0.67756925926665323  0.67940368785696548  0.68096246358040458
  0.68229461674663461  0.68351847076129502  0.68468363942953625  0.68576647288193815
  0.68672003648736502  0.68749771318614761  0.68816955095025911  0.68879605489188933
  0.68941144284845435  0.69007740369298431  0.69073843646003030  0.69138751470543425
  0.69196979033005979  0.69253349506727135  0.69308158583254109  0.69361569463802830
  0.69414872526130522  0.69466201673342853  0.69516064035365976  0.69563879408125096
  0.69612474446978201  0.69663495060852976  0.69713722753494589  0.69759856774489815
  0.69807131695113367  0.69855538751537094  0.69909306011919015  0.69966203839419494
  0.70023335823724397  0.70082868673194354  0.70140042737016095  0.70196968645184743
  0.70254577772599869  0.70311056517242554  0.70362976829825252  0.70414261870336614
  0.70467778497316280  0.70521053123723532  0.70576008667675261  0.70630236469782748
  0.70693312949224185  0.70773601902899042  0.70858124540945233  0.70949759130083723
  0.71049149062855521  0.71160911922864412  0.71284252455114017  0.71415275162298331
  0.71545514933383259  0.71683943822527318  0.71825127971417502  0.71973384956039332
  0.72142663349117520  0.72332116900490273  0.72555969262132258  0.72821862886017430
  0.73101525533728273  0.73438253860423519  0.73816758250962144  0.74267376149536235
  0.74803059912791603  0.75433439998007978  0.76146366625839612  0.77024615714858391
  0.78201887993312236  0.79974989501259686  0.83612880747087337  1.00000000000000000
   2.5238396285603195E-009  -1.0000000000000000     
 F F F F F F F F F F F F F F F F F F F F F F F F F F F F F F F F F F F F F F F F F F F F F F F F F F F F F F F F F F F F F F F F
  <DiscreteSampler_grid>
  grouped_processes
  1 # 1 for a reference and 2 for a running grid.
  10 # Attribute 'min_bin_probing_points' of the grid.
  1 # Attribute 'grid_mode' of the grid. 1=='default',2=='initialization'
  0.0000000000000000 # Attribute 'small_contrib_threshold' of the grid.
  0.5000000000000000 # Attribute 'damping_power' of the grid.
 # binID   n_entries weight   weight_sqr   abs_weight
    19   10   1.156438858168578E+006   5.678095875341585E+012   1.156438858168578E+006
    22   10   1.156438858168578E+006   5.678095875341585E+012   1.156438858168578E+006
    25   10   1.156438858168578E+006   5.678095875341585E+012   1.156438858168578E+006
    28   10   1.156438858168578E+006   5.678095875341585E+012   1.156438858168578E+006
  </DiscreteSampler_grid>
