 -0.01266100170667653  0.10132592860977004  0.16887039720774044  0.22040866684349772
  0.26397507411147952  0.30138304293668849  0.32925809483754348  0.35274194759236943
  0.37574004422738139  0.39879365869231881  0.42261261788963178  0.44416457665154607
  0.46172172825282259  0.47863994946751337  0.49721094373743069  0.51505028757830607
  0.53280163008972192  0.54893522878317591  0.56389630547069969  0.57931371242994811
  0.59497028112345796  0.61067395417139680  0.62591289398064998  0.64006918837464988
  0.65352896749770950  0.66618057852832435  0.67897712504138219  0.69208921890343034
  0.70477848697108370  0.71645637916436999  0.72759646813622680  0.73873760896277108
  0.74888017179721533  0.75726495805172755  0.76548260887082864  0.77471435411140788
  0.78474018130085066  0.79438455685437803  0.80288320395762935  0.81035507089005154
  0.81752755026409762  0.82542012280012178  0.83285498304511640  0.83834062768133633
  0.84311683459215836  0.84801820294214936  0.85328693014460144  0.85819213877165035
  0.86278852692074237  0.86747344868948617  0.87256369117386157  0.87812673243385253
  0.88400639458720087  0.88957618353657986  0.89496093428386436  0.90016001600071105
  0.90465931187924131  0.90863360804204030  0.91227558952874732  0.91616801007267079
  0.92002644215088936  0.92406656310711688  0.92818580243816562  0.93204730167218031
  0.93565664831729800  0.93919275447275030  0.94275234024738364  0.94619399853328490
  0.94944088589416886  0.95239817897790136  0.95503840118865058  0.95792818068923902
  0.96053806010877185  0.96312647694040165  0.96571651931539171  0.96800142189234584
  0.96995986154925862  0.97172653147847388  0.97352283851133392  0.97515011859646072
  0.97619638637555528  0.97715780019145515  0.97807487950842620  0.97892941363112795
  0.98012795088982052  0.98134237666430824  0.98212525388947625  0.98274315645541832
  0.98366710399380297  0.98476033650506445  0.98600854173811459  0.98741758912311139
  0.98960858658562945  0.99300861421222042  0.99534252729491013  1.00000000000000000
  0.00000000026648581  0.00000000028114763  0.00000000029078223  0.00000000029877271
  0.00000000030634842  0.00000000031194376  0.00000000031739138  0.00000000032289020
  0.00000000032837611  0.00000000033383727  0.00000000034112539  0.00000000034983783
  0.00000000035889272  0.00000000036828041  0.00000000037794888  0.00000000038758046
  0.00000000039706109  0.00000000040677686  0.00000000041824383  0.00000000043069485
  0.00000000044263286  0.00000000045462322  0.00000000046740707  0.00000000048118213
  0.00000000049468156  0.00000000050531450  0.00000000051562843  0.00000000052572648
  0.00000000053589308  0.00000000054610162  0.00000000055860271  0.00000000057274596
  0.00000000058887148  0.00000000060375239  0.00000000061905488  0.00000000063596662
  0.00000000065472195  0.00000000067916369  0.00000000070837633  0.00000000073926597
  0.00000000077253788  0.00000000080744156  0.00000000084414512  0.00000000088375744
  0.00000000092599998  0.00000000097139532  0.00000000101963121  0.00000000106979850
  0.00000000111958595  0.00000000116810357  0.00000000121373717  0.00000000126236556
  0.00000000131187366  0.00000000136059845  0.00000000141497096  0.00000000147529877
  0.00000000153708630  0.00000000161724963  0.00000000170699876  0.00000000180071309
  0.00000000189943663  0.00000000201312044  0.00000000216226379  0.00000000234153752
  0.00000000252743819  0.00000000271677387  0.00000000291278814  0.00000000315593223
  0.00000000346817940  0.00000000383437022  0.00000000424790555  0.00000000471168349
  0.00000000524878857  0.00000000588744098  0.00000000686401283  0.00000000833328069
  0.00000001037263500  0.00000001324737890  0.00000001720795546  0.00000002308947329
  0.00000003295454723  0.00000005053730264  0.00000008471863249  0.00000014845287172
  0.00000028801181998  0.00000059642948846  0.00000137930784839  0.00000334281054477
  0.00000854263125004  0.00002219481385638  0.00007441610403953  0.00026731307560617
  0.00205941995830638  0.03137468696451371  0.57183395500860446  1.00000000000000000
 -0.00290504718837109  0.01131958934572702  0.01985438346255550  0.02971107284929970
  0.03821999320141796  0.04668213316406138  0.05574325272644899  0.06644618478258704
  0.07748900315733265  0.08864255534917277  0.09993806708379029  0.11098353822305090
  0.12180541934862450  0.13174707807084532  0.14189509767144554  0.15212054284144119
  0.16350621687426634  0.17501190812321005  0.18606412728848398  0.19668663157067370
  0.20696995454916448  0.21677407259144368  0.22604463427951554  0.23545538909626426
  0.24496469983498248  0.25528257922393982  0.26660957385508305  0.27851832313215846
  0.29049951412226427  0.30184821319009425  0.31273260955998511  0.32380905581065728
  0.33524649833582992  0.34667330027513554  0.35755305576541679  0.36793149944970843
  0.37790691754950889  0.38817223186026423  0.39917576489497375  0.41048305908322519
  0.42168281349247155  0.43223420965807963  0.44238204772371331  0.45279749873201697
  0.46249342131651133  0.47274397474633045  0.48327696207595500  0.49380369322842088
  0.50470989869647043  0.51541876445851353  0.52550123155283557  0.53541827257709784
  0.54546055581155928  0.55656563799331249  0.56841398741160687  0.57984354493233181
  0.59024685573595648  0.59998676666683581  0.61010848847284460  0.62057921576835684
  0.63176891111472333  0.64305873927064250  0.65430821173347908  0.66533296653832597
  0.67561879567046701  0.68532814393200114  0.69518829331485632  0.70572386014727495
  0.71579009005877892  0.72502508871648563  0.73593918816921022  0.74807552858803295
  0.75943773345316357  0.77010938254938355  0.78006405340860874  0.78942607148405564
  0.79966337109094032  0.80747337653643891  0.81660999045725335  0.82623383124658412
  0.83612600384520186  0.84607616873747327  0.85605300944446405  0.86610608268422640
  0.87680649590181436  0.88798891650732470  0.89907355176830672  0.91078039651963305
  0.92251609085208064  0.93467726905221493  0.94624272293787581  0.95782364861400637
  0.96857020989243603  0.97934177056468819  0.98938198239923436  1.00000000000000000
 -0.00219175854706898  0.00809144693862128  0.01962209483637708  0.03140190329757510
  0.04327228443500512  0.05522715889512443  0.06585589174486149  0.07669532188613262
  0.08713031235570834  0.09742002048895222  0.10793160938863429  0.11853306579585624
  0.12872355010424477  0.13897545487483509  0.14987408276574604  0.16134355075929568
  0.17301295256021207  0.18435666399825007  0.19540081559663486  0.20584763384653426
  0.21556973377190825  0.22575853007413496  0.23632116280994467  0.24719819304023447
  0.25837336901666547  0.26898237686375909  0.27924571993258801  0.28940532854201340
  0.29999834473391079  0.31070943649508570  0.32046952524182687  0.33036325401647831
  0.34056849296707614  0.35067189350035466  0.36014578549805565  0.36862942119849906
  0.37792474292389594  0.38801224475963314  0.39754193461368920  0.40664497720020248
  0.41624814007668193  0.42712563284764715  0.43781003137003882  0.44770869515523393
  0.45756124242767388  0.46726454911210330  0.47782148170965161  0.48838267070373342
  0.49808788676669646  0.50739904906905253  0.51699924842175227  0.52743603498820701
  0.53895672265860151  0.55018694532269030  0.56070964850864113  0.57079835860119144
  0.58060354248349832  0.59039224085858633  0.60036723075045018  0.61038458864849887
  0.62075089988130705  0.63093667597811931  0.64081977906060028  0.65094415614200640
  0.66158721850214863  0.67255816817666991  0.68406638567383371  0.69544461921369372
  0.70603404565951156  0.71598721021814404  0.72574819981630212  0.73560686767651584
  0.74590872496556249  0.75661147626194092  0.76781891714384920  0.77947375797720597
  0.79149660347283057  0.80391085097261472  0.81624444563885679  0.82798973968269851
  0.83933353930942578  0.85058322468340331  0.86188861938306904  0.87225114493180300
  0.88180873994793640  0.89126606274354780  0.90098159994603233  0.91160399892535904
  0.92283650317174282  0.93416108936489195  0.94542658485556674  0.95650241397050473
  0.96694929722204259  0.97704470011499545  0.98927103106629877  1.00000000000000000
 -0.00213327627123567  0.00861145517025194  0.01819954703108980  0.02823089312466959
  0.03850193458493277  0.05035011520954159  0.06307961093308094  0.07527334546370343
  0.08577387675408263  0.09599997007651570  0.10591883384133123  0.11548482055936833
  0.12510622095268625  0.13553080409411861  0.14664140096520767  0.15838995586008234
  0.16991957608320113  0.17980458991493140  0.18837153933340928  0.19720199270801644
  0.20640276169969227  0.21579835057919355  0.22526357144910134  0.23446299459236344
  0.24422221260607194  0.25539456972810354  0.26703502525517375  0.27872008630575540
  0.28957408293215142  0.29975015121440729  0.30915938784329355  0.31894839781625345
  0.32956586623960593  0.34011621535076692  0.34995381340971171  0.35947563781883057
  0.36934218280296360  0.37979695569352956  0.39110313193691632  0.40277840178900431
  0.41422912577836074  0.42540066430880835  0.43614938971310047  0.44623423216981001
  0.45598683587251782  0.46611881063670590  0.47660270794718085  0.48708409167954936
  0.49737187702643987  0.50802167783072927  0.51894949928126055  0.52916430011561788
  0.53945872983237930  0.54920618950449840  0.55788885033836966  0.56662795821945200
  0.57642761867086190  0.58710796851028024  0.59721261286792249  0.60661920872332009
  0.61747511445577352  0.62913058710861847  0.63908812014724414  0.64873410938337517
  0.65897364846566819  0.66986191311063881  0.68226859993020206  0.69451951928016387
  0.70506986938428573  0.71570542504259871  0.72588985610254009  0.73650855754046329
  0.74716331615411069  0.75737367095645125  0.76714053864195708  0.77776340958182333
  0.78922807592144262  0.80106008321276956  0.81294000728892979  0.82482266925795500
  0.83697470324301115  0.84881648580369884  0.85999343610935730  0.87069036353731255
  0.88062741950478374  0.89064271562906638  0.90085324027927216  0.91164232475295082
  0.92270153383455988  0.93363494402045222  0.94485041135754699  0.95661577221675032
  0.96786563529581260  0.97847733540008686  0.98886271768177947  1.00000000000000000
  0.18406824056317694  0.20910457257446424  0.22954572140192789  0.25983420701732174
  0.29657842151770142  0.34059352067048732  0.39032106358277224  0.44052118344296137
  0.48227487297096316  0.52307325677306415  0.55694214637425965  0.58402458965013859
  0.60233602385041163  0.61613516007193203  0.62718425461679461  0.63752854126055081
  0.64651964393325700  0.65352526029446545  0.65881015415982391  0.66314858073457972
  0.66685790729240679  0.67005566943466666  0.67278901320504980  0.67515250093321921
  0.67717628536470642  0.67899752575934635  0.68069735884350702  0.68216472333630451
  0.68346888662881344  0.68466357282783175  0.68580936171160445  0.68689397744636493
  0.68787514068277011  0.68874895376091105  0.68952727656558133  0.69021876965180851
  0.69086153269082740  0.69144801768879582  0.69202151225630426  0.69259148936856851
  0.69315054195693282  0.69370530625575777  0.69428802027320402  0.69481381252287810
  0.69530130864623407  0.69572197359872967  0.69613428862426319  0.69655438244021373
  0.69702772447439754  0.69754119672714121  0.69804569416689688  0.69851695901065292
  0.69898876260998999  0.69949206059175495  0.70002194614542190  0.70054665681108574
  0.70107812770865030  0.70161520627424212  0.70216381641339154  0.70272738034387383
  0.70331786314904998  0.70393630056761569  0.70455351604661998  0.70518861946696132
  0.70583778307314771  0.70648787827482196  0.70720956397866175  0.70792822449835513
  0.70884119593454886  0.70974325943884253  0.71061043031847781  0.71151685614794380
  0.71251196823248142  0.71346120784431033  0.71440871580490162  0.71540496947675802
  0.71652945675873492  0.71788706346644215  0.71949021230851173  0.72135681196590773
  0.72343135519643420  0.72558183048080405  0.72778689292766552  0.73038685058386088
  0.73362762555569871  0.73746519039030245  0.74182371499414435  0.74686079007122086
  0.75282515550339246  0.76006894376530942  0.76873098483250468  0.77934395152575708
  0.79230145673563857  0.81102909556532909  0.85270303965676253  1.00000000000000000
   2.2954855490109262E-009  -1.0000000000000000     
 F F F F F F F F F F F F F F F F F F F F F F F F F F F F F F F F F F F F F F F F F F F F F F F F F F F F F F F F F F F F F F F F
  <DiscreteSampler_grid>
  grouped_processes
  1 # 1 for a reference and 2 for a running grid.
  10 # Attribute 'min_bin_probing_points' of the grid.
  1 # Attribute 'grid_mode' of the grid. 1=='default',2=='initialization'
  0.0000000000000000 # Attribute 'small_contrib_threshold' of the grid.
  0.5000000000000000 # Attribute 'damping_power' of the grid.
 # binID   n_entries weight   weight_sqr   abs_weight
    19   10   2.545079518152087E+007   5.916460143453750E+015   2.545079518152087E+007
    22   10   2.545079518152087E+007   5.916460143453750E+015   2.545079518152087E+007
    25   10   2.545079518152087E+007   5.916460143453750E+015   2.545079518152087E+007
    28   10   2.545079518152087E+007   5.916460143453750E+015   2.545079518152087E+007
  </DiscreteSampler_grid>
