 -0.01538471848042570  0.10843868061691619  0.16895811649611062  0.21301953093733195
  0.24847175554175840  0.27654353223426759  0.30812382457272869  0.33735401630473066
  0.36314239208896226  0.38630346398975296  0.40991458948925713  0.43217246368102424
  0.45254975368317657  0.47213871937593022  0.49193618385963461  0.51092719179830504
  0.52870520760433459  0.54459715912666429  0.56045540440321784  0.57609127724232645
  0.59109453228900011  0.60582666716281797  0.61939003667362269  0.63121804306553686
  0.64369933076147134  0.65583710549515462  0.66696612395982668  0.67801936186389522
  0.68869379642979700  0.70014099536327290  0.71128108078343177  0.72138655894265635
  0.73089466342826559  0.74038573534432273  0.75003706712772467  0.75958970623030164
  0.76914266926107111  0.77757225940409180  0.78520723227114197  0.79237944701215079
  0.79894810707784381  0.80570266005407476  0.81338812046937070  0.82024980797426716
  0.82645494019398935  0.83220095164539265  0.83822351331742595  0.84471221031190069
  0.85129676733401205  0.85796406240485390  0.86472245631242073  0.87158254040887673
  0.87797502036510489  0.88415590188854576  0.88994238018859262  0.89438302519296176
  0.89869952037728240  0.90299552138105688  0.90722233861545643  0.91218525358294311
  0.91729187857349492  0.92196219712132965  0.92646614519565496  0.93083458701082178
  0.93536173805597123  0.94026938256819181  0.94503698289724924  0.94895145035756989
  0.95162545381096719  0.95367937008734938  0.95559315523197785  0.95726053941774147
  0.95921110979302782  0.96082367817040959  0.96213667190561125  0.96347708367104046
  0.96463260567015130  0.96577881365871465  0.96756527501163536  0.96950009688830940
  0.97116278505079789  0.97269269635797473  0.97414607950333187  0.97554721439402781
  0.97693060609497151  0.97835332098929795  0.97984201070621946  0.98134787994979256
  0.98272480082370961  0.98414719011027574  0.98564516974798588  0.98740248520527996
  0.98957380864283362  0.99202142431310980  0.99523757070600360  1.00000000000000000
  0.00000000006115424  0.00000000006507512  0.00000000006776242  0.00000000006991866
  0.00000000007188389  0.00000000007385592  0.00000000007591053  0.00000000007809400
  0.00000000008059459  0.00000000008310033  0.00000000008548342  0.00000000008771157
  0.00000000008983912  0.00000000009204600  0.00000000009420705  0.00000000009632029
  0.00000000009840144  0.00000000010060997  0.00000000010332805  0.00000000010584773
  0.00000000010808071  0.00000000011028813  0.00000000011255151  0.00000000011491294
  0.00000000011736958  0.00000000011988219  0.00000000012256880  0.00000000012552787
  0.00000000012859240  0.00000000013187837  0.00000000013505707  0.00000000013815254
  0.00000000014128329  0.00000000014460067  0.00000000014831586  0.00000000015277246
  0.00000000015768187  0.00000000016234022  0.00000000016682180  0.00000000017172854
  0.00000000017742893  0.00000000018341408  0.00000000018930396  0.00000000019548505
  0.00000000020207288  0.00000000020998989  0.00000000021881855  0.00000000022818688
  0.00000000023574091  0.00000000024310424  0.00000000025068988  0.00000000025879677
  0.00000000026922100  0.00000000027865822  0.00000000028857196  0.00000000029853021
  0.00000000030902218  0.00000000032310222  0.00000000033932513  0.00000000035687629
  0.00000000037523704  0.00000000039603491  0.00000000041766685  0.00000000043973489
  0.00000000046194235  0.00000000049092282  0.00000000052327214  0.00000000055880173
  0.00000000059497524  0.00000000063845825  0.00000000069539816  0.00000000076210562
  0.00000000083116604  0.00000000090587502  0.00000000098343821  0.00000000106442488
  0.00000000115390276  0.00000000126816826  0.00000000143078864  0.00000000164140452
  0.00000000186995541  0.00000000218667787  0.00000000265521949  0.00000000329367347
  0.00000000417640119  0.00000000532156521  0.00000000723379412  0.00000001092874350
  0.00000002020693346  0.00000005042362018  0.00000020306777471  0.00000174458290128
  0.00001386766266872  0.00037751791045673  0.15167197028842067  1.00000000000000000
 -0.00263934812387259  0.01041250300412942  0.02122392164428478  0.03108524418698576
  0.04112921752097766  0.05285108403001081  0.06323097064527150  0.07132983430350054
  0.07942898779136021  0.08847832788184887  0.09905571551404915  0.10927389213132833
  0.11897102794903217  0.12865762020590266  0.13911719125728458  0.15067733907303044
  0.16264494095127649  0.17462481799042245  0.18659814658334070  0.19866966433281441
  0.21068786055609703  0.22218051587520110  0.23347080824541291  0.24471556604244152
  0.25611358093547454  0.26752593849568068  0.27866920430291137  0.28943173850949361
  0.29996558893612230  0.31042482669699800  0.32079575163321694  0.33156968307625684
  0.34257260635896519  0.35315447665159599  0.36281183522882055  0.37198302971946384
  0.38145845939913975  0.39184562799540090  0.40270017065370117  0.41381980179397382
  0.42480183246696235  0.43533168059509797  0.44580954114200827  0.45635566569053859
  0.46707193403190334  0.47751616605825359  0.48772602037089008  0.49793965155948716
  0.50806590083275904  0.51818417640177283  0.52826195328550829  0.53839662706269376
  0.54864374345786959  0.55946480072494631  0.57005656915466585  0.58012655469624230
  0.58974957007189244  0.59967193319046108  0.60938864267243242  0.61890463283891572
  0.62784024054829224  0.63634469266189897  0.64592956643106769  0.65675518408215616
  0.66804737316138652  0.67933085631743784  0.69006402295602642  0.70054280705203698
  0.71154718994711752  0.72290871682698654  0.73387046258201372  0.74418539474773560
  0.75448646750370074  0.76548821521435750  0.77768419899667274  0.79048625751679602
  0.80125549887451630  0.81060604585627638  0.81961660708802886  0.82936350541035841
  0.83982002388878241  0.85021175336061605  0.86084934539227820  0.87158752379063220
  0.88250834803576161  0.89351107557450749  0.90396999378865117  0.91407008059545936
  0.92425960518171890  0.93447752226868341  0.94539361955974377  0.95609154953315401
  0.96737360680914930  0.97832609842815055  0.98904443265344422  1.00000000000000000
 -0.00214048050151882  0.00861489782426621  0.01751246312574526  0.02703597089405968
  0.03778787578869310  0.04920280700051496  0.06055102213529992  0.07165145240555984
  0.08244370799924293  0.09382129833082539  0.10530941670951885  0.11734166620201207
  0.12890684744731867  0.13913380783949308  0.14931812673472653  0.16004887716989452
  0.17090398317784880  0.18148510282527802  0.19208499933943060  0.20269368302294349
  0.21382963948471520  0.22470955654004554  0.23537335689519037  0.24495677833316029
  0.25507875196964269  0.26614208588587351  0.27805619561749711  0.28911197633829216
  0.29777437548613767  0.30650712576391331  0.31510377942885170  0.32482809523848843
  0.33652014169021605  0.34872863971111467  0.36060419349082462  0.37167025882429339
  0.38247442851117830  0.39222898559907726  0.40212738924875135  0.41213880555583904
  0.42285122029492866  0.43314164969000435  0.44250913948619669  0.45173706548732939
  0.46204359886942614  0.47311314237412783  0.48388646616151770  0.49435996148716826
  0.50399131090638960  0.51475497771623824  0.52532738792941869  0.53709123937199199
  0.54820805327600608  0.55871911748383940  0.56871754244980610  0.57901841597897397
  0.59018227051144290  0.60198611656066747  0.61422039747627821  0.62646890712751702
  0.63894504083219328  0.65120675281856255  0.66293436053571986  0.67375123023158645
  0.68426303125208321  0.69469812270769837  0.70490891082545049  0.71570545899746241
  0.72650062646400348  0.73774778649032058  0.74798252102641261  0.75729824668606116
  0.76687287931558012  0.77646175042597732  0.78626076556034386  0.79604052210531484
  0.80691786885645034  0.81705250088211434  0.82733426995272852  0.83654409199652613
  0.84563792580399777  0.85433334762034530  0.86272803832626976  0.87034167264834794
  0.87791248335264338  0.88699217477056325  0.89794994144012330  0.90876044476836815
  0.91958176231150957  0.93062857157857537  0.94169221378502410  0.95341185980231535
  0.96547736400684947  0.97743042771688704  0.98879369883344947  1.00000000000000000
 -0.00244060698908785  0.00878830204371569  0.02034153774516972  0.03222439322813004
  0.04386687328221453  0.05385151553737256  0.06385396407465467  0.07384526930695853
  0.08425437458455398  0.09435767112048063  0.10459782060070026  0.11257864469733624
  0.12105625691443124  0.12956166375994838  0.13962921718603741  0.15073148780753634
  0.16135383798355576  0.17156562144785470  0.18229694251929116  0.19354348158126944
  0.20513980508138818  0.21669467437226783  0.22748303101995798  0.23799859293105341
  0.24865651906945785  0.25856123041402823  0.26878570231465870  0.27907107524299196
  0.28952210488788821  0.30039732221040383  0.31104657225242083  0.32107372732391720
  0.33116182560512131  0.34122732980558057  0.35158935980005301  0.36214359324397771
  0.37276215117361572  0.38316277406309995  0.39306134183313274  0.40327718183411371
  0.41368141721114671  0.42410069620641383  0.43457943959911244  0.44541245893711606
  0.45673107991703166  0.46764747131572953  0.47869655433764602  0.48916994037291400
  0.49933497294864515  0.50949529451195597  0.52037996768380779  0.53154987146779131
  0.54251778008342388  0.55275555694629719  0.56278946604687496  0.57320923358153975
  0.58434635406875424  0.59615492993175967  0.60834373401941655  0.62033347492992430
  0.63154211705943908  0.64195362550149515  0.65211059284293060  0.66229009505573100
  0.67287586900859775  0.68444658827021809  0.69651810034215078  0.70855934179704705
  0.71921039855767932  0.72865843509955397  0.73739374118777201  0.74631677156892229
  0.75488497826611123  0.76384481845387386  0.77360362794773518  0.78373361649312445
  0.79324877692685292  0.80361899925854274  0.81485682558084471  0.82617238703771134
  0.83693731329899790  0.84640372883642201  0.85621222553942067  0.86616408780083376
  0.87717232664465894  0.88873147293439880  0.90062695347198896  0.91259475481524388
  0.92387106468124647  0.93465177540643063  0.94530476507191064  0.95577719394388772
  0.96631110852596525  0.97699131715780507  0.98723201602548250  1.00000000000000000
  0.18598692725528690  0.20576241682906993  0.22300487534380486  0.24673745848395895
  0.27449684663416835  0.30285576973132150  0.34103194446614044  0.38787655133695914
  0.43899986659524659  0.48476744832758800  0.52052387731844907  0.54788027851231669
  0.57189547232493410  0.59124184260678325  0.60806039383489463  0.62203580292802341
  0.63371542512954737  0.64305680794140063  0.65047114271465412  0.65642624751063694
  0.66155553707756010  0.66582874656413082  0.66914783914271614  0.67189898657325386
  0.67440357979529819  0.67669245332685468  0.67871873524755444  0.68051032305788584
  0.68209979638022311  0.68347660545740008  0.68466629279131841  0.68571763431637744
  0.68668352657001919  0.68761234377916469  0.68849111016952125  0.68929298714148712
  0.69003697577238765  0.69076794980261225  0.69146699126623090  0.69211881710556034
  0.69272370044909970  0.69330722034699332  0.69387904286963908  0.69442824022980765
  0.69497976632644765  0.69551738200447522  0.69602866692403187  0.69653886186949410
  0.69704325042500948  0.69754528749441647  0.69802552352408254  0.69847864467502652
  0.69892510933282814  0.69939674932436768  0.69990340052791566  0.70041421410941684
  0.70093311412714332  0.70145989529977371  0.70198240128574996  0.70255084192708173
  0.70313390803306008  0.70374567000572730  0.70432578744389085  0.70495568023931254
  0.70560821811763930  0.70628930116807742  0.70705231729602958  0.70783511731125104
  0.70860998294173738  0.70941011992920089  0.71025349598539456  0.71110669410206706
  0.71202970489270434  0.71304593662376459  0.71415219384829964  0.71544979145957621
  0.71690904891618235  0.71857027820313457  0.72032996272223371  0.72212151258402668
  0.72407559314671033  0.72629268756346677  0.72892638687368694  0.73204444791420620
  0.73561277689821292  0.73972910257431779  0.74461355584213562  0.75008711356418756
  0.75507635038078136  0.75948608384503968  0.76456827372134550  0.77177116246261102
  0.78401159197910752  0.80206352039657836  0.83759266302360802  1.00000000000000000
   2.4849111462974004E-009  -1.0000000000000000     
 F F F F F F F F F F F F F F F F F F F F F F F F F F F F F F F F F F F F F F F F F F F F F F F F F F F F F F F F F F F F F F F F
  <DiscreteSampler_grid>
  grouped_processes
  1 # 1 for a reference and 2 for a running grid.
  10 # Attribute 'min_bin_probing_points' of the grid.
  1 # Attribute 'grid_mode' of the grid. 1=='default',2=='initialization'
  0.0000000000000000 # Attribute 'small_contrib_threshold' of the grid.
  0.5000000000000000 # Attribute 'damping_power' of the grid.
 # binID   n_entries weight   weight_sqr   abs_weight
    19   10   3.900859742727389E+006   7.460016443687588E+013   3.900859742727389E+006
    22   10   3.900859742727389E+006   7.460016443687588E+013   3.900859742727389E+006
    25   10   3.900859742727389E+006   7.460016443687588E+013   3.900859742727389E+006
    28   10   3.900859742727389E+006   7.460016443687588E+013   3.900859742727389E+006
  </DiscreteSampler_grid>
