 -0.01183701725574804  0.09587761885881332  0.15535216777499031  0.19900377890389559
  0.23284185821462761  0.26425769780962249  0.29518957705315263  0.32366340140968280
  0.35075095670200163  0.37503872877284189  0.39228545389538549  0.40833446677508195
  0.42658750502756293  0.44583282780988520  0.46323177841441854  0.47848820818266069
  0.49429824688177165  0.51135584541024437  0.52974667322317248  0.54687374170340575
  0.56243221572911095  0.57479595268910477  0.58749909276611634  0.59993957670019260
  0.61236239651718372  0.62455684971602343  0.63586504511165864  0.64609271462745310
  0.65680791968027830  0.66784747643584963  0.68056032214458007  0.69259945627471087
  0.70433608593093677  0.71561791804657526  0.72653910914056807  0.73632919905911309
  0.74539679412698101  0.75358516015326049  0.76214191731962722  0.77078215784774895
  0.77881991343104162  0.78642128007526113  0.79346396729544766  0.79976915138589488
  0.80698821384964559  0.81397749521064422  0.82168312922132469  0.82949175781883711
  0.83769514034264814  0.84551131359463760  0.85271381464587215  0.85910440720895365
  0.86508227431995610  0.87116220536967548  0.87753197123733750  0.88385047441828590
  0.89024771757175170  0.89640124991209291  0.90263235922776597  0.90880640450534678
  0.91451369157191298  0.91949697745337744  0.92385154499716204  0.92799556776133529
  0.93252316654538725  0.93730651292693912  0.94167783652216508  0.94534435195080502
  0.94876701981599221  0.95184122495091872  0.95470938586597898  0.95750429531719383
  0.96028505501924755  0.96245126551419768  0.96480140217991162  0.96727986966549451
  0.96959503751311793  0.97170755364380712  0.97375097079875905  0.97549638746246758
  0.97708279943668175  0.97864030919835088  0.98019853138448354  0.98170777457271674
  0.98322707204318405  0.98442660583258557  0.98548692511296687  0.98653074016699904
  0.98755364427662484  0.98855688848747625  0.98970491901136270  0.99079236161244966
  0.99205134183510268  0.99348428999977667  0.99487748441602808  1.00000000000000000
  0.00000000000357285  0.00000000000457030  0.00000000000564857  0.00000000000681507
  0.00000000000790902  0.00000000000910741  0.00000000001035077  0.00000000001153600
  0.00000000001286525  0.00000000001420856  0.00000000001540327  0.00000000001662072
  0.00000000001791697  0.00000000001921264  0.00000000002050719  0.00000000002201812
  0.00000000002362783  0.00000000002494212  0.00000000002626597  0.00000000002759748
  0.00000000002902460  0.00000000003061857  0.00000000003258013  0.00000000003457174
  0.00000000003653244  0.00000000003854141  0.00000000004060254  0.00000000004261922
  0.00000000004452272  0.00000000004640907  0.00000000004848400  0.00000000005068740
  0.00000000005297895  0.00000000005667352  0.00000000006015106  0.00000000006336765
  0.00000000006670603  0.00000000007008854  0.00000000007350251  0.00000000007707390
  0.00000000008083535  0.00000000008510761  0.00000000009010294  0.00000000009569406
  0.00000000010153606  0.00000000010790292  0.00000000011523416  0.00000000012259066
  0.00000000013048223  0.00000000013923926  0.00000000014945128  0.00000000016149873
  0.00000000017367252  0.00000000018429899  0.00000000019336973  0.00000000020160326
  0.00000000021068114  0.00000000022051611  0.00000000023290588  0.00000000024827460
  0.00000000026551007  0.00000000028552194  0.00000000030674197  0.00000000032852922
  0.00000000034923058  0.00000000037170762  0.00000000039757728  0.00000000042919646
  0.00000000046485158  0.00000000050102018  0.00000000054078063  0.00000000058066140
  0.00000000063404545  0.00000000069852427  0.00000000077573710  0.00000000086787089
  0.00000000097348641  0.00000000109952919  0.00000000123459033  0.00000000138574507
  0.00000000160578623  0.00000000190283240  0.00000000221793455  0.00000000256335534
  0.00000000309182190  0.00000000407848983  0.00000000624084413  0.00000000964308945
  0.00000001679576635  0.00000003879779491  0.00000015504892083  0.00000089061118894
  0.00000683765930576  0.00008440046876580  0.00573821227871499  1.00000000000000000
 -0.00343436179877256  0.01190749084639397  0.02070221045511916  0.03072333238314878
  0.04036473892027713  0.05030140505406067  0.06147869389353483  0.07198621252515171
  0.08213403609173485  0.09178720771850414  0.10145306994887254  0.11216563562412463
  0.12258880799034257  0.13378251578394271  0.14538880826908904  0.15615077998303414
  0.16596274228304575  0.17490790875447906  0.18401156163938084  0.19379311407111907
  0.20394363462574719  0.21528243826595803  0.22644101736333563  0.23756581397832194
  0.24888819435303552  0.25938374948106513  0.26985752385046402  0.28018384552875891
  0.29097879152180178  0.30151621571694698  0.31185882964353090  0.32150386365849071
  0.33120576713811317  0.34077376004065840  0.35001321869960977  0.36014699715289733
  0.37074001797811151  0.38285402220414594  0.39502357857188286  0.40704227467161069
  0.41910596581357101  0.43135375630593037  0.44323825870516559  0.45503786305497040
  0.46641667594505515  0.47761168001771998  0.48863285748965080  0.49918458532952176
  0.50990118006609075  0.52065140355328354  0.53194235113273969  0.54311275733376196
  0.55389862530935008  0.56463890499413794  0.57552009355642575  0.58640712271006656
  0.59757211484230977  0.60912941033870249  0.62108500773737818  0.63264320069039781
  0.64460431444878008  0.65520274915613563  0.66412765439523058  0.67276154045211789
  0.68110887681368482  0.68908594401774492  0.69805073021902175  0.70903310872738934
  0.72064153746256276  0.73201053098182678  0.74279745262608854  0.75345078797492404
  0.76477836647441311  0.77685878171075118  0.78873729134609760  0.80070557516216667
  0.81187051983024883  0.82249039159008130  0.83266855443073706  0.84273235885651410
  0.85308785249735708  0.86424431746585684  0.87515521039926647  0.88571695173629750
  0.89638128023167984  0.90616784458048272  0.91365253350416442  0.92149361959553389
  0.92939797178194750  0.93927159718104536  0.95046998285284390  0.96111998525919906
  0.97045592403173009  0.97940632026418417  0.98777027429411068  1.00000000000000000
 -0.00161803620053676  0.00677842761901324  0.01647212503250819  0.02505198716247314
  0.03328832789654489  0.04280567715341847  0.05286306624807981  0.06272668964669427
  0.07364851068090600  0.08557489563756358  0.09646486204908188  0.10591848920236971
  0.11463568322066756  0.12288083810283731  0.13240845134510762  0.14345641578949589
  0.15512633583408122  0.16712215442618153  0.17943737377204472  0.19193667251208038
  0.20414919682423965  0.21587659265460493  0.22691213318888942  0.23759525352667429
  0.24829138839412684  0.25933695452214856  0.26858072116827036  0.27677651506273510
  0.28578742288083120  0.29515108848925997  0.30599005967797771  0.31856422118560007
  0.33077011634344189  0.34173400070252580  0.35206100574417826  0.36207757367629773
  0.37313658539775363  0.38350232424921660  0.39192855485156403  0.40000170285939002
  0.40962755504041293  0.42069175690120680  0.43355464830273932  0.44713899212868446
  0.45995364313324533  0.47055872916320146  0.47987108829428687  0.48947144708197454
  0.49927361635744910  0.51038292908106364  0.52227970658955170  0.53383415468244078
  0.54605990406362281  0.55720201293461658  0.56741252899461048  0.57745441007461462
  0.58738535836115813  0.59755850636080488  0.60961079465106949  0.62097716761794863
  0.63128384569837459  0.64070742161967842  0.65088988536899239  0.66287979409507580
  0.67432082998861853  0.68438098329334296  0.69445476628489899  0.70505793713095155
  0.71551559258775266  0.72552255957953649  0.73531605484786233  0.74487617607362488
  0.75402313468421267  0.76417155946219351  0.77531152004304860  0.78751409695083108
  0.79997368429236204  0.81117151844145630  0.82315568925736959  0.83396638371344822
  0.84241165213051761  0.85094562458200740  0.85966227437686138  0.86781222276938197
  0.87821958220920393  0.89006978899200773  0.90168853852904784  0.91371511760516555
  0.92589771347229421  0.93785232462320711  0.94935155208812438  0.96055262518727103
  0.97121281181038865  0.98110568934191300  0.99059431946401433  1.00000000000000000
 -0.00242209712912668  0.00914780246805160  0.02130190759292277  0.03208642396751844
  0.04309752441256347  0.05449503462175155  0.06659120619643631  0.07775379306874231
  0.08925891668681223  0.10002496466137301  0.11047322977320408  0.12080568742519447
  0.13108314379242134  0.14267619462000919  0.15260615473255199  0.16253062028999005
  0.17239961907800791  0.18286404083039115  0.19416663447451560  0.20570974765562727
  0.21523319675831690  0.22527760287280868  0.23555828818139274  0.24633011636681176
  0.25691646149582703  0.26738144303258904  0.27816275755085040  0.28949329133637464
  0.30055620751054085  0.31100597234347210  0.32114341826034271  0.33131211952474143
  0.34205496147208786  0.35315107263895967  0.36514779328216718  0.37784022637558257
  0.39047250800027039  0.40264542787017082  0.41423694888319962  0.42562377181773953
  0.43708845850258304  0.44854221811272904  0.45979040246360775  0.47055634725806933
  0.48071750834508259  0.49098605369225956  0.50161913928860391  0.51250894478929676
  0.52342929788763826  0.53431052152976821  0.54495461735146922  0.55510674738192556
  0.56499303381179711  0.57507926600229742  0.58585848817270736  0.59669199883393975
  0.60736840835750461  0.61844090673044350  0.62991748981279183  0.64136507003639309
  0.65267871017541845  0.66364554061296332  0.67484742497124028  0.68609993334884711
  0.69752240348324979  0.70781787228220838  0.71704800087755904  0.72623066886870513
  0.73553447508360459  0.74486355053757425  0.75615268589539053  0.76803608630744169
  0.77966933677355310  0.79048541128406602  0.80104597898256358  0.81150335695448683
  0.82121214136294363  0.83043119803541077  0.83955860321779929  0.85035589448541660
  0.86245391706037511  0.87276574663360651  0.88124017564554602  0.88982926316240241
  0.89811700364407143  0.90704052187843676  0.91693414319447819  0.92613783701179642
  0.93482817548582098  0.94333445876618061  0.95218762498299336  0.96148296963148749
  0.97049313252859781  0.97935329353530587  0.98923210380767690  1.00000000000000000
  0.18611669357456034  0.20061059614091564  0.21757963479632195  0.23974345060306398
  0.27296359495444078  0.31381574606263379  0.35782872604038057  0.40524947100452202
  0.45046462525222797  0.49070449187333409  0.52528922564891067  0.55749822255322889
  0.58489536286279042  0.60597235167086316  0.62036214594423511  0.63115299940748937
  0.63904664591987148  0.64634747347133858  0.65200240440494672  0.65659629447082557
  0.66086871343500697  0.66480092113972900  0.66845878764657141  0.67178375349625974
  0.67452393516346820  0.67683155464561628  0.67867443380939751  0.68018371759147123
  0.68150730578214669  0.68267256402747356  0.68372609530702189  0.68464172325069517
  0.68561139779014901  0.68652029826815342  0.68736388535839354  0.68814183478790580
  0.68891207672862009  0.68960908359221085  0.69026802684415944  0.69096142724066900
  0.69167531270689664  0.69231843699637763  0.69282526906508957  0.69326875460441872
  0.69366849607331948  0.69408074913616602  0.69459726933611898  0.69509789418016521
  0.69555593921854864  0.69601088896239272  0.69648904130940237  0.69698140024308441
  0.69747507149195231  0.69797220882253541  0.69846255235193055  0.69891550868200392
  0.69937474265980515  0.69983409390055618  0.70032642085295727  0.70086256975600403
  0.70137482460278866  0.70188421710881255  0.70242431672479166  0.70302183439999877
  0.70372301408364224  0.70442789046374521  0.70513496773130524  0.70581917253889737
  0.70650466057068773  0.70722754593966963  0.70798655120111476  0.70878137217985926
  0.70960327302863824  0.71048868735325443  0.71151173904587672  0.71272383033203568
  0.71409203056591120  0.71552898308003021  0.71702479796490981  0.71863776886793151
  0.72049005426736157  0.72270605872853610  0.72530114553790626  0.72819553383535396
  0.73130513526427487  0.73485878848353536  0.73907332911461432  0.74403298275217711
  0.74987153155049480  0.75722980667776452  0.76558432834030465  0.77444578363227656
  0.78544252799803937  0.80336620750183818  0.84140354146857588  1.00000000000000000
   2.6540255520118327E-009  -1.0000000000000000     
 F F F F F F F F F F F F F F F F F F F F F F F F F F F F F F F F F F F F F F F F F F F F F F F F F F F F F F F F F F F F F F F F
  <DiscreteSampler_grid>
  grouped_processes
  1 # 1 for a reference and 2 for a running grid.
  10 # Attribute 'min_bin_probing_points' of the grid.
  1 # Attribute 'grid_mode' of the grid. 1=='default',2=='initialization'
  0.0000000000000000 # Attribute 'small_contrib_threshold' of the grid.
  0.5000000000000000 # Attribute 'damping_power' of the grid.
 # binID   n_entries weight   weight_sqr   abs_weight
    19   10   1.963747165821652E+004   1.129365308208786E+009   1.963747165821652E+004
    22   10   1.963747165821652E+004   1.129365308208786E+009   1.963747165821652E+004
    25   10   1.963747165821652E+004   1.129365308208786E+009   1.963747165821652E+004
    28   10   1.963747165821652E+004   1.129365308208786E+009   1.963747165821652E+004
  </DiscreteSampler_grid>
