 -0.01234403868315337  0.09811395148013217  0.15591685009261561  0.20063157570010626
  0.23824221865562717  0.27382249589859681  0.30361873553860097  0.32954116094056446
  0.35761430175404790  0.38549434210859895  0.41023489184334805  0.43350415715490198
  0.45651078772303144  0.47869470583076434  0.50016315525518440  0.52111093267389808
  0.54111978592654730  0.55998827713309873  0.57891469665386519  0.59676011721464461
  0.61411521183560425  0.63100827868875642  0.64663228374136428  0.66137605003885180
  0.67631559941727781  0.69315642773181252  0.70869140546737031  0.72259738661985351
  0.73360081119636911  0.74295588972432514  0.75301483487272836  0.76450447924893317
  0.77545336877254223  0.78619616141458626  0.79666011789921964  0.80665775953510166
  0.81559632207207311  0.82358249808717487  0.83040267323302308  0.83674827158433807
  0.84288121300410135  0.84873951900292688  0.85391917066192002  0.85789879754789311
  0.86289343899262128  0.86851230116498457  0.87504294905522462  0.88094085677980483
  0.88626489507176831  0.89055801516926658  0.89467100720322601  0.89907004219534137
  0.90432269437152724  0.90948059878742338  0.91368743104407324  0.91748844035966826
  0.92107937060037548  0.92464701827578466  0.92829097090485713  0.93238032215502764
  0.93620411129099379  0.93995395345863841  0.94371824044783503  0.94707246482484830
  0.95034888316085964  0.95329961753209247  0.95570380503428198  0.95782121496456285
  0.95991487571800682  0.96201489096205650  0.96416513466473952  0.96651026639026827
  0.96837933325586534  0.97016464867211738  0.97188619940132359  0.97360103116960217
  0.97566483599427023  0.97791948623398783  0.97993493169414547  0.98189608876317724
  0.98372547613973282  0.98476879673621265  0.98517225218115090  0.98557570762608926
  0.98597947264330588  0.98638342823282288  0.98678780752603512  0.98719753434582047
  0.98760726116560593  0.98851917856869687  0.98995870295655075  0.99154025138006496
  0.99301916840408866  0.99395739403311112  0.99477437796083956  1.00000000000000000
  0.00000000022134525  0.00000000022937164  0.00000000023489955  0.00000000023909035
  0.00000000024403367  0.00000000024929175  0.00000000025450287  0.00000000025972712
  0.00000000026345910  0.00000000026759832  0.00000000027246236  0.00000000027772927
  0.00000000028328889  0.00000000028872212  0.00000000029419417  0.00000000029996290
  0.00000000030523905  0.00000000031215981  0.00000000031902009  0.00000000032643415
  0.00000000033458485  0.00000000034274970  0.00000000035148127  0.00000000036092740
  0.00000000037103263  0.00000000038346511  0.00000000039655153  0.00000000040935220
  0.00000000042118846  0.00000000043283090  0.00000000044503938  0.00000000045830630
  0.00000000047233300  0.00000000048510730  0.00000000049766107  0.00000000051013884
  0.00000000052234176  0.00000000053545929  0.00000000054915642  0.00000000056423840
  0.00000000058236950  0.00000000060338947  0.00000000062417034  0.00000000064450979
  0.00000000066572541  0.00000000068707547  0.00000000071305554  0.00000000073943019
  0.00000000076681532  0.00000000079918207  0.00000000083663123  0.00000000087713315
  0.00000000092198756  0.00000000096800027  0.00000000101552539  0.00000000106572321
  0.00000000112331731  0.00000000118746601  0.00000000125875406  0.00000000133331148
  0.00000000142275951  0.00000000151100029  0.00000000159825310  0.00000000167596798
  0.00000000175793896  0.00000000185365913  0.00000000196770574  0.00000000211835326
  0.00000000228550263  0.00000000248725208  0.00000000271903963  0.00000000297328712
  0.00000000324204457  0.00000000353509913  0.00000000389905621  0.00000000435194777
  0.00000000487338073  0.00000000559249060  0.00000000657613293  0.00000000779759184
  0.00000000963733956  0.00000001239865846  0.00000001611513138  0.00000002232320932
  0.00000003307990639  0.00000005750878340  0.00000011675446140  0.00000030447729036
  0.00000090893063739  0.00000288501746569  0.00001393639668934  0.00006217000163098
  0.00071345829721452  0.02084120726049967  0.59060092136194209  1.00000000000000000
 -0.00237008898661159  0.00839243150544242  0.01958476170902275  0.03075160636980520
  0.04198236338726578  0.05301750362859112  0.06387556789133246  0.07513072407944135
  0.08639694938584550  0.09766214227252883  0.10859764379520620  0.11991217108132037
  0.13146863541752660  0.14263586993268915  0.15344045861507932  0.16383304034388924
  0.17420176903303625  0.18470563711490764  0.19401614406633128  0.20292133271837851
  0.21191227985276104  0.22060439830462905  0.22904028099577786  0.23874860782037571
  0.24888377934908310  0.25867954140244481  0.26871503291160070  0.27920484119767847
  0.28915588979070550  0.29916474232385631  0.30865273791932657  0.31871574054945812
  0.32871602491647867  0.33911203083247038  0.34989127404671949  0.36121954998008826
  0.37248121971214160  0.38292050105456155  0.39304762647457619  0.40329719109991352
  0.41382497598004503  0.42507531408638544  0.43651480355310035  0.44767930091817387
  0.45825925412741869  0.46872777331620075  0.47877318602672453  0.48873357094835918
  0.49914778543578103  0.50990168930650304  0.52114408331257978  0.53218829055199035
  0.54331446783566906  0.55499720346819126  0.56687349414636579  0.57894158187249933
  0.59008121626317767  0.59987795704300284  0.60927318850987000  0.61909256030947968
  0.62850235322507908  0.63778807129624993  0.64839954230263630  0.65938996459305677
  0.67028088836965194  0.68085852909825872  0.69091649633552765  0.70080484675555166
  0.71094047001944294  0.72151826484508841  0.73235227112072754  0.74248534710298875
  0.75259019215343437  0.76345713301189044  0.77386784223152338  0.78436273920606836
  0.79525600928968254  0.80709039343976230  0.81764638110868415  0.82788692141071829
  0.83872911745343848  0.85045669155499781  0.86158482315764795  0.87163800499174737
  0.88176478850670781  0.89248160426487622  0.90412404733666929  0.91426000546346886
  0.92435376110973688  0.93429748801095136  0.94524671089625356  0.95635941708674577
  0.96751421460579357  0.97780180884146939  0.98944415704836741  1.00000000000000000
 -0.00198167428000309  0.00850048154589554  0.01693580728616395  0.02418623847616422
  0.03302417938944866  0.04411278764107873  0.05484199783107258  0.06530339858009460
  0.07584292748945377  0.08679344963523553  0.09820673623680516  0.10997233831022966
  0.12152260077367605  0.13273223593658812  0.14324397199427405  0.15346220867195259
  0.16382203594623121  0.17419245143839007  0.18438130849355769  0.19439247330031342
  0.20431339987930416  0.21412815674714167  0.22436852769428309  0.23507942644740076
  0.24577186615133895  0.25581130918076234  0.26549897694636992  0.27552609447220505
  0.28606898210725812  0.29702857327808685  0.30799786347740027  0.31820386147778412
  0.32829925160224416  0.33850274434340083  0.34932364941372956  0.36048563221269320
  0.37133563594607211  0.38212428659413827  0.39321225173285768  0.40412285161828732
  0.41433996876246043  0.42421567696526236  0.43428848237331341  0.44503121517963695
  0.45607956207892025  0.46671595596130927  0.47726585766811974  0.48808327779565519
  0.49903670837199798  0.50967690135867794  0.52023081322822651  0.53095985795489475
  0.54140727347520612  0.55133338173215296  0.56149757528539035  0.57187114929880822
  0.58248598810849728  0.59282507118274674  0.60261271115965387  0.61195977272898860
  0.62154638082200031  0.63185872176631042  0.64338501813881621  0.65567116899739641
  0.66779251073828538  0.67938191769410761  0.69084653315433042  0.70155900185529219
  0.71129460695587698  0.72075201166157599  0.73082179280657877  0.74160240948953415
  0.75260341902259786  0.76331478408237174  0.77411631510911139  0.78569330980585383
  0.79709390429603821  0.80760441491107338  0.81751327660504414  0.82724595746431429
  0.83750401370394334  0.84876381123216971  0.85989071142828888  0.87087019999841764
  0.88121486355619172  0.89116522458326730  0.90120193733315512  0.91057742948626019
  0.91986038897408740  0.93060265589212543  0.94175845031712702  0.95251129967199577
  0.96339642747201304  0.97493989725156827  0.98746713441767997  1.00000000000000000
 -0.00230019329181981  0.00953279269693573  0.01976798842524429  0.03107169918699515
  0.04054307989970427  0.05194689182086117  0.06194442627853358  0.07256537818710425
  0.08356367322680729  0.09512718971164061  0.10681375627812847  0.11818368718766756
  0.12917236978301075  0.14020995668540015  0.15042132798630253  0.16113046886131704
  0.17153653285784512  0.18196307749462873  0.19215913025056539  0.20226505667780623
  0.21290415539607827  0.22350948673954199  0.23410979301322521  0.24538688344268042
  0.25659572497408167  0.26734841969028306  0.27684516836428741  0.28511756889283280
  0.29224125424362402  0.29981904771790008  0.30903720309929306  0.31847854897771999
  0.32888741110527164  0.33982262524584300  0.34962922951154585  0.36001723593158785
  0.37068596011644506  0.38179763859464261  0.39231505415525869  0.40084985540209650
  0.41009433318418453  0.41930079530428610  0.42816355277542034  0.43678250092785481
  0.44566483532616691  0.45576138382525960  0.46675628950465914  0.47776068372494490
  0.48813093517611877  0.49855500022987470  0.50946402091266596  0.52127921327664917
  0.53247287972073754  0.54323326144039963  0.55334174287293381  0.56266337959322477
  0.57245039542966436  0.58301032946530218  0.59354468679427197  0.60471687608831270
  0.61562381308365299  0.62637129312379602  0.63697441509296526  0.64942185993950030
  0.66081045282062956  0.67196876243542192  0.68308267095040598  0.69454910249348545
  0.70609435550630850  0.71749481545408833  0.72837063245364997  0.73921385910263115
  0.75025703007310363  0.76130547861765552  0.77208455382760499  0.78248563820211747
  0.79271313190018344  0.80326879540449558  0.81476107958812649  0.82611098564212249
  0.83663482442564607  0.84684401942931098  0.85680964621979716  0.86671138702720141
  0.87680552998496430  0.88736173098526916  0.89810368817031938  0.90924360566467899
  0.92071184227177794  0.93220856840818633  0.94318169935847262  0.95331637514926360
  0.96367561229533871  0.97506213505539530  0.98751048455808177  1.00000000000000000
  0.18544087310910992  0.20674339316593940  0.22601400608179598  0.25485997015463552
  0.29519660846436591  0.34330658879895798  0.39201373360304581  0.44392138402558984
  0.49013617534730247  0.52686498441027119  0.55662779843074039  0.58129706622315580
  0.60149609989846764  0.61675369399989100  0.62855658444949125  0.63822977006529236
  0.64587879065333675  0.65224296250974867  0.65734916744608729  0.66187569771056465
  0.66572793003859354  0.66886933804155202  0.67156920344801341  0.67399432737048204
  0.67630272283631510  0.67843254082397342  0.68036772111316524  0.68198980786692187
  0.68338593285621552  0.68464654769445454  0.68583242281371992  0.68693241176662534
  0.68793547216967221  0.68883513108800276  0.68963422898415305  0.69036278967007814
  0.69106520009455419  0.69171568048034004  0.69237002698972960  0.69301901687818201
  0.69364756005803030  0.69423089068300659  0.69476793288006000  0.69528875750123498
  0.69580543301687925  0.69631504521431198  0.69683601315638077  0.69736561725596968
  0.69787815954203369  0.69839193454419579  0.69890526969485556  0.69943578626399050
  0.69997454504072998  0.70051273085943067  0.70104017232324933  0.70157898527600071
  0.70211701405746341  0.70268264218357013  0.70329297773919452  0.70391824476659981
  0.70455270692326033  0.70516405626363587  0.70581268933409791  0.70650950456994177
  0.70724040508637609  0.70800136032243222  0.70879080254445681  0.70961599560591349
  0.71041559941957033  0.71121336495472709  0.71199915252610724  0.71287938295410025
  0.71388635559454772  0.71492788430357956  0.71590953656072287  0.71689489306649312
  0.71844987192651932  0.72023299556480402  0.72203301506712547  0.72397618420136756
  0.72618247969150562  0.72863212761196061  0.73139190316969072  0.73449712434725833
  0.73819016904062695  0.74243013504827149  0.74731533164320241  0.75278242953857377
  0.75903783835549132  0.76637387875817597  0.77546983005851300  0.78803532042167002
  0.80571305022376816  0.83199799819676468  0.89063784977737559  1.00000000000000000
   2.2999236544587905E-009  -1.0000000000000000     
 F F F F F F F F F F F F F F F F F F F F F F F F F F F F F F F F F F F F F F F F F F F F F F F F F F F F F F F F F F F F F F F F
  <DiscreteSampler_grid>
  grouped_processes
  1 # 1 for a reference and 2 for a running grid.
  10 # Attribute 'min_bin_probing_points' of the grid.
  1 # Attribute 'grid_mode' of the grid. 1=='default',2=='initialization'
  0.0000000000000000 # Attribute 'small_contrib_threshold' of the grid.
  0.5000000000000000 # Attribute 'damping_power' of the grid.
 # binID   n_entries weight   weight_sqr   abs_weight
    19   10   3.062823878540494E+004   2.273568257849975E+009   3.062823878540494E+004
    22   10   3.062823878540494E+004   2.273568257849975E+009   3.062823878540494E+004
    25   10   3.062823878540494E+004   2.273568257849975E+009   3.062823878540494E+004
    28   10   3.062823878540494E+004   2.273568257849975E+009   3.062823878540494E+004
  </DiscreteSampler_grid>
