 -0.01331413270336714  0.09789832440754545  0.14848135679696076  0.18974693014345587
  0.22445054915976484  0.25605738081062496  0.28707330723587227  0.31680594790370875
  0.34644027426889767  0.37575558454556141  0.40435849920494810  0.42617959728167376
  0.44634908898278919  0.46685858926042445  0.48740373365318068  0.50738918804210875
  0.52709476046885095  0.54588441079890548  0.56649339795608433  0.58515078944316001
  0.60032183404039341  0.61355218289785374  0.62777638496453902  0.64144076178257403
  0.65544655033664190  0.66984019214552570  0.68332845800279152  0.69459358806390314
  0.70490110374741277  0.71621378891896947  0.72893417886149525  0.74004695555648226
  0.75115914578196197  0.76119388602260474  0.76909940864254700  0.77624908890604438
  0.78278099531252554  0.78850111511865451  0.79533991130050841  0.80407899766327595
  0.81377569596157362  0.82309363385745027  0.83159249020370107  0.83932876880120078
  0.84594934041123626  0.85223170611315391  0.85900764650116168  0.86640706383112709
  0.87397331739220341  0.88113399890038457  0.88785670379197235  0.89376235814748861
  0.89769044774189866  0.90156252749918042  0.90528825015369951  0.90906949865112963
  0.91276170078390451  0.91542880710757080  0.91791860657416324  0.92023317425266093
  0.92238217024109215  0.92460252625313155  0.92825455333430307  0.93219423237374610
  0.93612677788043075  0.93943174785927597  0.94252631605897286  0.94553950175850177
  0.94842773966977045  0.95113264871520953  0.95376759537222289  0.95635311787102772
  0.95882604351927136  0.96160163599636816  0.96434895989743719  0.96683593000605195
  0.96911170755097020  0.97128677145498188  0.97338610097092593  0.97534997680633906
  0.97696449096852844  0.97863300747755533  0.98009112976194346  0.98137503152519090
  0.98251232627903951  0.98353829170538454  0.98453302166948065  0.98575097994237837
  0.98691181299524777  0.98800574444008393  0.98907971587025589  0.99018376801856922
  0.99139854285151419  0.99328651303304405  0.99499614876717013  1.00000000000000000
  0.00000000007964305  0.00000000008334824  0.00000000008573958  0.00000000008765394
  0.00000000008949844  0.00000000009144689  0.00000000009351798  0.00000000009532105
  0.00000000009711398  0.00000000009888665  0.00000000010071237  0.00000000010257528
  0.00000000010502512  0.00000000010763762  0.00000000011070271  0.00000000011415345
  0.00000000011760985  0.00000000012103924  0.00000000012562094  0.00000000013031809
  0.00000000013494562  0.00000000013940224  0.00000000014352643  0.00000000014718825
  0.00000000015095332  0.00000000015501210  0.00000000015922328  0.00000000016355172
  0.00000000016786000  0.00000000017263730  0.00000000017822435  0.00000000018404286
  0.00000000018995194  0.00000000019592851  0.00000000020260509  0.00000000021055303
  0.00000000021980099  0.00000000022950059  0.00000000023856694  0.00000000024835104
  0.00000000025819648  0.00000000026874298  0.00000000028170767  0.00000000029576162
  0.00000000030825210  0.00000000032184587  0.00000000033529924  0.00000000034900812
  0.00000000036233934  0.00000000037512390  0.00000000039007434  0.00000000040842725
  0.00000000043006650  0.00000000045317824  0.00000000047631130  0.00000000049979217
  0.00000000052468284  0.00000000055165642  0.00000000058239257  0.00000000061198633
  0.00000000063852947  0.00000000066795363  0.00000000069877862  0.00000000072842310
  0.00000000075816834  0.00000000079695146  0.00000000084556585  0.00000000089605364
  0.00000000095604710  0.00000000104897426  0.00000000116208360  0.00000000126473807
  0.00000000135850163  0.00000000146430297  0.00000000158373767  0.00000000173325242
  0.00000000190151556  0.00000000210648790  0.00000000240648080  0.00000000278945283
  0.00000000335103317  0.00000000401428605  0.00000000477522523  0.00000000596583594
  0.00000000825198786  0.00000001288254935  0.00000002177564665  0.00000003987983547
  0.00000013568159311  0.00000052890710388  0.00000281922377543  0.00002014483156145
  0.00016250971051286  0.01069949700971754  0.58707545104211278  1.00000000000000000
 -0.00279742849998739  0.00999385419256557  0.02151997015731856  0.03254916564170034
  0.04369094129789493  0.05514653573816961  0.06681459236248852  0.07838035623032250
  0.08968147645291828  0.10115462651029734  0.11271506228430389  0.12413253551429893
  0.13595022315548275  0.14736213565830972  0.15811221282050966  0.16896443950274687
  0.18004818916993726  0.19154538244087452  0.20235019360666559  0.21201338265326233
  0.22169182728237330  0.23134803750217364  0.24137299790789393  0.25167614481036410
  0.26170555233013837  0.27182792247862297  0.28315554503798118  0.29491198025235715
  0.30709738336638742  0.31819977432735874  0.32786749419950928  0.33748359623854229
  0.34765581402145224  0.35717614748086735  0.36555250762400010  0.37483689972340256
  0.38634121690655931  0.39759997555605386  0.40819494492838571  0.41788821639009543
  0.42735561648496567  0.43701123994690472  0.44840721387958504  0.46060797269201192
  0.47267154394766014  0.48412188512850846  0.49509904225789692  0.50608168970961065
  0.51724195007788276  0.52863234270844484  0.53996261537743573  0.55140002486935447
  0.56313951900831261  0.57499700947837984  0.58705850333592746  0.59924508991747483
  0.61088459221126179  0.62118168985236111  0.63099084435007058  0.64042628466449325
  0.65009227580881312  0.66022320967111547  0.66877412500622113  0.67524880378756802
  0.68208618126642795  0.69135421605033021  0.70222405666156640  0.71345104691391248
  0.72502141114437035  0.73765752463607226  0.75043691277011526  0.76165262864419581
  0.77213489745078501  0.78048933768549800  0.78850760736336833  0.79661202476459236
  0.80462931262965687  0.81467203031408664  0.82640176860274950  0.83805571066387041
  0.84939575228618203  0.86123748634371133  0.87184587610021314  0.88139933295946227
  0.89051694355804323  0.90120823283129470  0.91188947676329302  0.92211940344369014
  0.93130007522999037  0.94000233605643713  0.94953692025804071  0.96007145515368553
  0.97151504599864513  0.98192832819906217  0.99189083758113861  1.00000000000000000
 -0.00224197536420982  0.00770759588481867  0.01677120032545812  0.02670289181278443
  0.03845861396848166  0.05081818012865411  0.06266510375798572  0.07399506468333103
  0.08528133423832665  0.09706591622596378  0.10866331597878003  0.11959865965595140
  0.13009881557896213  0.14056721039590528  0.15143042935027595  0.16244954573199932
  0.17316020448969105  0.18391380567009219  0.19521984218974081  0.20711381266777351
  0.21896065218366467  0.22840739811557528  0.23639809022501101  0.24442201364085828
  0.25224754084234152  0.25947438672288142  0.26862124868573289  0.27886563845624834
  0.28972355177098946  0.30063377687404486  0.31017002265410831  0.31943765035481175
  0.32896547053745501  0.33854798679402121  0.34891777126825085  0.35960739900106131
  0.37052883335669923  0.38302039247298592  0.39533903187225289  0.40667950610347819
  0.41650497407088877  0.42485441434594889  0.43331764440263837  0.44261234081922451
  0.45359157798719280  0.46570922998284375  0.47607016848408101  0.48504215587583360
  0.49444029477145968  0.50396927531622404  0.51336419116429854  0.52415635154035434
  0.53498727062596219  0.54565181822518427  0.55488956995885408  0.56307814723910332
  0.57084239074185861  0.57920778912369730  0.58867602031536803  0.60006938599788440
  0.61218288442248880  0.62377630285230568  0.63478336449589667  0.64574133024023206
  0.65708567848389476  0.66908306821355490  0.68129078579468405  0.69369844969795902
  0.70635481300794711  0.71939879659333883  0.73187566897128542  0.74447780704010780
  0.75551243782653899  0.76679779921259794  0.77799652758357041  0.78978732608850055
  0.80067181577534363  0.81206001636357150  0.82376158523279197  0.83512252549759070
  0.84488899887132007  0.85296326892805840  0.86065965063210992  0.86881732691545954
  0.87851337760304826  0.88889930445112730  0.89951399825222911  0.91047647006851129
  0.92151632662119976  0.93226278351649916  0.94257886816868286  0.95268770848689921
  0.96419242312783715  0.97590009990871396  0.98824222330413292  1.00000000000000000
 -0.00070276176794994  0.00479625116148899  0.01262086003180267  0.02131458150301109
  0.03011447063190754  0.04028217705814369  0.05260671174289445  0.06536981713617163
  0.07755767088166435  0.08931814522111726  0.10076650955496473  0.11239233430440473
  0.12331679441990359  0.13333479444644003  0.14261143523692299  0.15182064197263617
  0.16113503921585845  0.17035029371692639  0.17920579130026196  0.18715081429100930
  0.19342905276345462  0.20218189105960369  0.21274923967192844  0.22341742027877234
  0.23468792696267349  0.24612640099439237  0.25701176091149358  0.26714769338444871
  0.27726011940199852  0.28736558807614632  0.29780888067161437  0.30820756383473391
  0.31802411450597767  0.32946635689721804  0.34083911312688020  0.35298906752134440
  0.36480327125438505  0.37740180482220709  0.38965748043864928  0.40067806125921956
  0.41150869215074021  0.42168992674241296  0.43166249769613996  0.44263053187013218
  0.45443335159059944  0.46532074164436071  0.47525038279793524  0.48497279528376791
  0.49503626466233530  0.50610519562582890  0.51775638617548325  0.52929438191522760
  0.54126751887297087  0.55364186508744739  0.56603269191262284  0.57813543495633946
  0.58994260068851578  0.60152181168696406  0.61270344026456558  0.62417244131561800
  0.63512484127311464  0.64679471842793179  0.65809127490480734  0.66776818692528428
  0.67684870879689152  0.68581894123682319  0.69616699053292297  0.70747327947154326
  0.71819252283191048  0.72797222083777402  0.73791066827237317  0.74755801564700997
  0.75709475960220252  0.76732708460458565  0.77835152169923572  0.79012497283498240
  0.80254987880071682  0.81532753943541458  0.82778738013462316  0.83916132629166540
  0.84875203476531014  0.85774374115326957  0.86727735413949092  0.87700335222842285
  0.88736913865727285  0.89777579094768167  0.90800692070724043  0.91840227663092444
  0.92921707498315109  0.93882992412873334  0.94880685264532505  0.95862077811212543
  0.96878725237556951  0.97910834524825707  0.98947945576711782  1.00000000000000000
  0.18339855518019441  0.21219390419872855  0.23727029229591870  0.27724648321648060
  0.32609138262006487  0.37298341596486001  0.42318679937265724  0.47176472251697771
  0.51447645319181379  0.54535042793928368  0.57086899769634025  0.59235013527032210
  0.61282608719894238  0.62826649617814456  0.63710432081831891  0.64329051272851745
  0.64863161723316987  0.65362472611582811  0.65855238028327756  0.66298939564177828
  0.66680226939142473  0.66995142076637970  0.67252804422845858  0.67470288357744479
  0.67657204645033042  0.67822405836924038  0.67976355411002165  0.68134367881406099
  0.68283828689991022  0.68409549224245814  0.68518700815690059  0.68615657961129062
  0.68708271358470052  0.68796761392227246  0.68882223216421123  0.68963700776877723
  0.69040207913718066  0.69113323291117101  0.69184474880331148  0.69255822375154785
  0.69322393029604001  0.69376409138499884  0.69428702936813302  0.69479336227027300
  0.69528539228148400  0.69578606997316395  0.69632956949740887  0.69688351145016914
  0.69739517212576763  0.69792893649965027  0.69847102562641927  0.69897333033093378
  0.69942970597189436  0.69987682642484073  0.70029540681135005  0.70069684950791589
  0.70121184959627214  0.70173274892112347  0.70232528401572525  0.70290521862337418
  0.70341567283397788  0.70390250992637482  0.70446701936545353  0.70512544445602887
  0.70588072197511287  0.70668314929272158  0.70737402767189239  0.70797889924478719
  0.70864200235062069  0.70931941652157693  0.71002117728782965  0.71094574775848784
  0.71215733301755080  0.71349271456984531  0.71483474959810467  0.71621993224790736
  0.71773899982479950  0.71949847934127864  0.72146802235243690  0.72340421436438185
  0.72519271203501889  0.72689050732683846  0.72857462187492927  0.73032233789766232
  0.73221162061344047  0.73582366083319717  0.73999380623521027  0.74452769002928998
  0.74996827250299447  0.75649095854648329  0.76463616876000695  0.77579281778950193
  0.79071118523110928  0.81020940715803058  0.85195247909803629  1.00000000000000000
   2.4334846592576606E-009  -1.0000000000000000     
 F F F F F F F F F F F F F F F F F F F F F F F F F F F F F F F F F F F F F F F F F F F F F F F F F F F F F F F F F F F F F F F F
  <DiscreteSampler_grid>
  grouped_processes
  1 # 1 for a reference and 2 for a running grid.
  10 # Attribute 'min_bin_probing_points' of the grid.
  1 # Attribute 'grid_mode' of the grid. 1=='default',2=='initialization'
  0.0000000000000000 # Attribute 'small_contrib_threshold' of the grid.
  0.5000000000000000 # Attribute 'damping_power' of the grid.
 # binID   n_entries weight   weight_sqr   abs_weight
    19   10   7.480832898017629E+005   3.363070766699031E+012   7.480832898017629E+005
    22   10   7.480832898017629E+005   3.363070766699031E+012   7.480832898017629E+005
    25   10   7.480832898017629E+005   3.363070766699031E+012   7.480832898017629E+005
    28   10   7.480832898017629E+005   3.363070766699031E+012   7.480832898017629E+005
  </DiscreteSampler_grid>
