 -0.01402942154395248  0.10369919192371395  0.16614693575960757  0.20794009166796096
  0.24073185782716974  0.27341497081691896  0.30356190605843908  0.33119687954824900
  0.35739468548716624  0.38284581699116926  0.40307316067296378  0.41911291591987082
  0.43832925256126554  0.45666558443206995  0.47493118114058835  0.49188509876595071
  0.50417131933208337  0.51597852510455300  0.52959913563233518  0.54191831405123181
  0.55369707090536791  0.56660696228933272  0.58065987221430460  0.59457117688530081
  0.60685597335739083  0.61866950971927037  0.63005287678318911  0.64127075508338227
  0.65235747830697399  0.66329626337122183  0.67460127929397640  0.68574829512491975
  0.69685113634800577  0.70772612304157068  0.71820306905994691  0.72817939634598905
  0.73733066732949759  0.74603523451651566  0.75380924942868488  0.76211560262566447
  0.77096236913804461  0.77924196955088165  0.78670029982057310  0.79394300252919925
  0.80126195787175802  0.80869392772480397  0.81608690663148953  0.82322767790562290
  0.82988663512767669  0.83686050786202282  0.84320858640360996  0.84956578685942097
  0.85578090056205547  0.86165319624863423  0.86742477072250412  0.87300118063780097
  0.87885395378957742  0.88498478729184304  0.89091433248776308  0.89648791713351939
  0.90081170430945612  0.90467501135399508  0.90850758116645836  0.91243676074518454
  0.91629649041497707  0.92031240292177940  0.92424512059060138  0.92811340733214320
  0.93203065731506007  0.93606686067454403  0.94018691760298778  0.94404068700525900
  0.94721598032688348  0.95051699075994056  0.95383459043737551  0.95703933233564786
  0.96076205797288627  0.96417380014312604  0.96700024778974580  0.96935405836819999
  0.97133142400991956  0.97358632323320582  0.97566905937566950  0.97752893179020661
  0.97928208521594085  0.98118785825809807  0.98319273868219215  0.98468919860805404
  0.98570008384974162  0.98656782081736116  0.98774154176199702  0.98913046237311708
  0.99077611284529898  0.99276221246966423  0.99504020833065010  1.00000000000000000
  0.00000000002019378  0.00000000002357049  0.00000000002593547  0.00000000002796828
  0.00000000002988875  0.00000000003180610  0.00000000003372322  0.00000000003566796
  0.00000000003763442  0.00000000003964680  0.00000000004178265  0.00000000004383396
  0.00000000004582167  0.00000000004773766  0.00000000004954313  0.00000000005139209
  0.00000000005335110  0.00000000005548623  0.00000000005793103  0.00000000006031641
  0.00000000006247167  0.00000000006494775  0.00000000006753474  0.00000000007024487
  0.00000000007338693  0.00000000007679037  0.00000000008030477  0.00000000008383640
  0.00000000008777290  0.00000000009164964  0.00000000009545879  0.00000000009930412
  0.00000000010312202  0.00000000010648274  0.00000000011005675  0.00000000011385697
  0.00000000011827811  0.00000000012366163  0.00000000012939257  0.00000000013494020
  0.00000000014082203  0.00000000014641214  0.00000000015209030  0.00000000015879546
  0.00000000016546996  0.00000000017270133  0.00000000018011141  0.00000000018723227
  0.00000000019450733  0.00000000020367155  0.00000000021266614  0.00000000022168713
  0.00000000023168050  0.00000000024284618  0.00000000025583042  0.00000000026990661
  0.00000000028421422  0.00000000029911045  0.00000000031450208  0.00000000033083615
  0.00000000034923781  0.00000000037042065  0.00000000039528750  0.00000000042434829
  0.00000000045797531  0.00000000049347110  0.00000000053185446  0.00000000057935574
  0.00000000063918865  0.00000000070408958  0.00000000076887482  0.00000000083814720
  0.00000000092448953  0.00000000104433177  0.00000000116469005  0.00000000129523184
  0.00000000143522365  0.00000000158697679  0.00000000178683268  0.00000000211820919
  0.00000000262659934  0.00000000332289630  0.00000000421857628  0.00000000533012577
  0.00000000717484231  0.00000001128251969  0.00000001844981500  0.00000003653965533
  0.00000012489009937  0.00000049600008233  0.00000249213622735  0.00001695854079565
  0.00016041285946460  0.00776443174800986  0.57315752007062248  1.00000000000000000
 -0.00191486521704415  0.00811854393060059  0.01824713870180943  0.02975482370683968
  0.04055487454437964  0.05055955400064560  0.05998185324098616  0.06931889897408977
  0.07984078012111795  0.09058991235000395  0.10100926621251875  0.11172805329538701
  0.12277629850520748  0.13335825996957940  0.14303457373568843  0.15316205636085309
  0.16366496589894169  0.17447442823299933  0.18523446387703366  0.19639703831745445
  0.20707278197253395  0.21697873814439067  0.22622523543680642  0.23596290072790826
  0.24605795931135563  0.25637245894299743  0.26690557755189315  0.27807884108985337
  0.28964677848626780  0.30087440412465655  0.31206526738874552  0.32300155624989346
  0.33402746825366697  0.34540976005530666  0.35700265582413060  0.36856784085490862
  0.37862368512154071  0.38802528777549322  0.39774212582905905  0.40737712238833612
  0.41772014750152370  0.42786456238288256  0.43837267366243782  0.44914583227318977
  0.46084642744949778  0.47242114417206171  0.48367538200180410  0.49455209245400761
  0.50594313768017363  0.51752469292202430  0.52969678156466116  0.54075411033852705
  0.55073694768696069  0.55988539696667894  0.56875001423087146  0.57830610241146718
  0.58994441638797190  0.60244249697502550  0.61438042854525698  0.62394785054723290
  0.63245141220220669  0.64066236773403940  0.65011632391868313  0.66035580304270292
  0.67085554609582543  0.68117403812138178  0.69121355291565156  0.70116073556044334
  0.71099557795173607  0.72057397201237816  0.73015192611479285  0.74033118505951856
  0.75131957003145999  0.76278060416308857  0.77413343139129986  0.78517420970353979
  0.79626789126631481  0.80722581943556548  0.81874368588136248  0.82955161594074134
  0.83992225630859318  0.85057846954540273  0.86138359484749971  0.87276168013447086
  0.88328669805444271  0.89265714800046281  0.90233890760724089  0.91226846595376787
  0.92252489496811807  0.93360561035114564  0.94499383265604631  0.95615483004939117
  0.96722823301073491  0.97786801481538743  0.98842055380919835  1.00000000000000000
 -0.00231997283284763  0.00985463526647710  0.02019874580768578  0.03007646602681607
  0.04053363964003182  0.05097330383839713  0.06223535217881756  0.07336213707592025
  0.08528590095313335  0.09660236262528693  0.10769801945743490  0.11820512443963185
  0.12870442299213719  0.13973851942565735  0.15129384437590682  0.16329866903569126
  0.17495063932188215  0.18557236422141582  0.19541413936359658  0.20522844291894957
  0.21554100195066986  0.22591767293779358  0.23658171512286533  0.24690532745381660
  0.25689030928987433  0.26651509305293686  0.27616694184977886  0.28531347171428861
  0.29512294417843693  0.30536297069062729  0.31569871757001328  0.32626403178682756
  0.33735174992838735  0.34793142637623226  0.35751537632186758  0.36657159195106459
  0.37625754466780992  0.38553120334113439  0.39423976679469386  0.40367860132622196
  0.41440061420887220  0.42563607932288045  0.43652142457529225  0.44705828403275572
  0.45715894070648538  0.46753758718430866  0.47729224111675134  0.48601099368642919
  0.49495738223825797  0.50486910300524546  0.51514001101811202  0.52659605758455708
  0.53722480331410138  0.54888944405389650  0.56060812413684191  0.57163223186953049
  0.58471254339970968  0.59594484365034783  0.60578775680843777  0.61523592171770980
  0.62499502896598214  0.63536494724038683  0.64613127414525307  0.65764057993186165
  0.66931859232023239  0.68062839955690857  0.69152731535719913  0.70201222714181843
  0.71313844861886377  0.72429603156058120  0.73538871772222469  0.74682031369346602
  0.75828091159481603  0.76930316962781886  0.77984345568685376  0.78981615259864479
  0.79941747746048919  0.80966962155884015  0.82037695408692801  0.83193035388300063
  0.84252969678964107  0.85344920251093637  0.86438903608523254  0.87534993730352728
  0.88580732774267845  0.89573809733147225  0.90584245060822310  0.91646195846408385
  0.92753775047496689  0.93874691827161549  0.94989510791697584  0.96074775425167147
  0.97054567754926480  0.98058040879183472  0.99045917785862347  1.00000000000000000
 -0.00262562367125468  0.01028384215192379  0.01983767213138354  0.03094137609818217
  0.04230326984206569  0.05404428624128717  0.06578873674278551  0.07745104507235008
  0.08937011448028058  0.10151486197599659  0.11303174868057288  0.12395725519542483
  0.13461203394329635  0.14482244495854152  0.15519061681322227  0.16579963466981701
  0.17673152654041036  0.18823361691647308  0.19967718050046124  0.21100777914326047
  0.22170243982256016  0.23214136321835543  0.24124941766804606  0.25064749594535818
  0.26018745006335975  0.27128870585529657  0.28257716337600797  0.29370188872153130
  0.30455618502348675  0.31465969697526913  0.32442450555164409  0.33418235489951192
  0.34450343188194960  0.35535728255578058  0.36550238011790254  0.37582275094724554
  0.38611724890332394  0.39719750186797997  0.40891544728584472  0.42045146567651182
  0.43127754517452010  0.44156026685620509  0.45090306054219648  0.45975838435432292
  0.46827605746675810  0.47749035784055582  0.48813827106081309  0.49904431114773701
  0.50928846098742853  0.51941310540085661  0.52980295043179870  0.54048676985516209
  0.55168015125996384  0.56250415574915646  0.57330312794383609  0.58365603471201277
  0.59479993740659076  0.60605324081195311  0.61588061130991745  0.62592319981500399
  0.63640052278307169  0.64777368286100212  0.65868933230198268  0.66937578117308050
  0.68041749756937142  0.69095264515197341  0.70110084406342510  0.70983732971646207
  0.72003123909119160  0.73051263333499050  0.74049264317605035  0.74984461971429039
  0.76000779060578039  0.77114440216267544  0.78284778696021107  0.79385677805519295
  0.80398874753561944  0.81398001615930604  0.82487204577229389  0.83675320125213370
  0.84874708241059837  0.86014734285030581  0.87089758504009263  0.88142611382537439
  0.89176479744892534  0.90186436420927663  0.91221224702866754  0.92187711797681693
  0.93128790937732608  0.94141542016364144  0.95205888661852878  0.96333044955048852
  0.97328690016663155  0.98215509674689916  0.99059767612395078  1.00000000000000000
  0.18507248206839289  0.20688826498270663  0.22969157185551078  0.25997989141902084
  0.29013585028965638  0.32263044467758367  0.35901798203225532  0.40132176919588514
  0.43905924747929670  0.47371451187793739  0.50848771113071478  0.54140883254073779
  0.57089341958188711  0.59301745714965259  0.60882646846645494  0.62130038465283277
  0.63151305796482649  0.64071195885194232  0.64820227986832146  0.65465545046502227
  0.66002636648432556  0.66445575420187175  0.66797573811073907  0.67084954294957799
  0.67333481040388277  0.67566434084981930  0.67780550616179303  0.67967396783441369
  0.68112713271501091  0.68235058106122148  0.68353219852746661  0.68464191355991588
  0.68566398516174387  0.68660780206845218  0.68745195764176736  0.68824175748408734
  0.68904413235381312  0.68979189066335023  0.69046622602228058  0.69111873822755510
  0.69175492873019695  0.69236667387594242  0.69294792628604607  0.69348631537407246
  0.69399314728030259  0.69446920803987455  0.69494417264240060  0.69544493685895892
  0.69594509350550948  0.69641222606526920  0.69682614662965359  0.69720875020742801
  0.69761237684147470  0.69803192024739280  0.69846443933016089  0.69894469819439564
  0.69945304907256156  0.69995545036977613  0.70047930693200544  0.70101136201015224
  0.70153697404278781  0.70206084435111782  0.70260886008429924  0.70321746616872327
  0.70388882689698784  0.70460139583031234  0.70531039319689592  0.70601695336509795
  0.70676625279565586  0.70757242551239818  0.70842558591987959  0.70931755278577879
  0.71025049630024051  0.71125510981663975  0.71235839009893442  0.71355461736627013
  0.71486159011210848  0.71626104013761960  0.71773416410643576  0.71945721022852871
  0.72141527445825104  0.72367525287678214  0.72588953822576185  0.72830631813444680
  0.73097256544671430  0.73424626463234177  0.73824273624122694  0.74292729786583489
  0.74851029249518086  0.75537518583081975  0.76425593926745206  0.77594442949107012
  0.79010722689175006  0.81036228104912267  0.85781398333248293  1.00000000000000000
   2.5213335460538711E-009  -1.0000000000000000     
 F F F F F F F F F F F F F F F F F F F F F F F F F F F F F F F F F F F F F F F F F F F F F F F F F F F F F F F F F F F F F F F F
  <DiscreteSampler_grid>
  grouped_processes
  1 # 1 for a reference and 2 for a running grid.
  10 # Attribute 'min_bin_probing_points' of the grid.
  1 # Attribute 'grid_mode' of the grid. 1=='default',2=='initialization'
  0.0000000000000000 # Attribute 'small_contrib_threshold' of the grid.
  0.5000000000000000 # Attribute 'damping_power' of the grid.
 # binID   n_entries weight   weight_sqr   abs_weight
    19   10   1.149263265007758E+006   6.031811420556066E+012   1.149263265007758E+006
    22   10   1.149263265007758E+006   6.031811420556066E+012   1.149263265007758E+006
    25   10   1.149263265007758E+006   6.031811420556066E+012   1.149263265007758E+006
    28   10   1.149263265007758E+006   6.031811420556066E+012   1.149263265007758E+006
  </DiscreteSampler_grid>
