 -0.00239512913704768  0.00954205902616143  0.01969264479289055  0.03016635972580990
  0.04065103110549254  0.05116529869563752  0.06165920697527609  0.07216195744772408
  0.08261275053360663  0.09306536126755306  0.10350338379457442  0.11397969870308589
  0.12448347938165788  0.13494152605793733  0.14541990095118720  0.15595982648606949
  0.16651093817009027  0.17706804943498494  0.18765905584193968  0.19828563797538615
  0.20891166405339698  0.21949237722151912  0.23009819218998318  0.24068206402298462
  0.25126779881919886  0.26181718706706242  0.27236920979081852  0.28292803633536412
  0.29351144940808488  0.30411121882462355  0.31471532140593700  0.32530176353721346
  0.33587653372921644  0.34640132653356720  0.35691708378819809  0.36744645451067859
  0.37796592393143275  0.38849674616918067  0.39902204024304744  0.40955453717923712
  0.42010205170643017  0.43066667040944523  0.44124424163274534  0.45181993348610255
  0.46240246502520527  0.47299427257447391  0.48357389466640344  0.49414954372492542
  0.50468863943615094  0.51521682000643143  0.52571371583981930  0.53623548096846918
  0.54675082606422554  0.55725296865454221  0.56777066406713261  0.57830966777591930
  0.58888648992753101  0.59941100056082197  0.60998498875059037  0.62051232958296287
  0.63109624286280941  0.64164377981977327  0.65219546152455887  0.66278320748306807
  0.67327239676930151  0.68380355021898920  0.69430750850459333  0.70481732942708120
  0.71530985919511136  0.72575326696959075  0.73631346371440198  0.74688796865699081
  0.75749300757699001  0.76806275013450975  0.77857248382215771  0.78906218526226513
  0.79956405641674000  0.81010080956556330  0.82066274534336048  0.83121981894053554
  0.84181717201445339  0.85238220648792873  0.86292840060971654  0.87347802423259935
  0.88400288986219389  0.89454257519275848  0.90506239461190763  0.91558743099190842
  0.92612131663504160  0.93663708368088761  0.94719774184201067  0.95776004975537354
  0.96831078088291234  0.97887392570306697  0.98941938623694148  1.00000000000000000
 -0.00245161909841160  0.00957182538333768  0.01982450018033128  0.03038582831903206
  0.04097863041712604  0.05149469538504560  0.06204434461585716  0.07260532384017619
  0.08318139652105122  0.09373931731490263  0.10428013735634031  0.11478072350764293
  0.12529226441516861  0.13577782312054149  0.14627192836916042  0.15674771515068070
  0.16722679615207453  0.17777507992643010  0.18833522801216443  0.19891845389338880
  0.20950942531596370  0.22012342536540622  0.23071628765561364  0.24127741552403192
  0.25185461272000481  0.26245858673842726  0.27309822209109497  0.28366394815998680
  0.29418890181967600  0.30466250984465032  0.31519354368202229  0.32572658293888157
  0.33625683934129053  0.34674270460112971  0.35724253511928733  0.36774050821697335
  0.37824617811062528  0.38877800257479755  0.39930997651922551  0.40984888849208889
  0.42039634314659730  0.43095105506900183  0.44151295400567903  0.45206155988371949
  0.46260253598089335  0.47314662309854311  0.48367873461110322  0.49420004599879136
  0.50472175275209075  0.51523253932395829  0.52577884614484960  0.53635866456010473
  0.54696539603730299  0.55760728988934283  0.56822818083898452  0.57879524174860220
  0.58935187532764322  0.59988511925495813  0.61043940828528065  0.62096654537422780
  0.63150281752787318  0.64204565590003504  0.65256218044268210  0.66307142312066214
  0.67358791520497063  0.68410575714284294  0.69462967106229190  0.70516800785625300
  0.71574165710666260  0.72629043550650840  0.73678800865371996  0.74728366688169767
  0.75783651687475340  0.76841864044281960  0.77899291108087476  0.78955540794972889
  0.80009199089855787  0.81062871239306011  0.82113685582936236  0.83166602389707478
  0.84219324917474891  0.85274432832378322  0.86323891860242108  0.87372549679272804
  0.88420970776394914  0.89470438934886387  0.90519320091103139  0.91571190941426428
  0.92628303076251006  0.93686033534910762  0.94739023433744129  0.95795621557829258
  0.96846559410544619  0.97898194962343199  0.98946889315287567  1.00000000000000000
  0.00533955387138532  0.00928564714801177  0.01538457559245115  0.02238206137650977
  0.03005901444821626  0.03818092539458973  0.04668920159081854  0.05550627889404552
  0.06452425246442696  0.07374594168470602  0.08310187521978191  0.09259258138951607
  0.10217619078935389  0.11183909985696534  0.12156725127127324  0.13135637886594007
  0.14120656304137580  0.15111039750185229  0.16105915398328374  0.17104373535301409
  0.18105409018403035  0.19109496533209402  0.20117022993537445  0.21128458663857996
  0.22143387119018634  0.23160600864815889  0.24179817914320131  0.25200735877053082
  0.26223393816952295  0.27247600541714517  0.28273782501725342  0.29301737106787229
  0.30331155468445598  0.31361621516293592  0.32393380173936387  0.33426981666251127
  0.34462408181209037  0.35499826363440379  0.36538664657418574  0.37577000472845828
  0.38615646030404394  0.39655788199871811  0.40699061958870225  0.41744209297595897
  0.42789956335304474  0.43835501460970933  0.44881239760678554  0.45928898928852019
  0.46978660941221695  0.48029422945380035  0.49080129366304515  0.50132333341476398
  0.51186592137447773  0.52242646313011065  0.53299100510382202  0.54356918843161561
  0.55415991344561111  0.56476730692862842  0.57538141017003364  0.58599831763920540
  0.59662920044897183  0.60727470394639693  0.61794733289672366  0.62862539450144217
  0.63930767193893523  0.64999839895404377  0.66070888582121734  0.67144318570935679
  0.68219093216481763  0.69294304032478959  0.70370026336708036  0.71447688764707873
  0.72528288662633333  0.73612283301072690  0.74698469503772691  0.75786067845526395
  0.76875046011493364  0.77966077978257498  0.79060284686179394  0.80157948764885945
  0.81259567529121413  0.82364622059235193  0.83474228587082833  0.84589565841022063
  0.85712102358447384  0.86842002390563688  0.87979869063169713  0.89127118059091204
  0.90285529431216538  0.91458139632920821  0.92651151114584018  0.93875620556083994
  0.95150559547181324  0.96524182838739969  0.98124623002328781  1.00000000000000000
   1.3099845252014432E-007  -1.0000000000000000     
 F F F F F F F F F F F F T F F F F F F F F F F F F F F F F F F F
  <DiscreteSampler_grid>
  grouped_processes
  1 # 1 for a reference and 2 for a running grid.
  10 # Attribute 'min_bin_probing_points' of the grid.
  1 # Attribute 'grid_mode' of the grid. 1=='default',2=='initialization'
  0.0000000000000000 # Attribute 'small_contrib_threshold' of the grid.
  0.5000000000000000 # Attribute 'damping_power' of the grid.
 # binID   n_entries weight   weight_sqr   abs_weight
    19   10   9.505317129259760E+006   1.822039629543158E+014   9.505317129259760E+006
    22   10   9.505317129259760E+006   1.822039629543158E+014   9.505317129259760E+006
    25   10   9.505317129259760E+006   1.822039629543158E+014   9.505317129259760E+006
    28   10   9.505317129259760E+006   1.822039629543158E+014   9.505317129259760E+006
  </DiscreteSampler_grid>
