 -0.01270241528265017  0.09669146477923973  0.14665749447328916  0.18716755687733719
  0.22376792290451358  0.25832640480756358  0.28905972408756231  0.31435088111749310
  0.33824894947069306  0.36031667360954095  0.38151710027573199  0.40263391605489679
  0.42383787505097792  0.44381572680376002  0.46287566124716994  0.48073750904617230
  0.49749228126723283  0.51302298759611209  0.52812413654962997  0.54425824321807714
  0.56022976345958242  0.57514319850778872  0.58946834756631850  0.60412621391337651
  0.61867179115550908  0.63314809198797573  0.64756154233435737  0.66131146374927519
  0.67457819840030453  0.68734341413120148  0.69946752951106539  0.70904579469184648
  0.71644711770723102  0.72374047146452092  0.73254162591744254  0.74167130819471838
  0.75055057847042839  0.75957954186547805  0.76770052489968632  0.77592857978588581
  0.78431124254062501  0.79237276056230643  0.80058594646925396  0.80850815254464148
  0.81640268419628714  0.82426582293643891  0.83134393999353473  0.83728647391137223
  0.84247144501197102  0.84757343476094693  0.85318611973945124  0.85883485664429349
  0.86402591818192365  0.86913727557938392  0.87439112166230759  0.87988819905656146
  0.88536024069175467  0.89054823290209340  0.89554093845601612  0.90027125935406382
  0.90461794958627761  0.90839833601775200  0.91198781624528147  0.91551490801409674
  0.91947260644926676  0.92386478976924036  0.92810125685844536  0.93214203740207768
  0.93576603476146836  0.93911012426241669  0.94238576935249085  0.94551086023365727
  0.94847946363571112  0.95174369833495942  0.95518041578121649  0.95862497975191618
  0.96205402828562414  0.96509872907661087  0.96737224792304843  0.96955064129622692
  0.97164890007256910  0.97365523588044667  0.97556550403332143  0.97768280012934494
  0.97925185312345853  0.98039507057914155  0.98140725803023021  0.98237759101607713
  0.98353516653659445  0.98480751182149784  0.98614597131420678  0.98812254240184960
  0.99057767591248169  0.99347669344902001  0.99501049940721564  1.00000000000000000
  0.00000000014670401  0.00000000015521818  0.00000000016135112  0.00000000016551881
  0.00000000016975962  0.00000000017519670  0.00000000018041559  0.00000000018501996
  0.00000000018896431  0.00000000019261977  0.00000000019617730  0.00000000020064280
  0.00000000020560966  0.00000000021098395  0.00000000021605592  0.00000000022167754
  0.00000000022726562  0.00000000023253248  0.00000000023755937  0.00000000024249660
  0.00000000024731525  0.00000000025205696  0.00000000025958714  0.00000000026744457
  0.00000000027522834  0.00000000028399395  0.00000000029263598  0.00000000030156237
  0.00000000031123332  0.00000000032129437  0.00000000033107786  0.00000000034111021
  0.00000000035148228  0.00000000036221814  0.00000000037552859  0.00000000038758718
  0.00000000039993735  0.00000000041288220  0.00000000042669808  0.00000000044356742
  0.00000000046580484  0.00000000048860749  0.00000000050715542  0.00000000052471978
  0.00000000054178092  0.00000000055864977  0.00000000057917294  0.00000000060043233
  0.00000000062292782  0.00000000064665459  0.00000000067384416  0.00000000070553284
  0.00000000074580705  0.00000000079429933  0.00000000084623653  0.00000000090641253
  0.00000000097003207  0.00000000103301097  0.00000000110192443  0.00000000117080969
  0.00000000124310376  0.00000000134885424  0.00000000147199974  0.00000000161345223
  0.00000000177860373  0.00000000197004577  0.00000000219319413  0.00000000242939747
  0.00000000269405413  0.00000000303894548  0.00000000345781134  0.00000000390645772
  0.00000000444850938  0.00000000511083140  0.00000000588219229  0.00000000685897852
  0.00000000804630413  0.00000000976045425  0.00000001208398406  0.00000001608546576
  0.00000002139396187  0.00000003043853816  0.00000004749727810  0.00000007954847854
  0.00000016228384533  0.00000036688574241  0.00000083059734716  0.00000209844648196
  0.00000545725324931  0.00001533243478561  0.00005018152696701  0.00019436691364380
  0.00099932819199274  0.02349185507178892  0.60424953422027550  1.00000000000000000
 -0.00203122508082694  0.00814119133857568  0.01736981559963622  0.02766734182490581
  0.03818279298396141  0.04979336144795841  0.06088443686913862  0.07143161730100793
  0.08222283094696917  0.09165293029530000  0.10294457430998791  0.11342013852997823
  0.12438120296520690  0.13511752879515485  0.14424030520734513  0.15412714071489461
  0.16456666818238561  0.17648212085305567  0.18913598451432193  0.20147762090708066
  0.21306381078737471  0.22362789144024331  0.23354993296959423  0.24353726078777671
  0.25306577508618949  0.26269568688718303  0.27247438815008451  0.28270593566874525
  0.29354182217084857  0.30444479220588444  0.31527466771858870  0.32600411006344798
  0.33685097542964704  0.34731412816018642  0.35758728541125750  0.36712242955222701
  0.37640706286173403  0.38601121078909317  0.39632749295396763  0.40716993593724959
  0.41770862983504414  0.42772771621894451  0.43741484321136725  0.44729421412979353
  0.45773082730668285  0.46831459046814067  0.47913394409844756  0.49019734203202209
  0.50175092242842945  0.51379763427404312  0.52560448241789093  0.53596034049299168
  0.54532588212627209  0.55467026739759617  0.56502483087977184  0.57599836438965946
  0.58651574002924423  0.59692123933843855  0.60787815238594189  0.61922756625168518
  0.63039726068411273  0.64084047426703838  0.64987811980690879  0.65836267504106205
  0.66610305347047771  0.67465425266172108  0.68450437719047963  0.69527728410566392
  0.70614618756681913  0.71696233637892837  0.72768046846990120  0.73896236074682309
  0.75043568444554853  0.76197413910098188  0.77308680877577307  0.78399054878486107
  0.79467985353913773  0.80574997770557366  0.81674980971144229  0.82712502191516923
  0.83640771771894284  0.84590382825184229  0.85660812608750747  0.86806851400975138
  0.87892717915135510  0.88932476164066687  0.90035959137466814  0.91197132885824550
  0.92353702023225348  0.93426135999664695  0.94466791792893634  0.95530191011260635
  0.96618648177456401  0.97746885518500837  0.98885304302537547  1.00000000000000000
 -0.00294792421107023  0.01092695838936677  0.02282677642161906  0.03428710148288638
  0.04507455673587683  0.05581229984103572  0.06659787868994350  0.07727994898474067
  0.08828188706451423  0.09895216657979848  0.11045452983238188  0.12093204891170052
  0.13237136478952416  0.14241018340989373  0.15272367563350001  0.16314474950963970
  0.17399669881110760  0.18390732576925237  0.19363431495473671  0.20387476051440168
  0.21538886340182284  0.22533470953047371  0.23485044247174550  0.24458903938076654
  0.25520129105855743  0.26585283241722041  0.27575037520996515  0.28531000745015456
  0.29507874506862775  0.30551143681303033  0.31680918112086981  0.32798970472738237
  0.33913025816061360  0.34956326897672252  0.36017320016836624  0.37153352298662334
  0.38321222153675161  0.39407303153834289  0.40413892747947655  0.41380304536257789
  0.42361913840438176  0.43316858140184644  0.44217772018457141  0.45076036376983292
  0.45934014818537588  0.46829342993046585  0.47782457844857762  0.48807778691750792
  0.49888409201859035  0.50998614786286400  0.52167019105364099  0.53273209693956058
  0.54340390546697492  0.55348384317709243  0.56394429692381121  0.57489174759188466
  0.58545424639476973  0.59573485280074701  0.60557085176477488  0.61567875877148115
  0.62554408574201659  0.63513988467509896  0.64493837472761661  0.65549586779349678
  0.66669492521375273  0.67749067894298443  0.68781992617398235  0.69827941473607036
  0.70930280812335877  0.72055261655475222  0.73175122223742806  0.74284995284175703
  0.75378986440401130  0.76429170383005451  0.77319072023351831  0.78099496386539180
  0.78909286934792477  0.79880817864349452  0.81081725976626751  0.82296963511675902
  0.83431292768714427  0.84512889448511519  0.85534290787377154  0.86552638411552607
  0.87657273337764374  0.88784975286027412  0.89865513236553196  0.90910514398577280
  0.92043998209616462  0.93223671709007194  0.94416700859074665  0.95501921473763896
  0.96551824521090834  0.97623520139728537  0.98698864160833777  1.00000000000000000
 -0.00223960134888285  0.00934342861581377  0.02015096761535237  0.03064952421930424
  0.04139361939864103  0.05261882886554482  0.06375082064414388  0.07424783048573065
  0.08398859565703468  0.09311932236473472  0.10270776616425946  0.11265085139570657
  0.12281294680998044  0.13249225367134115  0.14192248314133979  0.15198356329510318
  0.16235493288752634  0.17306548180328177  0.18395826872597509  0.19423710076216705
  0.20388901866068360  0.21314702088112367  0.22307661907151480  0.23348696111768652
  0.24347664912121042  0.25315221567683971  0.26312697176448746  0.27397935730512851
  0.28519147988951093  0.29628501589046535  0.30731668000646689  0.31892449945587675
  0.33010517798795852  0.34130215829972094  0.35252464663264182  0.36424851616859050
  0.37616452599024436  0.38749040357100722  0.39828552940542250  0.40817301245867427
  0.41795293936630967  0.42725132543942745  0.43697233449516532  0.44706742410202094
  0.45747651230636510  0.46837433719888999  0.47954930907618082  0.49104299359163373
  0.50230197691304168  0.51271197333791363  0.52311534486468658  0.53308795737720871
  0.54345029200882233  0.55443268523405553  0.56606556169401245  0.57803623802271809
  0.58955091856866937  0.60075206214369048  0.60994792784456042  0.61971013261357832
  0.62935257178023118  0.63836639099773684  0.64778161494524533  0.65741202522612829
  0.66847088678266209  0.67974648426334949  0.69054940293993605  0.70186964222341586
  0.71300621531571862  0.72472831033172613  0.73602100810467297  0.74637108724359458
  0.75592365611838053  0.76532568131256251  0.77655120147920631  0.78796312962997428
  0.79912267726095199  0.80882489632116161  0.81811222773145209  0.82764459325649087
  0.83843651204926462  0.85030115041012366  0.86146548219550678  0.87312519080810813
  0.88396452332105446  0.89409491792776785  0.90345982016570381  0.91341664392450939
  0.92395182057914227  0.93510062297165675  0.94569883604144200  0.95640643022205507
  0.96686870001047753  0.97866958794990866  0.98942359842128902  1.00000000000000000
  0.18812200038478721  0.19457180336598398  0.20024293550798125  0.20950849753122935
  0.23166388473674845  0.27071284423858161  0.31245064486391466  0.35962817528222957
  0.40600299882127433  0.44628310712438168  0.48608116146079805  0.52251148156878569
  0.55286061384379703  0.57755759155924402  0.59665280174378366  0.61049640165320262
  0.62166624691853845  0.63077562498632278  0.63893144666264723  0.64641755059293537
  0.65283535176499374  0.65793180261520878  0.66226776471570570  0.66588305304202777
  0.66881083781920625  0.67135568047666527  0.67373235854008684  0.67596594566820489
  0.67797858988072324  0.67971003430571131  0.68121031227761009  0.68255826925795482
  0.68382748474310917  0.68507928689093511  0.68624362517505344  0.68738911646385059
  0.68838443846278485  0.68915754515418803  0.68988848680684789  0.69051946726909363
  0.69118994249790289  0.69188575565766119  0.69251702028056050  0.69310326181242288
  0.69367153235259027  0.69423597411530380  0.69479447372474545  0.69534121611287658
  0.69589088919697972  0.69642122186857747  0.69693173338903047  0.69743751460529557
  0.69793872991244377  0.69843785255251667  0.69894728806813677  0.69947598430707403
  0.70002867092534027  0.70060386339694114  0.70120041999528393  0.70182513592507745
  0.70245719782247851  0.70309170252379072  0.70368654750580195  0.70423743243771919
  0.70475790862375864  0.70535156906354846  0.70597046157195897  0.70664729507518798
  0.70735252457461129  0.70810674228051873  0.70899852898929328  0.70998177858513944
  0.71104689756647388  0.71214168378570630  0.71324806175802058  0.71437248411920629
  0.71557129783091533  0.71692602931076965  0.71847525962503156  0.72019229260836337
  0.72211785733339173  0.72420284177787175  0.72635369230183655  0.72876193741423279
  0.73164997453767266  0.73512436195240494  0.73908266899293062  0.74344924345909635
  0.74852358627094251  0.75516114424931591  0.76366455901600883  0.77414943903725753
  0.78690343638639426  0.80468533143856313  0.84007565387748551  1.00000000000000000
   2.3497647048680996E-009  -1.0000000000000000     
 F F F F F F F F F F F F F F F F F F F F F F F F F F F F F F F F F F F F F F F F F F F F F F F F F F F F F F F F F F F F F F F F
  <DiscreteSampler_grid>
  grouped_processes
  1 # 1 for a reference and 2 for a running grid.
  10 # Attribute 'min_bin_probing_points' of the grid.
  1 # Attribute 'grid_mode' of the grid. 1=='default',2=='initialization'
  0.0000000000000000 # Attribute 'small_contrib_threshold' of the grid.
  0.5000000000000000 # Attribute 'damping_power' of the grid.
 # binID   n_entries weight   weight_sqr   abs_weight
    19   10   1.126489769123612E+006   6.702465588529385E+012   1.126489769123612E+006
    22   10   1.126489769123612E+006   6.702465588529385E+012   1.126489769123612E+006
    25   10   1.126489769123612E+006   6.702465588529385E+012   1.126489769123612E+006
    28   10   1.126489769123612E+006   6.702465588529385E+012   1.126489769123612E+006
  </DiscreteSampler_grid>
