 -0.01331483716421482  0.10020241832628828  0.15392779569942916  0.19870392869622339
  0.23772940365572520  0.26874094533389642  0.29728622872243005  0.32274788156930184
  0.34711924063018240  0.36413568889191700  0.38246525161828110  0.40190664708071933
  0.42278598118445682  0.44102391598552515  0.45753417351203801  0.47472054558100069
  0.49204054105502171  0.50854874460322497  0.52366754665892590  0.53785198592825412
  0.55141448478163746  0.56549767810386609  0.58026874339277801  0.59504497368777098
  0.60900249626369529  0.62194777458008488  0.63410807465937269  0.64525351551683097
  0.65593310003519423  0.66660063421975646  0.67812898514629172  0.69007098944753920
  0.70157203839414051  0.71257180932902875  0.72338253452432555  0.73420385519217413
  0.74430071937799824  0.75327340717733604  0.76176716071928785  0.77010484714053429
  0.77860805935377564  0.78730324496828707  0.79544724915739107  0.80283922532111618
  0.80990860792698283  0.81696517895625831  0.82343556880596069  0.82949051870110579
  0.83511643262836022  0.84105934920350800  0.84744936478731536  0.85384512521453781
  0.86016989541163458  0.86618577606642333  0.87120810423751294  0.87524695788055040
  0.87923367655017426  0.88340278341706513  0.88786904530537236  0.89245596277217432
  0.89643328934875399  0.90010749214114449  0.90372391978666522  0.90743311511837021
  0.91133911224434216  0.91538164682825196  0.91922188232432134  0.92280890449414565
  0.92636248581520997  0.93002304396081170  0.93377425243469780  0.93724553423190671
  0.94010061934373290  0.94296683201885789  0.94585374648219400  0.94887116457706544
  0.95216895051401318  0.95560439780807338  0.95896740283414339  0.96224806374106264
  0.96523669542295476  0.96806934917772047  0.97061883761092227  0.97287141326809878
  0.97501492834517267  0.97697335148669473  0.97883759368038481  0.98065050810457621
  0.98231969798771968  0.98391336196421864  0.98547668301874491  0.98711074358524531
  0.98914491410758365  0.99265103214958383  0.99509262728059611  1.00000000000000000
  0.00000000006003151  0.00000000006283306  0.00000000006480633  0.00000000006641611
  0.00000000006798579  0.00000000006966025  0.00000000007142684  0.00000000007342370
  0.00000000007561870  0.00000000007772401  0.00000000007969536  0.00000000008170834
  0.00000000008353803  0.00000000008557882  0.00000000008762632  0.00000000008977826
  0.00000000009199816  0.00000000009427232  0.00000000009670060  0.00000000009937426
  0.00000000010178308  0.00000000010425683  0.00000000010680505  0.00000000010924998
  0.00000000011200885  0.00000000011508518  0.00000000011814497  0.00000000012124487
  0.00000000012432647  0.00000000012737204  0.00000000013040335  0.00000000013328306
  0.00000000013650803  0.00000000014010010  0.00000000014339523  0.00000000014655435
  0.00000000014945811  0.00000000015257371  0.00000000015566900  0.00000000015912404
  0.00000000016375634  0.00000000016915754  0.00000000017496786  0.00000000018101499
  0.00000000018742051  0.00000000019419148  0.00000000020182462  0.00000000020945188
  0.00000000021584348  0.00000000022168613  0.00000000022805413  0.00000000023601911
  0.00000000024373673  0.00000000025361834  0.00000000026365331  0.00000000027456216
  0.00000000028483130  0.00000000029540753  0.00000000030583965  0.00000000031656776
  0.00000000033186538  0.00000000035505554  0.00000000038238518  0.00000000041167513
  0.00000000044131919  0.00000000047310646  0.00000000050730147  0.00000000054466314
  0.00000000058843343  0.00000000063958959  0.00000000069570539  0.00000000075706728
  0.00000000082676810  0.00000000090854872  0.00000000100392973  0.00000000112462559
  0.00000000128941801  0.00000000150134529  0.00000000175307690  0.00000000206478709
  0.00000000251396899  0.00000000305848619  0.00000000371638131  0.00000000459963157
  0.00000000609202205  0.00000000786745006  0.00000001165467346  0.00000002208015317
  0.00000007292145084  0.00000027864737116  0.00000194315482492  0.00001394301646096
  0.00014182886565717  0.00981518734039581  0.59396204349180393  1.00000000000000000
 -0.00258079557760101  0.01020052782976044  0.02128162737018092  0.03233028636517684
  0.04404128501569012  0.05580929045998653  0.06713484639476172  0.07653786154961525
  0.08580013322639947  0.09533709244633581  0.10595346758887812  0.11640832922137755
  0.12612642904960969  0.13582849211673506  0.14580389073142203  0.15668062700074356
  0.16740233443727881  0.17776761761560378  0.18828667497236992  0.19923977806374790
  0.21036284970645094  0.22081939674209330  0.23065337460495861  0.24029833238041989
  0.25026934051330407  0.26075053550926502  0.27158713410750190  0.28260047522605947
  0.29346251337967871  0.30434795652005292  0.31524516439046357  0.32590066656491878
  0.33635868309561717  0.34680098382141084  0.35713434098099189  0.36773381868856347
  0.37849289798904917  0.38870524767923137  0.39873178348182697  0.40928390494482458
  0.42014906826072912  0.43081245665848694  0.44138306668297456  0.45203941258252034
  0.46352453696755513  0.47595152780177702  0.48796516510234245  0.49949188861794902
  0.51084015517136327  0.52184241575288326  0.53221473774531858  0.54203154339968895
  0.55159160322865375  0.56191203699627412  0.57141777532531135  0.57980124300339220
  0.58803456028641798  0.59715953076907202  0.60798180384499834  0.61962181280333861
  0.63088566435520554  0.64169389422801892  0.65206349018348109  0.66171464340068498
  0.67114555014290145  0.68032218869179473  0.69000107825766310  0.70053472719773280
  0.71163937933696708  0.72278567095772273  0.73376137094141369  0.74454524882102346
  0.75487231406700739  0.76491703492609731  0.77482129555837709  0.78493486628502451
  0.79537319454852018  0.80599530602774494  0.81674298878912377  0.82761994664426985
  0.83976226313536884  0.85178627355186864  0.86352684810673186  0.87445469087668037
  0.88464371941652542  0.89524968831208251  0.90641105865106453  0.91603233311404852
  0.92518690555289318  0.93421850240836879  0.94522236132603188  0.95721539915510812
  0.96770736703128024  0.97794044304427885  0.98888871636960585  1.00000000000000000
 -0.00282848893899851  0.01035241108462593  0.02189270495145789  0.03334153776207623
  0.04408727565055783  0.05492621634441085  0.06641602616957151  0.07832866326065194
  0.08950505906874850  0.09908820946328355  0.10802021580722036  0.11750560456871180
  0.12793829357245659  0.13881400930215934  0.14980471073412824  0.16079052283378573
  0.17188107918876799  0.18310704892836571  0.19390551309275286  0.20386571335172557
  0.21330013199723410  0.22301322999464443  0.23307526659217970  0.24339774673304251
  0.25376590820902833  0.26412837108731951  0.27479806626183639  0.28563604049178415
  0.29721474492910288  0.30837937883662458  0.31882225483810256  0.32896697645317158
  0.33955508850123101  0.35088473742675774  0.36217652814754592  0.37224606942350014
  0.38110534869012685  0.38999396105837819  0.39954059459249375  0.41080584866593089
  0.42217847483597121  0.43296477450106835  0.44361422898213410  0.45389121943283595
  0.46396160772925987  0.47432038484986222  0.48477777107442183  0.49560135349389922
  0.50686584842651128  0.51870646658689223  0.53091196515607364  0.54280272951341724
  0.55426157743303039  0.56555897640527408  0.57684564140767103  0.58812746323657417
  0.59928736213384060  0.60978329451244018  0.61967191217343776  0.62924286075591240
  0.63846708365441895  0.64770668018197064  0.65718099111958628  0.66723126807567179
  0.67813125503718008  0.68901388309117584  0.69987144791867695  0.71040850985125392
  0.72091757544356339  0.73156583117279461  0.74273082704918580  0.75404420395246852
  0.76544659216974820  0.77674250585094429  0.78740367909881848  0.79725511673329996
  0.80606758538756229  0.81406206446031448  0.82233591513698201  0.83158660334259960
  0.84161821922290325  0.85188141981545729  0.86219244560414732  0.87248521309500382
  0.88305922951299876  0.89315237045614482  0.90280451370180104  0.91195507856627478
  0.92121921461461009  0.93239155197958989  0.94356974783035252  0.95449842963431542
  0.96571787146521026  0.97759612741111490  0.98895275110698944  1.00000000000000000
 -0.00231656489710072  0.00900902646011395  0.02048492260635951  0.03098123994509216
  0.04092218590719624  0.05101605416537446  0.06186822285210096  0.07286461305790261
  0.08438731495003614  0.09563605455609933  0.10567692950878273  0.11662426378144652
  0.12710490948869010  0.13672039478494658  0.14665659882317547  0.15616496028786464
  0.16649651584675135  0.17687787929132562  0.18753843400163406  0.19766506523391331
  0.20743740461965088  0.21804645414228979  0.22969365421994853  0.24136536066911091
  0.25333809495813620  0.26568442178464857  0.27645960787387847  0.28571878986913785
  0.29483832989721170  0.30467534411738956  0.31542933423792241  0.32649763910991308
  0.33729517064940040  0.34771018084323130  0.35792127960055553  0.36803859925591409
  0.37825206381086557  0.38849203453077796  0.39911188245045842  0.40997465967907137
  0.42117347389821502  0.43211309819632093  0.44276635145442739  0.45312956548722821
  0.46353092071337482  0.47369635824232076  0.48372606372998239  0.49375231624125915
  0.50418129950225810  0.51467736554286736  0.52545912777842141  0.53688649421647183
  0.54815432880867798  0.55854733071845297  0.56751683082565962  0.57683248348046634
  0.58576492430023508  0.59693062873250458  0.60719199882330366  0.61765988161239305
  0.62853314776224989  0.63895818582640751  0.64970761446975445  0.66055320005001239
  0.67202130410289795  0.68281979755986189  0.69258707878914882  0.70321203179780678
  0.71443596581078583  0.72589820552801843  0.73668833697620295  0.74671214712344625
  0.75700173204238064  0.76768347686403160  0.77861851072678578  0.78964293294899157
  0.80059266411444441  0.81212260131213854  0.82265117758257633  0.83289775928271459
  0.84334511451430783  0.85419835284240997  0.86434796557723781  0.87410896239142433
  0.88324921510007415  0.89294830905792522  0.90269787004391100  0.91267548708966528
  0.92321555024394264  0.93330286348919012  0.94387439528044703  0.95476265703191543
  0.96593705929578211  0.97733577288269347  0.98779971819317436  1.00000000000000000
  0.18484304665824222  0.20697117784841118  0.23036523128061484  0.26234611803939234
  0.30326105513034562  0.35107803448123515  0.39943425497782942  0.44369606968531200
  0.48675001764807624  0.52451203069091534  0.55575332576132785  0.58050494309109091
  0.59945808983780813  0.61506208682700125  0.62673825165146668  0.63570779202557293
  0.64300795567833757  0.64878001058202295  0.65388249314307989  0.65846204297686828
  0.66246604444298707  0.66601911810778369  0.66913782177940095  0.67202841621452725
  0.67467600605827227  0.67694039346781298  0.67889563698193600  0.68058835207043111
  0.68214856421425962  0.68355385475654107  0.68482693433720754  0.68593353779008548
  0.68688947565704617  0.68775377744459176  0.68854619423003238  0.68929896178240702
  0.68999186642488386  0.69063038150830014  0.69118306227734161  0.69171085804801069
  0.69223161873666628  0.69273801027243764  0.69325791327470287  0.69381309190522922
  0.69436009972610124  0.69487965714230815  0.69536326277591320  0.69583051794206541
  0.69630881367032749  0.69679569966613064  0.69729871714611702  0.69777580776762926
  0.69824543459353283  0.69872641122065760  0.69923728461029200  0.69976895796175187
  0.70030832659742737  0.70083257568577595  0.70134210439574651  0.70185311838268327
  0.70237207148759184  0.70291903276743417  0.70352374914479821  0.70418406509747589
  0.70487180384810733  0.70555548101879206  0.70624434018433835  0.70697329913324336
  0.70776255751970119  0.70861914004047599  0.70949599980323830  0.71039028439425378
  0.71131339406004734  0.71227778226787308  0.71331544534978619  0.71449297462384598
  0.71582662484510806  0.71720387002648434  0.71858121523040630  0.72007234377913742
  0.72177486731870844  0.72368199940640532  0.72570697619525582  0.72795547512466818
  0.73065710775557968  0.73395088258420993  0.73771650058317662  0.74189558794008337
  0.74690964130418147  0.75318608887520588  0.76130915103480068  0.77145955037067437
  0.78459004266866483  0.80289278382070994  0.83886928123718407  1.00000000000000000
   2.4437959801617366E-009  -1.0000000000000000     
 F F F F F F F F F F F F F F F F F F F F F F F F F F F F F F F F F F F F F F F F F F F F F F F F F F F F F F F F F F F F F F F F
  <DiscreteSampler_grid>
  grouped_processes
  1 # 1 for a reference and 2 for a running grid.
  10 # Attribute 'min_bin_probing_points' of the grid.
  1 # Attribute 'grid_mode' of the grid. 1=='default',2=='initialization'
  0.0000000000000000 # Attribute 'small_contrib_threshold' of the grid.
  0.5000000000000000 # Attribute 'damping_power' of the grid.
 # binID   n_entries weight   weight_sqr   abs_weight
    19   10   2.540246667098265E+005   5.891593758104457E+011   2.540246667098265E+005
    22   10   2.540246667098265E+005   5.891593758104457E+011   2.540246667098265E+005
    25   10   2.540246667098265E+005   5.891593758104457E+011   2.540246667098265E+005
    28   10   2.540246667098265E+005   5.891593758104457E+011   2.540246667098265E+005
  </DiscreteSampler_grid>
