 -0.01235102205040694  0.09474955885834468  0.14134707766059831  0.18686476221445936
  0.22962873845950621  0.26599693920033862  0.29773472495741898  0.32799791003661444
  0.35825395441878427  0.38693144407632635  0.41244429864836968  0.43596769480198316
  0.45920170935484700  0.48053173084533080  0.49988427574341798  0.52028885533763169
  0.54080013123883086  0.56086110715262372  0.58025919537720605  0.59875485936794881
  0.61570882833216933  0.63105247556810629  0.64469663582373782  0.65745507894973865
  0.66973623249957304  0.68236078105917874  0.69449716153638397  0.70646061322767362
  0.71865425773080494  0.73052173018790456  0.74174721036563185  0.75254724520354366
  0.76323507221043874  0.77343118389550891  0.78316596124176996  0.79184386051559430
  0.79893754610376666  0.80563620545303594  0.81221525906870717  0.81944962600016968
  0.82677592482545215  0.83375452657185534  0.83970126545989177  0.84509747578839067
  0.85062233807869414  0.85660361422475062  0.86284200069081785  0.86926373612608621
  0.87557777543285742  0.88177036645669260  0.88793063788735371  0.89404871909311801
  0.89996480669290080  0.90566337804980246  0.91082350926649236  0.91557357031247888
  0.92003331290783341  0.92417745952432639  0.92798846395873424  0.93162779716995137
  0.93482244179431884  0.93828813169189773  0.94178609336187824  0.94512412196404105
  0.94796111852411269  0.94990321021323210  0.95172872915020335  0.95357416434119646
  0.95549130528468451  0.95731352556542926  0.95917512882433142  0.96087948563543368
  0.96268850301678466  0.96489601608912878  0.96698262015746539  0.96902903919018868
  0.97085823662857773  0.97255618618023931  0.97423281449501187  0.97588946519799580
  0.97717838706219184  0.97838720458839179  0.97925872385715906  0.98009179314077088
  0.98090327788809273  0.98169346753710474  0.98265449790174031  0.98387423828600573
  0.98528085871920756  0.98673185766257232  0.98849350556561644  0.99011546466455536
  0.99155205164734328  0.99343422293110017  0.99536880935719074  1.00000000000000000
  0.00000000047572006  0.00000000050167573  0.00000000051992501  0.00000000053427763
  0.00000000054812381  0.00000000056239991  0.00000000057776427  0.00000000059405876
  0.00000000061078445  0.00000000062648702  0.00000000064246774  0.00000000065724300
  0.00000000067134413  0.00000000068530350  0.00000000069863078  0.00000000071359247
  0.00000000072863423  0.00000000074303296  0.00000000075806576  0.00000000077344020
  0.00000000078905462  0.00000000080523459  0.00000000082212626  0.00000000083999807
  0.00000000086074801  0.00000000088520333  0.00000000091122703  0.00000000093789814
  0.00000000096704649  0.00000000099610020  0.00000000102445859  0.00000000105489371
  0.00000000108756682  0.00000000112593578  0.00000000116520678  0.00000000120563105
  0.00000000124769607  0.00000000129384550  0.00000000134323778  0.00000000139396080
  0.00000000144598447  0.00000000149935059  0.00000000155613824  0.00000000161797217
  0.00000000168001341  0.00000000174141725  0.00000000180601478  0.00000000187602553
  0.00000000194843126  0.00000000202006085  0.00000000209531556  0.00000000217754053
  0.00000000226694036  0.00000000236539382  0.00000000248777873  0.00000000263473435
  0.00000000278610140  0.00000000293868057  0.00000000312040893  0.00000000334529239
  0.00000000356647291  0.00000000379029526  0.00000000402892829  0.00000000428633906
  0.00000000461577324  0.00000000501060020  0.00000000546189349  0.00000000591585074
  0.00000000641957728  0.00000000705208951  0.00000000786927898  0.00000000896894040
  0.00000001031593610  0.00000001172987636  0.00000001344741265  0.00000001592707488
  0.00000001931654766  0.00000002409498944  0.00000003255698724  0.00000004540058048
  0.00000006657096612  0.00000010507452935  0.00000018355531259  0.00000034834218398
  0.00000065743812859  0.00000136265848608  0.00000326477609562  0.00000734474090720
  0.00001753877909830  0.00004972805921207  0.00015144215450073  0.00080459640800524
  0.00782715551393697  0.24226815314405875  0.65696315569560715  1.00000000000000000
 -0.00181571754611287  0.00727774081080501  0.01772059088501552  0.02853979519014680
  0.03962984654665360  0.04940281270945868  0.05929255201728655  0.06772019113564637
  0.07733944111274479  0.08792329785172925  0.09908726503840327  0.10995680588672981
  0.12083285679155394  0.13171106965764784  0.14231176262674333  0.15261369388150092
  0.16222480589037663  0.17164143940599119  0.18157734545162174  0.19255596378918624
  0.20365504909365770  0.21454814696106705  0.22526306143967886  0.23574032332229941
  0.24612805471465662  0.25684728160936310  0.26740736841395296  0.27767099782808291
  0.28814383323792292  0.29875174424970186  0.30965174137005058  0.32055311558871041
  0.33094604171168879  0.34136060059277018  0.35233448546408686  0.36399281282167018
  0.37552366989383290  0.38610890881720095  0.39658824985500740  0.40672799747823207
  0.41705190316059226  0.42773099326621811  0.43841529547080865  0.44871964656732788
  0.45879466568503202  0.46960931683119000  0.48127927508543755  0.49356789330667733
  0.50548941802271952  0.51728375118187087  0.52875987900794819  0.53997337582990912
  0.55053675889913178  0.56183792821571577  0.57268243599946911  0.58350548298230887
  0.59427384058071264  0.60523275401535859  0.61480587023784083  0.62385702997872905
  0.63315801656263615  0.64288908340487905  0.65269750993049791  0.66228449885375240
  0.67178421400153820  0.68156497423577844  0.69135675554399745  0.70133993730770638
  0.71177082807089831  0.72324948712282833  0.73467862353875002  0.74641332405216820
  0.75837591777212987  0.77025958365868175  0.78192311909883028  0.79360557920256680
  0.80526674447656355  0.81633905816530916  0.82678339249251454  0.83710346694515270
  0.84770239703980599  0.85855854667679621  0.86882829878984003  0.87927638076700110
  0.88924208352826106  0.89905675066627799  0.90896045356489119  0.91934646068640236
  0.93003091505796032  0.94094021313315124  0.95184888361027675  0.96276233954573254
  0.97284175187087585  0.98182242084512239  0.99076855547443399  1.00000000000000000
 -0.00258964952374372  0.01008744303100185  0.02224043289581502  0.03376086169810277
  0.04472430994147203  0.05583365008336368  0.06709553211399757  0.07799077863427251
  0.08905425843081864  0.09995218158463716  0.11122532704505975  0.12235778729720587
  0.13323614577826681  0.14391699055835652  0.15462180381614099  0.16533920636824798
  0.17606090243368933  0.18701456789732585  0.19780570828268695  0.20791541103064162
  0.21796961954404032  0.22862448933676824  0.24001526435204187  0.25121514652399374
  0.26153217284511943  0.27066810199732505  0.27930312674301211  0.28792926568222416
  0.29625280205527943  0.30656507880390232  0.31607834380358402  0.32466929802119343
  0.33313766924371718  0.34212938209993432  0.35220781241041937  0.36327471477674367
  0.37433229249914990  0.38496351774447324  0.39543729054931459  0.40581617542525877
  0.41646786084746268  0.42654445241580929  0.43654219256535026  0.44674941205227631
  0.45743586197904956  0.46827571063026785  0.47901009366955188  0.48962398969064880
  0.50019482364980505  0.51090753766412078  0.52184215202832462  0.53252037871306857
  0.54314191822753088  0.55342135978915685  0.56338498338215381  0.57333143169625911
  0.58366628716185298  0.59435526521281068  0.60488785825170943  0.61539211022065510
  0.62607291140546772  0.63669534212899082  0.64724601166475726  0.65783932382252130
  0.66818561785425523  0.67858651185086993  0.68926597951909652  0.70006047796917370
  0.71094909811326290  0.72178349686599008  0.73168051123413425  0.74131898070910918
  0.75117707207270112  0.76135021767583910  0.77185316592219777  0.78217863274916632
  0.79279731596587621  0.80306569734265210  0.81337202961483845  0.82434495101701921
  0.83572899374133491  0.84783530486413627  0.85980065982641740  0.87101520376246322
  0.88113663550523957  0.89125606398197310  0.90171495846560756  0.91203106374228304
  0.92214610029256761  0.93289374003314363  0.94388328220911821  0.95502216148212749
  0.96637628974911183  0.97749292042715918  0.98892249069155036  1.00000000000000000
 -0.00184249319294179  0.00803422114396114  0.01869834517625366  0.02879711257251530
  0.03831036028575305  0.04763022391811445  0.05666585063700597  0.06553454704029843
  0.07429612001262194  0.08323409875985149  0.09164407087595726  0.09985932453704244
  0.10967440247396790  0.12166936346351981  0.13348111162493714  0.14485243086690949
  0.15571097771654940  0.16624196301949734  0.17672452089941923  0.18772364600766206
  0.19941737970846707  0.20896027238691559  0.21710199837935340  0.22541340533029294
  0.23517821664760577  0.24603690064589537  0.25632195042713829  0.26663159019917049
  0.27705310405121036  0.28808998261461083  0.29886836372063225  0.30919573954567697
  0.31943470221624287  0.32937500685206994  0.33922477861718781  0.34930330020872896
  0.35981738996370394  0.37073845980595582  0.38142813748935878  0.39179968652344960
  0.40175843576597597  0.41256424056108981  0.42405659729620410  0.43572982024441836
  0.44758239970769109  0.45943653226199016  0.47094923776462944  0.48194789816464884
  0.49313657051617282  0.50387008767949959  0.51429890381558452  0.52474062479805161
  0.53539397094655627  0.54610852546266342  0.55712348684311386  0.56876022382712910
  0.58013689451497341  0.59119215369524236  0.60188721934056910  0.61270295620667492
  0.62393284227836965  0.63562717172747474  0.64722563130769228  0.65801511059165407
  0.66846940255025344  0.67892352804996892  0.68931439858550658  0.69975597881610729
  0.70981794969087320  0.71964649604154396  0.72961808860065247  0.73992251201388204
  0.75078460626279486  0.76210697901454383  0.77381203654606778  0.78586809919740619
  0.79795149465322401  0.80967167036767029  0.82083347097539361  0.83090417855357357
  0.84111584849736309  0.85150254218268262  0.86254343411578482  0.87398705268130694
  0.88536592737718889  0.89644737891714110  0.90721901678150452  0.91808985666053577
  0.92806030538469342  0.93824675727245122  0.94766048967125893  0.95875360956822508
  0.96923584391508200  0.97954047038445491  0.98882157243245472  1.00000000000000000
  0.18456521850336863  0.20402841063229865  0.22377760735991215  0.24956354191774666
  0.28295666247155760  0.31893521464844787  0.35882627106449816  0.40231600568171105
  0.44398830027522729  0.48938624751944815  0.52906701964705238  0.56224413758553438
  0.58899479173022229  0.60871295976936757  0.62350251957291325  0.63430480998701999
  0.64310456269349636  0.65026528737120515  0.65597672229932558  0.66104082204140913
  0.66523656736654380  0.66833692061477989  0.67092480127729581  0.67317053702446283
  0.67522355805207868  0.67735207094164784  0.67958039765527101  0.68156621986029664
  0.68313084751953024  0.68452739203164270  0.68573862581211731  0.68684597760024391
  0.68778220764630082  0.68860330555980054  0.68929060307565404  0.68997724027535035
  0.69068192848940091  0.69138735779965921  0.69208067899416958  0.69272745625166832
  0.69334704415282866  0.69389557875685048  0.69444799456415540  0.69496918752447512
  0.69547496772113737  0.69595587755812371  0.69645206879001398  0.69692978548529072
  0.69744395310283791  0.69800202561649882  0.69855973123916770  0.69912076209245655
  0.69965448675816788  0.70016996772170426  0.70068573766886011  0.70119357301135310
  0.70169036216187519  0.70220047369419980  0.70274762447772476  0.70330379800615106
  0.70387998853561839  0.70451246536677292  0.70517184527906418  0.70583981346363467
  0.70652248933349548  0.70724133007549661  0.70806056487202118  0.70887735827293308
  0.70971607107637480  0.71058159871451221  0.71154488051196407  0.71259014671096366
  0.71366167872374286  0.71482230775491340  0.71608985460447161  0.71747933930722174
  0.71899191565048892  0.72065503133839848  0.72252305417259133  0.72457522670324825
  0.72680608524324852  0.72922328291362326  0.73181446320938837  0.73441987273936382
  0.73741353460652859  0.74082117110802248  0.74464924214559980  0.74900049686001957
  0.75377900143312204  0.75967405185069992  0.76724733817393298  0.77755786756348177
  0.79101711445089917  0.81035740566655667  0.84944555921362319  1.00000000000000000
   2.1162360030153530E-009  -1.0000000000000000     
 F F F F F F F F F F F F F F F F F F F F F F F F F F F F F F F F F F F F F F F F F F F F F F F F F F F F F F F F F F F F F F F F
  <DiscreteSampler_grid>
  grouped_processes
  1 # 1 for a reference and 2 for a running grid.
  10 # Attribute 'min_bin_probing_points' of the grid.
  1 # Attribute 'grid_mode' of the grid. 1=='default',2=='initialization'
  0.0000000000000000 # Attribute 'small_contrib_threshold' of the grid.
  0.5000000000000000 # Attribute 'damping_power' of the grid.
 # binID   n_entries weight   weight_sqr   abs_weight
    19   10   5.757937634040749E+006   3.311722241181477E+014   5.757937634040749E+006
    22   10   5.757937634040749E+006   3.311722241181477E+014   5.757937634040749E+006
    25   10   5.757937634040749E+006   3.311722241181477E+014   5.757937634040749E+006
    28   10   5.757937634040749E+006   3.311722241181477E+014   5.757937634040749E+006
  </DiscreteSampler_grid>
