 -0.01328468060561399  0.10149479452451224  0.15890399069902550  0.20130335418358747
  0.23604756086469136  0.26955736773467553  0.29993504850526748  0.32863991183304647
  0.35664206790162484  0.37884121105308588  0.40013053660618292  0.42320046211432361
  0.44373552999968874  0.45866765420193534  0.47345765818992758  0.49018344423253363
  0.50593536994209931  0.52327605305417502  0.54047496651231031  0.55523017742084779
  0.56774040641698409  0.57961237175762337  0.59221934915836805  0.60526899087296770
  0.61848630954484685  0.63020830755002755  0.64251640925873732  0.65443262934021484
  0.66780249312894602  0.68084570499474395  0.69173815148725493  0.70136710451753981
  0.71032303504004135  0.71911228985060049  0.72774175810338559  0.73542388777807455
  0.74273994938631160  0.75086275089810239  0.75927662265870888  0.76818210672253551
  0.77742712461329599  0.78599258076459133  0.79331125540415404  0.79987802692393517
  0.80670149734682639  0.81392978064621080  0.82111376446799256  0.82893786337083175
  0.83653901862007662  0.84320539202558709  0.84907807143338265  0.85539651531991245
  0.86210956612317602  0.86865542429789733  0.87481910669500729  0.88085912566543756
  0.88657808636233526  0.89213301379794341  0.89750646879109719  0.90249630551500626
  0.90706865364593714  0.91098546105720490  0.91419863892017972  0.91713249597789814
  0.91990344741448249  0.92307128558037288  0.92654726050709535  0.92961015065001362
  0.93277840031384385  0.93624151258118271  0.93941845074437680  0.94253136141563409
  0.94607850857153597  0.94954868763518030  0.95295917852390555  0.95616123397289610
  0.95914487246577618  0.96207733717639310  0.96493709270816386  0.96763223931324938
  0.97001813316734686  0.97226369228977638  0.97437714495875904  0.97592749921441246
  0.97714937856969886  0.97829624563726847  0.97943099762995989  0.98078953480655029
  0.98223804819815508  0.98427531047492312  0.98615950079668913  0.98814448612574679
  0.99032381676939096  0.99270318806829638  0.99521304616960016  1.00000000000000000
  0.00000000000616314  0.00000000000789915  0.00000000000919404  0.00000000001026071
  0.00000000001109233  0.00000000001194493  0.00000000001283791  0.00000000001392118
  0.00000000001537908  0.00000000001686918  0.00000000001846451  0.00000000001999986
  0.00000000002146497  0.00000000002287784  0.00000000002489203  0.00000000002703917
  0.00000000002931693  0.00000000003148577  0.00000000003362598  0.00000000003562720
  0.00000000003740109  0.00000000003956347  0.00000000004126891  0.00000000004281691
  0.00000000004444659  0.00000000004605431  0.00000000004776685  0.00000000004955281
  0.00000000005139269  0.00000000005330405  0.00000000005529583  0.00000000005747625
  0.00000000005969583  0.00000000006164583  0.00000000006357537  0.00000000006674269
  0.00000000007046151  0.00000000007421982  0.00000000007792386  0.00000000008148433
  0.00000000008524745  0.00000000008953887  0.00000000009417153  0.00000000009830350
  0.00000000010272834  0.00000000010751848  0.00000000011305374  0.00000000012042509
  0.00000000012808318  0.00000000013477354  0.00000000014100468  0.00000000014757963
  0.00000000015346879  0.00000000015917058  0.00000000016673043  0.00000000017499821
  0.00000000018432041  0.00000000019486815  0.00000000020673619  0.00000000021909475
  0.00000000023120670  0.00000000024453938  0.00000000026011698  0.00000000028126995
  0.00000000030484567  0.00000000032916112  0.00000000035486725  0.00000000038251960
  0.00000000041332146  0.00000000045019773  0.00000000049413371  0.00000000054041422
  0.00000000058892914  0.00000000065079990  0.00000000074232542  0.00000000084849277
  0.00000000096519685  0.00000000112014870  0.00000000134025366  0.00000000163788493
  0.00000000201188893  0.00000000249433303  0.00000000306099952  0.00000000386571522
  0.00000000517614887  0.00000000807375946  0.00000001419255334  0.00000002661025335
  0.00000006863890028  0.00000033007736528  0.00000192663271303  0.00001409887934227
  0.00014818098325752  0.01109332528927161  0.61888233967383177  1.00000000000000000
 -0.00247403331475090  0.00928426687262488  0.02011578230439623  0.03123901065930996
  0.04109485211762109  0.05061535962689181  0.05822089601178334  0.06588327008547418
  0.07417392881435483  0.08344708584370122  0.09359080394820553  0.10288961837668842
  0.11154337367799320  0.12023751748483001  0.12956545949587234  0.14028712341811048
  0.15165310619883154  0.16292871218823646  0.17398119151810770  0.18548767475463157
  0.19714231654696679  0.20742387026265643  0.21612354470316053  0.22463325731074479
  0.23388991567559572  0.24486340423894293  0.25696683394632630  0.26882686441609333
  0.28039690663523059  0.29182897544560060  0.30332916866355369  0.31436134106429703
  0.32406532620044753  0.33340456291958692  0.34236910505569190  0.35191503673011926
  0.36153069927700077  0.37046686448838023  0.37930250979744418  0.38836537765799273
  0.39828851676464760  0.40872623882941012  0.41951848738415592  0.43048806241443810
  0.44158733372862524  0.45323230032541945  0.46428268814350176  0.47514209390139439
  0.48642993121326850  0.49763574942164918  0.50883539155058866  0.51976098636915058
  0.53068438366616488  0.54177633579987383  0.55190199807771356  0.56062497429850988
  0.56916364778198081  0.57995025988084103  0.59185276314727431  0.60370091967536144
  0.61581510326344691  0.62752430680517080  0.63782231551085300  0.64721035751965261
  0.65668933462767554  0.66601377332150635  0.67767969642925463  0.68912112523462321
  0.70077581045625337  0.71235150961951965  0.72460146069347586  0.73626792225675497
  0.74818395470021637  0.76021591334519534  0.77211844668580609  0.78366411045917217
  0.79486958485324966  0.80633433528217113  0.81842184551630071  0.83043125148043528
  0.84176118641338238  0.85244644129598823  0.86239648341019948  0.87261741753303568
  0.88273880518492243  0.89359725716892591  0.90459832383074279  0.91575346468007635
  0.92683194632654764  0.93769312216242851  0.94838276414262590  0.95897475660854237
  0.97000770124013225  0.98046735507636107  0.99048354806356242  1.00000000000000000
 -0.00204415273596376  0.00825930143882440  0.01658653052029496  0.02515816378213078
  0.03406310189167946  0.04354373172655868  0.05409708189693579  0.06568730746986962
  0.07764904240123482  0.08892570764193289  0.09964419697019825  0.11059574635843192
  0.12173309308102646  0.13239589640101088  0.14290877614765460  0.15369896912016712
  0.16469076252863202  0.17621529604452180  0.18736171763425119  0.19861508368648984
  0.21035419373977401  0.22094011667673971  0.22954769175981829  0.23773970509322867
  0.24645069825223576  0.25508342082627078  0.26467391312397770  0.27259012172786301
  0.28105537581375312  0.29054096674871499  0.30036316800996327  0.31119064150178599
  0.32052552095782377  0.32877121398126602  0.33621714805051883  0.34344572679030705
  0.35168461190453637  0.35988567726109782  0.36839542840125705  0.37865351618115589
  0.38988411768611053  0.40114536081518848  0.41219919131701799  0.42332509362375625
  0.43407590543747621  0.44442050800039479  0.45482981091371794  0.46570430245145050
  0.47738029038484525  0.48905574149035719  0.50107812037995003  0.51300189963339471
  0.52439735678692567  0.53497437758822475  0.54458828650804536  0.55428152070588999
  0.56405713648720301  0.57466934799272062  0.58621140846162434  0.59811068902082898
  0.61002951248254622  0.62210856186623598  0.63416098030904433  0.64546508825487381
  0.65600235792153372  0.66625502703802397  0.67633393833911526  0.68728146981839155
  0.69891116345336868  0.71130286568607926  0.72419648689049276  0.73663075265360656
  0.74850518018901291  0.76001129570833748  0.77156947760000616  0.78314357730173401
  0.79439091667659756  0.80511841169272380  0.81570774277446101  0.82604017812751229
  0.83620114559702485  0.84693667692401187  0.85733375174581417  0.86786811951582166
  0.87856121343868154  0.88967057866169075  0.90148130250913394  0.91308779606176083
  0.92447046680900291  0.93566521213311504  0.94618683415324123  0.95763540971975969
  0.96886250463834955  0.97982959125915203  0.99017696618190709  1.00000000000000000
 -0.00262078805903250  0.00993012956011637  0.02119301565584935  0.02796429707126181
  0.03509554680298119  0.04284921882974263  0.05150084798708794  0.06155151382698051
  0.07266965331509971  0.08374537601757617  0.09415835330777106  0.10352343088820988
  0.11267466128664888  0.12205829295490253  0.13230798435901087  0.14216250441509443
  0.15134522783768758  0.16053626373755225  0.17009027324409592  0.18127405478121517
  0.19217262574398444  0.20267323130779288  0.21249156956030193  0.22337968747311893
  0.23340140251455563  0.24398036283990876  0.25480259604423661  0.26533129520768417
  0.27691411920686715  0.28878985293158876  0.30054437775177512  0.31209354838346531
  0.32353142542514612  0.33500195954761530  0.34637224569843722  0.35728599779427006
  0.36816327951133065  0.37964567202936117  0.39179883695652695  0.40264535891964603
  0.41237299470656169  0.42208507225483061  0.43180284442795147  0.44232210240323216
  0.45373277760196656  0.46494730361728209  0.47588060060035980  0.48643036823541907
  0.49672134954837666  0.50684971665511291  0.51675408243904297  0.52744443581348899
  0.53835360851812386  0.55001750869107813  0.56133133689680081  0.57245896631890614
  0.58304123357748361  0.59348034819247864  0.60433678459768614  0.61570489107189152
  0.62698976929771988  0.63831877633449197  0.64990619131958494  0.66075131655475872
  0.67106249568330611  0.68150478503744694  0.69268830635554623  0.70381800742065026
  0.71507559973996571  0.72626260360330175  0.73745756888139347  0.74854883749177659
  0.76004892038662841  0.77189694954132959  0.78338841070511822  0.79448871867582782
  0.80503430650450336  0.81551338303742882  0.82622405244219121  0.83606998319753212
  0.84489215375999704  0.85376155913663598  0.86323037962525462  0.87314548540989290
  0.88328945656256974  0.89411304445488826  0.90553802221162705  0.91725570442558668
  0.92824060411508280  0.93823280314403379  0.94813819886189055  0.95774480991113986
  0.96737330262796872  0.97751291251251804  0.98678507234187018  1.00000000000000000
  0.18848352832643606  0.19051203011482942  0.19271033423851619  0.19573791223094003
  0.19891466997196319  0.20250162362881768  0.21128697601448260  0.22968595640248626
  0.26355471485750920  0.31099917507625935  0.36125958933030733  0.41247807524821184
  0.45902322707820198  0.50166298562929401  0.53768222493743978  0.56803366448053561
  0.59194390391761220  0.60968211601060196  0.62413097216991464  0.63646690783880755
  0.64640576492126633  0.65375520298743639  0.65926757688720927  0.66390610569975383
  0.66800989761403540  0.67165176240480251  0.67478719023143008  0.67734133037432775
  0.67945648599851560  0.68119784268741623  0.68257059741041692  0.68375158771427702
  0.68480559529036800  0.68583873022509223  0.68691808872553473  0.68791046229649089
  0.68874351438331916  0.68950793665550580  0.69022980132314804  0.69094305025518221
  0.69161043532952537  0.69221555584228123  0.69277491106178024  0.69328072916119388
  0.69381435046833428  0.69439186622901983  0.69487085455098963  0.69528769546441282
  0.69568186968392831  0.69607459836002039  0.69656325853983225  0.69708955553044505
  0.69759043655191444  0.69807326231364808  0.69853043637347423  0.69898595802888897
  0.69944600916780597  0.69989828224306638  0.70034940967348880  0.70082562357378120
  0.70136983390742991  0.70197501012679286  0.70261855118324112  0.70322564808103105
  0.70380589831858964  0.70436858618913256  0.70490412844804673  0.70549854076224872
  0.70613059985071447  0.70682495470221485  0.70761315713345341  0.70849003922601705
  0.70941137020417200  0.71034796834423863  0.71138154651923891  0.71257221438225382
  0.71391952433510197  0.71534908919631657  0.71684598039152514  0.71848165410093112
  0.72038248336497612  0.72258377299598242  0.72490159568275747  0.72724468596447522
  0.72953901875166538  0.73208327140346829  0.73526204090531322  0.73934061552368679
  0.74413914519431401  0.75048729812714776  0.75846495026293637  0.76830747370051145
  0.78079345554886992  0.79834759958862778  0.83369306847413538  1.00000000000000000
   2.6148525367232663E-009  -1.0000000000000000     
 F F F F F F F F F F F F F F F F F F F F F F F F F F F F F F F F F F F F F F F F F F F F F F F F F F F F F F F F F F F F F F F F
  <DiscreteSampler_grid>
  grouped_processes
  1 # 1 for a reference and 2 for a running grid.
  10 # Attribute 'min_bin_probing_points' of the grid.
  1 # Attribute 'grid_mode' of the grid. 1=='default',2=='initialization'
  0.0000000000000000 # Attribute 'small_contrib_threshold' of the grid.
  0.5000000000000000 # Attribute 'damping_power' of the grid.
 # binID   n_entries weight   weight_sqr   abs_weight
    19   10   8.421162455240615E+006   4.609493666344167E+014   8.421162455240615E+006
    22   10   8.421162455240615E+006   4.609493666344167E+014   8.421162455240615E+006
    25   10   8.421162455240615E+006   4.609493666344167E+014   8.421162455240615E+006
    28   10   8.421162455240615E+006   4.609493666344167E+014   8.421162455240615E+006
  </DiscreteSampler_grid>
