 -0.01055933254598426  0.08763883521728943  0.14091414558634091  0.18276618036339248
  0.22080149632556043  0.25227702064170493  0.27964686169985681  0.30499393143545417
  0.32912446077207730  0.35301818317647610  0.37761615568456947  0.39945418744383354
  0.41996536397277351  0.44018001918661648  0.45876311198623537  0.47641125272320423
  0.49405237260503249  0.51023253302459415  0.52505822858817208  0.54103358356467202
  0.55641071480017790  0.57151611334978392  0.58730349202918630  0.60302528156243163
  0.61766274458634196  0.63072836495393081  0.64284959026289723  0.65464117711544734
  0.66715417965986734  0.67973452505728094  0.69148507442747931  0.70224502155265245
  0.71275232421223589  0.72408279531320319  0.73550298999013708  0.74546692420126182
  0.75392718528232983  0.76156207736072379  0.76959095349218576  0.77836147011794465
  0.78698654124153000  0.79520520631440028  0.80344007603515688  0.81244614683566985
  0.82188539696743179  0.83190727687909649  0.84053825895885026  0.84810584783865650
  0.85527176776105129  0.86264093592963731  0.86939699801744175  0.87543073186481113
  0.88041817353449003  0.88493581022164436  0.88871997941236225  0.89144542008586158
  0.89398240653800098  0.89717305731159058  0.90056070475002858  0.90401498505229227
  0.90833355474307864  0.91287952787288851  0.91744368045408764  0.92193410850022295
  0.92642341387310101  0.93087968398595511  0.93484223357319618  0.93817590445279264
  0.94118495953490167  0.94394041805989060  0.94655831915380295  0.94931530998766112
  0.95170234101923412  0.95378093721229773  0.95524614060616053  0.95658982079807953
  0.95788691704000706  0.95924868073731107  0.96110646612908535  0.96329725513965292
  0.96516846650791577  0.96731464078759155  0.96945157390880043  0.97150050074903627
  0.97345662509018804  0.97521064671283675  0.97712268821066595  0.97905419869127663
  0.98105324880495737  0.98311132581048855  0.98519295464262080  0.98785447059052189
  0.99092045871611556  0.99366489566575023  0.99516106215905054  1.00000000000000000
  0.00000000004352472  0.00000000004509532  0.00000000004628756  0.00000000004744843
  0.00000000004871322  0.00000000005002321  0.00000000005135229  0.00000000005273687
  0.00000000005436361  0.00000000005611957  0.00000000005806462  0.00000000006017178
  0.00000000006221678  0.00000000006385714  0.00000000006581462  0.00000000006800490
  0.00000000007058906  0.00000000007333143  0.00000000007635387  0.00000000007946360
  0.00000000008305395  0.00000000008635645  0.00000000008944844  0.00000000009250436
  0.00000000009551185  0.00000000009839994  0.00000000010159796  0.00000000010526297
  0.00000000011023307  0.00000000011528568  0.00000000012010385  0.00000000012460566
  0.00000000012893089  0.00000000013344554  0.00000000013835694  0.00000000014441510
  0.00000000015018885  0.00000000015582434  0.00000000016144849  0.00000000016689217
  0.00000000017332950  0.00000000018012382  0.00000000018581127  0.00000000019103646
  0.00000000019632965  0.00000000020167038  0.00000000020775992  0.00000000021443762
  0.00000000022356708  0.00000000023650830  0.00000000024918119  0.00000000026226961
  0.00000000027401544  0.00000000028483434  0.00000000029562836  0.00000000030806072
  0.00000000032278913  0.00000000034025468  0.00000000035972969  0.00000000037905920
  0.00000000039893645  0.00000000042017042  0.00000000044549846  0.00000000047629703
  0.00000000051331312  0.00000000055317080  0.00000000059454514  0.00000000063940708
  0.00000000068954991  0.00000000074614676  0.00000000080727010  0.00000000087061685
  0.00000000094313311  0.00000000102536225  0.00000000111514825  0.00000000121910600
  0.00000000135316450  0.00000000151361948  0.00000000171001770  0.00000000197039113
  0.00000000231437469  0.00000000277369360  0.00000000338343515  0.00000000418709336
  0.00000000571111147  0.00000000807572093  0.00000001199508969  0.00000002078068853
  0.00000004344997657  0.00000013601655359  0.00000057726961002  0.00000414352962016
  0.00003617570330000  0.00053622944897396  0.12879547363868654  1.00000000000000000
 -0.00241139473472394  0.00977098208022727  0.02116208516671003  0.03190818591547976
  0.04266726569049309  0.05427910792027959  0.06622414478731732  0.07838196411636036
  0.08992011443385710  0.10074668682835472  0.11234361649757502  0.12388474679083995
  0.13588177729085327  0.14672093842661427  0.15755654580738265  0.16828564745306743
  0.17955378282269785  0.19133849101719233  0.20333330626508939  0.21555165752852851
  0.22751845414272756  0.23854321504646636  0.24792923668874189  0.25739820251799589
  0.26759339772892893  0.27843777355788385  0.28933608563738744  0.30015709154841769
  0.31086860374497766  0.32115781300461171  0.33094977173274814  0.34074015104997707
  0.34970015138040428  0.35853541461626948  0.36765341869202911  0.37687063431866841
  0.38820696599456594  0.39913962733043601  0.40993517202568136  0.42065675079948756
  0.43177360910668405  0.44219901731299149  0.45082535278695801  0.45908476819616711
  0.46681174699015066  0.47563989087979580  0.48619375425019579  0.49748121879282242
  0.50895946836665462  0.52034914988558478  0.53171522790944348  0.54260287643266214
  0.55320965349138196  0.56441098637480458  0.57649691448864515  0.58877929989404598
  0.60099676058261431  0.61242123428153372  0.62366874006756234  0.63444018287068815
  0.64549401851648514  0.65662943802571927  0.66815620623852567  0.68055935401593903
  0.69336467433398774  0.70587893754934028  0.71733028233341456  0.72855591562457489
  0.73957018069287894  0.75070953302830379  0.76098533556655690  0.77069355402351780
  0.78033118966218384  0.79102536542624757  0.80181722393497212  0.81310734568638154
  0.82305139656495541  0.83273318957437215  0.84197135970597581  0.85176956787003211
  0.86103078452172455  0.86911607216826747  0.87648938633676676  0.88380876035427569
  0.89226971326824323  0.90158386944959368  0.91104704206079612  0.92056599429630515
  0.93012606940164277  0.93969494800600850  0.94961822934737605  0.95968161055245260
  0.96999146523368163  0.98048889397183392  0.99044530026362121  1.00000000000000000
 -0.00301799268440366  0.01064663563648946  0.02257878629409810  0.03447578397647381
  0.04483757783756419  0.05531298105976682  0.06595851616708580  0.07547160540031586
  0.08526173970778260  0.09496279582675002  0.10411515504804467  0.11364079817669993
  0.12428770461826154  0.13555232488769922  0.14692502123786569  0.15821987669730950
  0.16931863062956029  0.17973695793700351  0.18866709358013872  0.19776038839805271
  0.20729050412333536  0.21907433891626954  0.23138819043271314  0.24324621413774564
  0.25484168115689027  0.26543780879620793  0.27443924040772627  0.28259859939730370
  0.29092150426430630  0.30105489793307622  0.31206916120401168  0.32194769011177748
  0.33151656888823133  0.34282801667279073  0.35434995018184806  0.36560078913284816
  0.37641934890100348  0.38839968410478398  0.39888700008925360  0.40620133765261629
  0.41356968219415635  0.42155529340418840  0.43123060271326968  0.44129805903091168
  0.45162980618117116  0.46229036190191736  0.47218058114399369  0.48170618292530221
  0.49250494597679123  0.50450953357728578  0.51658860922774519  0.52789640447180541
  0.53831600407761582  0.54919652509593075  0.56084554819867916  0.57250386523651886
  0.58415076166449886  0.59573197379907772  0.60624499170127288  0.61686591975026617
  0.62769267990758926  0.63938852527192058  0.65078707683360026  0.66192934164950556
  0.67320081939989462  0.68449987956088021  0.69538859089782457  0.70564958511109332
  0.71590866198765657  0.72685936543191720  0.73866321203290519  0.75073228915281920
  0.76118258193469079  0.77098645431439994  0.78129188582782283  0.79055685689112898
  0.80022826748268927  0.81025547410021170  0.82103938363820883  0.83189788634013229
  0.84166968975595524  0.85050265038535000  0.85912060129937551  0.86869383595335625
  0.87921544105236316  0.88969400491980200  0.90061506614566378  0.91216115341781168
  0.92337098140696305  0.93452015774877650  0.94564611373462915  0.95600192308834930
  0.96682303225278743  0.97777206140127348  0.98858648165950180  1.00000000000000000
 -0.00267262293524141  0.01104133540606705  0.02025580750775888  0.03091174403508395
  0.04098218562736722  0.05067269852938305  0.06088665421849661  0.07180763037663038
  0.08314875308211453  0.09386529401524385  0.10467581333128931  0.11621434057136633
  0.12785159486769695  0.13902378696142167  0.14922753462449329  0.16030681720917683
  0.17156627685534409  0.18218522610326202  0.19184188004525468  0.20085945148017895
  0.21080854861200737  0.22161460422089183  0.23311522033362178  0.24449646110740900
  0.25538911318757079  0.26570818349327197  0.27608166682951946  0.28695360089519756
  0.29835194821695710  0.30939352435279560  0.31922627726180641  0.32841840079886514
  0.33793582719575771  0.34721403849909732  0.35888165514468184  0.37048166403870925
  0.37894283541532342  0.38730672299495017  0.39529235511783373  0.40362348933652231
  0.41179990891971496  0.42175436330399435  0.43351316712887067  0.44464662209052463
  0.45588729388357779  0.46723202252741025  0.47725220603048935  0.48667770677469835
  0.49618637740959226  0.50587355628127439  0.51700702162824463  0.52850457374998894
  0.53913550482865069  0.54963584567895762  0.56063112251494129  0.57252877383511303
  0.58390877935274721  0.59532224658688193  0.60531117641317544  0.61367857365756961
  0.62210393854077162  0.63086030271704552  0.63996439827134477  0.64983663355843690
  0.65992293112039024  0.67132813268456704  0.68301851281185944  0.69491143965642288
  0.70656869005835810  0.71814242904802161  0.72926078103619063  0.73858760612939078
  0.74752181759032987  0.75726595243900829  0.76693044569325397  0.77665462693086118
  0.78618229491132718  0.79486621850037142  0.80451383321025038  0.81588439811946334
  0.82806545195556580  0.84012151749601260  0.85213433278984985  0.86417158993225596
  0.87635118518605304  0.88832221335276140  0.89978506685459059  0.91098551232660163
  0.92274880942592841  0.93456361810230459  0.94673128291206832  0.95877751380951848
  0.97039676912668815  0.98095700961155019  0.99112145179105959  1.00000000000000000
  0.18403565006809833  0.21250025106593892  0.23605061873856809  0.27256794216639163
  0.31725636561502685  0.35553111677537769  0.39611275424446035  0.43451614655917159
  0.47092248934832021  0.50347885004625759  0.52794012707654714  0.54423693190525535
  0.56202033266980478  0.58082617035047235  0.59641566536355173  0.61050268205758784
  0.62379546056121771  0.63367685119730077  0.64128630969087708  0.64796907490387623
  0.65382182150314139  0.65876082328115904  0.66283042321656571  0.66630481224559657
  0.66937753575117442  0.67227625669322011  0.67497314866320712  0.67727039350481222
  0.67920687641784872  0.68085279094089757  0.68236288174656423  0.68376073027926298
  0.68507689423122753  0.68615828574877558  0.68713945720211667  0.68805613523831122
  0.68889674299237413  0.68963337683241499  0.69033781677029649  0.69099233505725322
  0.69164895081908251  0.69230006041919534  0.69293657382067142  0.69355107337141220
  0.69415052779912234  0.69473099281863104  0.69527154268122693  0.69578567370273181
  0.69627037786418555  0.69673154220299183  0.69719550496354044  0.69766841999286933
  0.69816294995857897  0.69867886103820920  0.69921060972702298  0.69974660326856220
  0.70029431371968687  0.70084334323339803  0.70138758738611695  0.70194231389848916
  0.70251053138586073  0.70312018031545698  0.70371878284714051  0.70435778778856661
  0.70505451307832778  0.70577138120831051  0.70644956834146011  0.70714571174628993
  0.70788091276418541  0.70866092771453504  0.70954201924470861  0.71053415752979243
  0.71167485961200871  0.71299134745059811  0.71438042773160704  0.71581618296851723
  0.71737232529986328  0.71891650844076616  0.72020269410998672  0.72163458340194409
  0.72278729919524443  0.72434136428730822  0.72624996472124004  0.72874460047721901
  0.73200756401617462  0.73585095710105475  0.74010775388355066  0.74472310778566264
  0.74935287851140409  0.75476845293926298  0.76138772267352872  0.77057488767154025
  0.78285679255576468  0.80061279602375501  0.83578045087216180  1.00000000000000000
   2.5532253282026225E-009  -1.0000000000000000     
 F F F F F F F F F F F F F F F F F F F F F F F F F F F F F F F F F F F F F F F F F F F F F F F F F F F F F F F F F F F F F F F F
  <DiscreteSampler_grid>
  grouped_processes
  1 # 1 for a reference and 2 for a running grid.
  10 # Attribute 'min_bin_probing_points' of the grid.
  1 # Attribute 'grid_mode' of the grid. 1=='default',2=='initialization'
  0.0000000000000000 # Attribute 'small_contrib_threshold' of the grid.
  0.5000000000000000 # Attribute 'damping_power' of the grid.
 # binID   n_entries weight   weight_sqr   abs_weight
    19   10   5.157810210579038E+005   1.001809406835419E+012   5.157810210579038E+005
    22   10   5.157810210579038E+005   1.001809406835419E+012   5.157810210579038E+005
    25   10   5.157810210579038E+005   1.001809406835419E+012   5.157810210579038E+005
    28   10   5.157810210579038E+005   1.001809406835419E+012   5.157810210579038E+005
  </DiscreteSampler_grid>
