 -0.01309931648611043  0.09965996751958625  0.15416678836926856  0.19670023355482044
  0.23789173571954139  0.27214595939989650  0.30056780617655415  0.32819114537093225
  0.35423028620524138  0.38056221389990652  0.40653039526861579  0.42865390503514500
  0.44272436936496884  0.45530571411757398  0.46868476967375672  0.48701843082340435
  0.50405080866994245  0.52172015090256318  0.53817528821623173  0.55224124600894431
  0.56411737736435275  0.57525290408364005  0.58737191225112328  0.60076670028734380
  0.61500991740825595  0.62886625334972368  0.64240269580735876  0.65607606628300341
  0.66893692652595882  0.68005681407991547  0.68979956327783698  0.69998151981032275
  0.71077029342704323  0.72178227290229979  0.73244253129280434  0.74291851850636259
  0.75316052162934244  0.76329987253183917  0.77314068040899675  0.78265106724740541
  0.79186952582578274  0.80015886300187877  0.80797382095296189  0.81561647717870123
  0.82208470779710974  0.82869134214533346  0.83515217057244950  0.84081647442427676
  0.84646912328176183  0.85192333611383630  0.85751117442319402  0.86325772105989640
  0.86852364004013860  0.87306148576099518  0.87757678696589592  0.88218568596344149
  0.88680058886852009  0.89143826653953495  0.89601484654765584  0.90049950049497640
  0.90534923999931693  0.91058517452277632  0.91513187558238152  0.91866470706708037
  0.92219088691563389  0.92565929509695055  0.92903493082241129  0.93304224713319950
  0.93641795017696450  0.93959695726306491  0.94284829116880331  0.94585662309743823
  0.94893231755138008  0.95198943847766937  0.95520992515860947  0.95867579280358417
  0.96223353928567745  0.96527979011752818  0.96775650768058763  0.96987014622063017
  0.97172569945293064  0.97335092104605492  0.97516750514775796  0.97713472197407880
  0.97909804304347947  0.98085094637037451  0.98233189020418699  0.98346746357450188
  0.98465253132230035  0.98596868891152956  0.98745718775793934  0.98905677275175552
  0.99111097273680382  0.99331876385192108  0.99499438106027160  1.00000000000000000
  0.00000000002010133  0.00000000002340482  0.00000000002658206  0.00000000002952594
  0.00000000003170366  0.00000000003388138  0.00000000003726553  0.00000000004075134
  0.00000000004402047  0.00000000004738231  0.00000000005078075  0.00000000005413788
  0.00000000005760127  0.00000000006148747  0.00000000006461904  0.00000000006733769
  0.00000000007000486  0.00000000007239080  0.00000000007477674  0.00000000007719882
  0.00000000007969926  0.00000000008219969  0.00000000008524126  0.00000000008940504
  0.00000000009380993  0.00000000009938012  0.00000000010604899  0.00000000011355000
  0.00000000012097546  0.00000000012779825  0.00000000013473920  0.00000000014201651
  0.00000000014764753  0.00000000015271324  0.00000000015756716  0.00000000016232580
  0.00000000016711345  0.00000000017258117  0.00000000017843391  0.00000000018446060
  0.00000000019160685  0.00000000019936643  0.00000000020758820  0.00000000021804971
  0.00000000022864982  0.00000000023866923  0.00000000024901253  0.00000000026017928
  0.00000000027224615  0.00000000028398898  0.00000000029451771  0.00000000030491819
  0.00000000031635276  0.00000000032941047  0.00000000034069507  0.00000000036426587
  0.00000000038953526  0.00000000041653842  0.00000000044918848  0.00000000048591656
  0.00000000052512071  0.00000000056667672  0.00000000062005701  0.00000000068823638
  0.00000000076628347  0.00000000085147608  0.00000000095103076  0.00000000106917551
  0.00000000119380909  0.00000000132344934  0.00000000146427197  0.00000000163059510
  0.00000000182146844  0.00000000203920993  0.00000000228762126  0.00000000261593712
  0.00000000308411418  0.00000000384532633  0.00000000494991662  0.00000000660237554
  0.00000000890773071  0.00000001191147285  0.00000001755049234  0.00000002886339965
  0.00000005081661505  0.00000009869477608  0.00000025723283053  0.00000067747559185
  0.00000210844026114  0.00000716996164418  0.00002597058638199  0.00011140331963679
  0.00076285280331968  0.02985582621245908  0.63610707204166672  1.00000000000000000
 -0.00206329853629477  0.00765508991042882  0.01764804351299032  0.02856484338503278
  0.04041037731040328  0.05256898146841260  0.06088320733741819  0.06809894466069592
  0.07467121499833682  0.08133567648118704  0.09233895760921487  0.10468666656223226
  0.11677134093796987  0.12831069857843092  0.13826565457879839  0.14709368490469821
  0.15568239030911551  0.16567429248730581  0.17684325751315957  0.18737672552097881
  0.19731828010341926  0.20770030076684057  0.21935209556096361  0.23110640353161374
  0.24321328024098501  0.25529291803667375  0.26707094826443289  0.27843169977762122
  0.28934840769316450  0.30025906678665759  0.31154819254989180  0.32307395386969801
  0.33492042784075132  0.34645871208275220  0.35797391269380641  0.36936569662090973
  0.37989847445316632  0.38904297315691255  0.39778470055332232  0.40727943727751492
  0.41670747121133023  0.42636706364498878  0.43615246986157258  0.44703091960033814
  0.45855623956528196  0.47079023522132557  0.48327409639794472  0.49603702104711850
  0.50819567311002867  0.51949233089442293  0.53002526615665946  0.54038215132461243
  0.55162508557846113  0.56417458052526326  0.57697060000653611  0.58944557330826874
  0.60158617119773583  0.61334961812011068  0.62493356007992285  0.63578766894180994
  0.64498242649247128  0.65390989064809613  0.66245075635722939  0.67134092983653926
  0.68208778852872798  0.69275140215079345  0.70362631727291913  0.71353356305954940
  0.72110200951398506  0.72819447542199089  0.73490019188407063  0.74226944643966375
  0.75213552102901171  0.76265570660809656  0.77347371459133840  0.78491384145728227
  0.79623136520545024  0.80753155889949635  0.81829155037203694  0.82890141830750019
  0.83904049227202093  0.84837043539325385  0.85864780349189973  0.86966579521210363
  0.88187502854362132  0.89300539310761651  0.90336643749745560  0.91300886035723972
  0.92329819883217090  0.93382146040337322  0.94526386778267069  0.95694925178384760
  0.96776370214557439  0.97855230234580781  0.98942966974394020  1.00000000000000000
 -0.00291901943458449  0.01126973495274033  0.02331063360693005  0.03547451478466885
  0.04742173927005042  0.05888026352373280  0.07039004860411986  0.08048283039453494
  0.09029390327796812  0.10018715312088694  0.11055237710261122  0.12152897126231792
  0.13270788166560404  0.14419207434334877  0.15559215365783122  0.16661872369316608
  0.17689323151937192  0.18747172219298508  0.19857837279869345  0.21032198803993435
  0.22211316549135363  0.23304283757176128  0.24351522403419809  0.25288135252730959
  0.26244849103848372  0.27129044606464014  0.28085309309426609  0.29156753766757754
  0.30296298841880620  0.31440968445074768  0.32568679542827089  0.33724387052668764
  0.34914805367177282  0.36101354175590822  0.37240226188083481  0.38326769882102868
  0.39422718706123389  0.40584435277614545  0.41771460337902927  0.42945035499082435
  0.44095437572121743  0.45191960007317056  0.46186211627691420  0.47123492709076814
  0.48135988746759223  0.49174932254290116  0.50271410959046747  0.51415197374045440
  0.52522477423730640  0.53529469964961052  0.54476078977000308  0.55291593163655750
  0.56067351112999264  0.56897308147469150  0.57827912358306144  0.58919788865587663
  0.59988774220562346  0.61068583214372152  0.62088043864725118  0.63069636810257890
  0.64066619008462666  0.65104771207739109  0.66140021280048633  0.67166198969126512
  0.68221621200111093  0.69404469336675267  0.70656632726820834  0.71947747954244790
  0.73171654509968032  0.74116178907267083  0.74895143553291699  0.75637565296046982
  0.76390684915324647  0.77049627160992973  0.78053216904877631  0.78929987862671813
  0.79941979284219056  0.81065914867480726  0.82192201337585713  0.83277231254187989
  0.84349272263853925  0.85362220261748745  0.86275262396639807  0.87163475592534834
  0.88070125291566248  0.89003720353784166  0.90102568676346073  0.91200355262577559
  0.92285784231086687  0.93410010322037518  0.94533438266233205  0.95509275481273970
  0.96519213371209334  0.97606798973039888  0.98805903316023680  1.00000000000000000
 -0.00247593524924044  0.00947055477080343  0.02050649806860453  0.03071138488770281
  0.04155901782209896  0.05133529050532503  0.06069715341275148  0.06929710190264232
  0.07747626659567050  0.08594311522010788  0.09552486775309711  0.10579535081895293
  0.11659000384833106  0.12731818129675110  0.13735950723342194  0.14663391489387037
  0.15556894141583799  0.16530736669902574  0.17640569127417779  0.18755128108347294
  0.19809298335930112  0.20789917757785933  0.21738824655994748  0.22722357183324915
  0.23770769336347211  0.24902471140509397  0.26091206080153606  0.27282348324774741
  0.28467373328656109  0.29666655686224769  0.30876345933290328  0.32040397660123726
  0.33200278536801248  0.34383959328833202  0.35573585234205979  0.36698108323308742
  0.37623732045583325  0.38537956165827647  0.39444199117412893  0.40418563491750148
  0.41433722925556971  0.42469870012829297  0.43609368403224558  0.44804310275102888
  0.45996212396912151  0.47184462700789759  0.48327838092667569  0.49292498661041834
  0.50228048046923279  0.51192191668403186  0.52255923044254693  0.53510837675267875
  0.54634978469841033  0.55678537963892416  0.56740321415669903  0.57930477316732265
  0.59136690088600852  0.60281397024135897  0.61395891625707999  0.62474456424483271
  0.63571364932383012  0.64705972143508073  0.65867180929481783  0.66998808022473177
  0.68069478075893097  0.69111012690084817  0.70161277697486313  0.71218953909979310
  0.72291923754800935  0.73390118870323395  0.74537684538613802  0.75410391416939049
  0.76142489449100004  0.76898271435562970  0.77592943753767296  0.78462088699132815
  0.79613700725519110  0.80789435627407569  0.81983648535660059  0.83125147877321703
  0.84273821442013430  0.85460209057730774  0.86438005580154731  0.87303745212354267
  0.88246974178929605  0.89310129092433133  0.90388425850123322  0.91393682515963581
  0.92405648674027585  0.93486670463024146  0.94656017833797801  0.95835817574031279
  0.97022406509978554  0.98088513276141864  0.99066379790823078  1.00000000000000000
  0.18660234169327239  0.20070393342439624  0.21589566817279668  0.24291719313278015
  0.27914977195715091  0.31967682549111814  0.36387674134959830  0.40854094317079509
  0.44859469427672094  0.48533981509968505  0.52037943381354990  0.55129499934221571
  0.57783598923144597  0.59958113974118576  0.61430535031164546  0.62456520124786752
  0.63268302205016635  0.64012541644236309  0.64757813457313718  0.65389935034391766
  0.65895824358423849  0.66335712698459326  0.66718559686241197  0.67048462277335219
  0.67324242679831636  0.67550006848291988  0.67737914888873685  0.67902443671959090
  0.68056090347585085  0.68206041678322316  0.68354984814733388  0.68485354709705859
  0.68599062320834270  0.68701090630682304  0.68792385080640661  0.68875299212134444
  0.68948369051751812  0.69013811604978303  0.69077637809165715  0.69142272420460760
  0.69205607108363520  0.69267220363319104  0.69331231156586393  0.69396325760918143
  0.69448777972811016  0.69489759489830472  0.69524478605771678  0.69559601278718797
  0.69595108264191385  0.69631778405746658  0.69676140259893349  0.69729153609526007
  0.69778237406566679  0.69820006189001804  0.69861757498759414  0.69901215256134852
  0.69940851440245055  0.69987027386283074  0.70040870893354457  0.70096968871496967
  0.70155935901554156  0.70214368122228343  0.70273210266470720  0.70331222848743946
  0.70390680274708828  0.70453871066923424  0.70522265843546939  0.70596221117265057
  0.70677179692157155  0.70765535113704525  0.70861044753790858  0.70953711940473385
  0.71048288835340045  0.71149069674026100  0.71253285439770953  0.71362582800215446
  0.71481849866489122  0.71608245358090161  0.71746710262293267  0.71899441995093494
  0.72081795960542849  0.72283463559674754  0.72510867708963178  0.72766152711963927
  0.73056546699690006  0.73385213485484435  0.73734148919371589  0.74138022171358897
  0.74638875470175203  0.75273690823603301  0.76097164030935627  0.77132660501639461
  0.78466394321307587  0.80309158449816254  0.83819204547825887  1.00000000000000000
   2.6727874417005861E-009  -1.0000000000000000     
 F F F F F F F F F F F F F F F F F F F F F F F F F F F F F F F F F F F F F F F F F F F F F F F F F F F F F F F F F F F F F F F F
  <DiscreteSampler_grid>
  grouped_processes
  1 # 1 for a reference and 2 for a running grid.
  10 # Attribute 'min_bin_probing_points' of the grid.
  1 # Attribute 'grid_mode' of the grid. 1=='default',2=='initialization'
  0.0000000000000000 # Attribute 'small_contrib_threshold' of the grid.
  0.5000000000000000 # Attribute 'damping_power' of the grid.
 # binID   n_entries weight   weight_sqr   abs_weight
    19   10   1.857051515131221E+004   1.716600478967479E+009   1.857051515131221E+004
    22   10   1.857051515131221E+004   1.716600478967479E+009   1.857051515131221E+004
    25   10   1.857051515131221E+004   1.716600478967479E+009   1.857051515131221E+004
    28   10   1.857051515131221E+004   1.716600478967479E+009   1.857051515131221E+004
  </DiscreteSampler_grid>
