 -0.01491790254901231  0.10873178796739939  0.16762408836368092  0.21298462319339445
  0.25479110684751333  0.29099105512982293  0.31958084969706357  0.34049050868445413
  0.36511191870610105  0.38822910619668199  0.40965882187249292  0.43125316887115644
  0.45022233051874516  0.46638371665892336  0.48480522917802682  0.50153326442029533
  0.51787565440601468  0.53375261132035168  0.54863467146313483  0.56274973755318058
  0.57651113590595715  0.59028233167702837  0.60287020929179902  0.61519608822087390
  0.62706402147352536  0.63820508416082011  0.64865549919079302  0.65900296388107504
  0.67045912909095173  0.68151172760746404  0.69177080259531387  0.70155000437549653
  0.71157560163238298  0.72181989363084120  0.73142107082063645  0.73998381376466471
  0.74802820564749750  0.75592818396445660  0.76434301256387782  0.77200537867401497
  0.77942272277317581  0.78648434138452727  0.79310910958344238  0.80009712726810511
  0.80748546502224439  0.81395247626350675  0.81966872086240294  0.82518346457673875
  0.83079359320979207  0.83724525058917765  0.84384099567957604  0.85042811775115879
  0.85694189442959512  0.86276676255843543  0.86834482407819680  0.87367396952811205
  0.87922507018887230  0.88489865050397731  0.89025549890200895  0.89518912682989549
  0.89976528956315671  0.90381792711405906  0.90746394398977603  0.91124235650470031
  0.91497657593746717  0.91893123173798530  0.92266165343369544  0.92632219847740604
  0.92990831508757088  0.93340521456232828  0.93683587942389901  0.94023034079891787
  0.94333172701720391  0.94607703921642827  0.94875940178455920  0.95125159125986047
  0.95399310944632798  0.95686585461099793  0.95941848567845545  0.96199554914025087
  0.96458227438385657  0.96722165932032067  0.96999791565572624  0.97225677548189082
  0.97451868242674122  0.97682923399668320  0.97907980422420149  0.98129450073823754
  0.98371083776519019  0.98560059048318482  0.98753698737383677  0.98955041835459512
  0.99189872158975045  0.99394746187297989  0.99501035934825255  1.00000000000000000
  0.00000000007319828  0.00000000007950936  0.00000000008385866  0.00000000008746027
  0.00000000009080472  0.00000000009439981  0.00000000009813285  0.00000000010208326
  0.00000000010585318  0.00000000010920733  0.00000000011218730  0.00000000011528069
  0.00000000011844066  0.00000000012152743  0.00000000012463205  0.00000000012791777
  0.00000000013138128  0.00000000013478530  0.00000000013849139  0.00000000014234873
  0.00000000014675623  0.00000000015195059  0.00000000015741949  0.00000000016277109
  0.00000000016811504  0.00000000017367411  0.00000000017860318  0.00000000018364592
  0.00000000018859147  0.00000000019325792  0.00000000019796033  0.00000000020228655
  0.00000000020652580  0.00000000021115145  0.00000000021579198  0.00000000022098187
  0.00000000022687192  0.00000000023499608  0.00000000024432945  0.00000000025423815
  0.00000000026391531  0.00000000027391164  0.00000000028456736  0.00000000029492692
  0.00000000030496162  0.00000000031746959  0.00000000033162607  0.00000000034551656
  0.00000000035918893  0.00000000037329397  0.00000000038849866  0.00000000040552560
  0.00000000042334808  0.00000000044093071  0.00000000045972691  0.00000000048085327
  0.00000000050939400  0.00000000054049386  0.00000000057324955  0.00000000060861745
  0.00000000064570761  0.00000000068203666  0.00000000072298350  0.00000000076820535
  0.00000000081961917  0.00000000087963754  0.00000000095036644  0.00000000102175103
  0.00000000109222161  0.00000000117205011  0.00000000126187132  0.00000000135945841
  0.00000000146740746  0.00000000159731403  0.00000000175938782  0.00000000197101790
  0.00000000226428502  0.00000000264888204  0.00000000308484960  0.00000000361145811
  0.00000000433893288  0.00000000519624435  0.00000000625404248  0.00000000822213486
  0.00000001201076852  0.00000001863049723  0.00000003763009859  0.00000008868597934
  0.00000030704395417  0.00000113245555614  0.00000587942488612  0.00004201246598727
  0.00036974300151442  0.06869188102630830  0.77140395758463787  1.00000000000000000
 -0.00300183725975255  0.01086275091835171  0.02114806008206787  0.03133774408256974
  0.04181227312132792  0.05163788783403656  0.06305024785176797  0.07471130523175919
  0.08516808819729656  0.09477291330942722  0.10452676702994941  0.11370709113662714
  0.12282914729316763  0.13250174795088218  0.14301986303797806  0.15427081088535011
  0.16530030050604286  0.17622358000097857  0.18725467902823306  0.19767571563034958
  0.20734058661134705  0.21724638122212339  0.22797865663089234  0.23895252214136747
  0.24984873323683149  0.26071536270854700  0.27174632173210139  0.28302861832500487
  0.29453683068890835  0.30594771400344078  0.31656934904463307  0.32653062160627389
  0.33605839050778946  0.34600923179596038  0.35680449431828543  0.36708266818360002
  0.37656854231557729  0.38577585194579317  0.39422890443652547  0.40304150874726480
  0.41282705389596053  0.42188125773574692  0.43131678942832474  0.44059338339941306
  0.45027485481774204  0.46014050841176413  0.46951664428396211  0.47898266775369797
  0.48880420762546400  0.49920309021995857  0.50962847333018069  0.52058462995832144
  0.53208242619113999  0.54341866811841832  0.55457194547953836  0.56491198696946066
  0.57521127844218956  0.58558396647394795  0.59645131767658999  0.60769002059151289
  0.61919828827017598  0.63092462159674734  0.64259942413637694  0.65406780521305030
  0.66535400247198484  0.67671816846046728  0.68832184756010151  0.69995061682746329
  0.71135132530823086  0.72217182229358168  0.73271052946554238  0.74342104083312077
  0.75419943004917922  0.76474677035836691  0.77504446305737273  0.78577124918059171
  0.79660730712094452  0.80688480452658062  0.81761524541663266  0.82811903072403548
  0.83857550723750973  0.84936668742196986  0.86023102051293077  0.87138800024939289
  0.88272469613540450  0.89418303927077003  0.90485802698308582  0.91460740605691149
  0.92444651794412991  0.93516915268284495  0.94655627996069758  0.95797954746429270
  0.96860533376427149  0.97845834530633113  0.98853849359210921  1.00000000000000000
 -0.00198860171790027  0.00751488767729283  0.01855676432470424  0.02907691351093557
  0.03845038592828830  0.04663297607332125  0.05408883440202328  0.06084539012933013
  0.06862027995061445  0.07655238389454283  0.08528969004973996  0.09442423328023120
  0.10359007826130030  0.11377829625620499  0.12360924279608719  0.13353114311229114
  0.14406466952695873  0.15374821614364451  0.16317819243866627  0.17339435836833081
  0.18479660817704566  0.19593806105356276  0.20706365416680630  0.21795177409167629
  0.22897970484586522  0.23969507961820255  0.25021695831628837  0.26128926656673485
  0.27232968477782976  0.28284049036821879  0.29284962056780806  0.30278525028983627
  0.31341717268280184  0.32500492401654740  0.33676980160327735  0.34745720944496672
  0.35716835882989023  0.36711108693357131  0.37839617171067524  0.39056120877134665
  0.40250802717465300  0.41410107013181047  0.42563673867106300  0.43735291054065573
  0.44902127702321343  0.45991721685448161  0.46989253437622508  0.48002194124284120
  0.49125110984290971  0.50293109110785117  0.51392893899249759  0.52438636076849432
  0.53493589310839296  0.54565945712940789  0.55629649490404665  0.56712996876306698
  0.57808870195977624  0.58908275429390222  0.59945142457758760  0.60911128717186291
  0.61919467326379751  0.62967545387561075  0.64093346590830491  0.65260619051491675
  0.66421739380706601  0.67496446403945398  0.68540817703868684  0.69601640874814386
  0.70681466334878695  0.71756908207943815  0.72796478184665980  0.73826464845536377
  0.74891099600900457  0.76012630293931316  0.77140246244994926  0.78252676957867895
  0.79374830829738008  0.80535225985034364  0.81724377443558804  0.82888650072419856
  0.83996984497824079  0.85081329452063492  0.86183574477122249  0.87289915476811863
  0.88366210785426169  0.89427511278241345  0.90486889270688198  0.91536210321651368
  0.92607105005306967  0.93629953015656286  0.94669050866081739  0.95681097400963722
  0.96716043109232208  0.97783222888149468  0.98847547356070853  1.00000000000000000
 -0.00244429944795504  0.00955130106775429  0.01837247139873114  0.02739706890547173
  0.03695376812628323  0.04749748942835367  0.05875076712546141  0.06912003419254691
  0.07889060285199724  0.08870329713728935  0.09829824931520047  0.10775280655251999
  0.11770357681773433  0.12754478357196905  0.13794069197207617  0.14870397226112125
  0.15948524777498818  0.16950957405956105  0.17936499911897433  0.18847177471131066
  0.19775614256657015  0.20853261101658449  0.21806263757904704  0.22710197807131416
  0.23601006583247397  0.24560063659282630  0.25581197635811903  0.26729073320175817
  0.27917139186299850  0.29118028104816107  0.30303774436598335  0.31444622262449612
  0.32498819490691661  0.33467679549772755  0.34309244794986088  0.35163952308896146
  0.36164141487218687  0.37141589479465537  0.38257783436519066  0.39342071065394585
  0.40433453711836109  0.41448497314032695  0.42446760626088897  0.43422217264214419
  0.44450639903950240  0.45495016953053780  0.46523646029530297  0.47568333962514747
  0.48618026041685469  0.49684897629779495  0.50781697347749499  0.51833006123188052
  0.52864265092883778  0.53913449423119819  0.54975259178199076  0.56078308553556810
  0.57241366637089308  0.58391283187887477  0.59501727682538874  0.60590161480434102
  0.61709173485784341  0.62892962115987572  0.64090609511086594  0.65271570452057481
  0.66395795914604361  0.67493520445927013  0.68595855009719231  0.69666671428341853
  0.70755060229385935  0.71889633899357219  0.73056316385384934  0.74235323008916376
  0.75335470234564283  0.76370070088948250  0.77463940973185719  0.78528322304043174
  0.79633505894637080  0.80740270198823560  0.81805436556811328  0.82832365486473813
  0.83828044701595139  0.84812741358783794  0.85841620380917161  0.86930792520937927
  0.88072292265571273  0.89179686156918403  0.90279656206800007  0.91298815596063343
  0.92289195288019377  0.93363463501400923  0.94456616400752924  0.95561953344568351
  0.96672319626797654  0.97797111363293698  0.98901892526089419  1.00000000000000000
  0.18662110980325450  0.20175175707232562  0.22119024349939823  0.24926331342466329
  0.28198329138047235  0.32276969105654774  0.36931018991008990  0.41218345143788959
  0.44733144446138773  0.47736392954420193  0.50641394740132550  0.53761020080663280
  0.56682309077720006  0.58984271524520315  0.60720788067109688  0.62094131449250489
  0.63265566347214908  0.64217438589254328  0.64978988440207075  0.65591125915894044
  0.66108801192017608  0.66545021820835482  0.66893790986220458  0.67148544677726651
  0.67377842228086193  0.67590772101807373  0.67795024555991013  0.67976271974009594
  0.68139157267530337  0.68275567243273649  0.68395265801071792  0.68505813539620852
  0.68609315324529940  0.68708504063230724  0.68796064488972708  0.68871292382450422
  0.68940245864587513  0.69001757918262363  0.69059885563583179  0.69116859997976710
  0.69174607438377156  0.69234336411642794  0.69290552214394452  0.69343251338208334
  0.69396209310919521  0.69450313160639332  0.69503212540596881  0.69555995040896712
  0.69609082630508234  0.69660821642495319  0.69711817294180756  0.69762543790204468
  0.69812322969222063  0.69860922253556967  0.69908870424693015  0.69957122826442963
  0.70005786423700977  0.70052847081647152  0.70102464282895904  0.70154688024759848
  0.70206783352566193  0.70261233198855166  0.70321004806370868  0.70383864691534670
  0.70451063128153324  0.70518856843175182  0.70586880585070055  0.70656231257655444
  0.70726966078230835  0.70803522368142224  0.70883411894368520  0.70975737346874557
  0.71064992580021458  0.71160231476318303  0.71262377661665965  0.71378254249330531
  0.71514001525031845  0.71664372002852250  0.71826429826577898  0.72002764220455773
  0.72196403487893313  0.72408041420181191  0.72629585052225243  0.72878864534360288
  0.73177146300862950  0.73521469328457123  0.73907051178815075  0.74326322805429956
  0.74821872106596143  0.75411451770473015  0.76144067032744844  0.77123092297315687
  0.78474911337186992  0.80411027429168180  0.84201890403250290  1.00000000000000000
   2.3408023105000197E-009  -1.0000000000000000     
 F F F F F F F F F F F F F F F F F F F F F F F F F F F F F F F F F F F F F F F F F F F F F F F F F F F F F F F F F F F F F F F F
  <DiscreteSampler_grid>
  grouped_processes
  1 # 1 for a reference and 2 for a running grid.
  10 # Attribute 'min_bin_probing_points' of the grid.
  1 # Attribute 'grid_mode' of the grid. 1=='default',2=='initialization'
  0.0000000000000000 # Attribute 'small_contrib_threshold' of the grid.
  0.5000000000000000 # Attribute 'damping_power' of the grid.
 # binID   n_entries weight   weight_sqr   abs_weight
    19   10   3.137563952701495E+007   9.389916760404242E+015   3.137563952701495E+007
    22   10   3.137563952701495E+007   9.389916760404242E+015   3.137563952701495E+007
    25   10   3.137563952701495E+007   9.389916760404242E+015   3.137563952701495E+007
    28   10   3.137563952701495E+007   9.389916760404242E+015   3.137563952701495E+007
  </DiscreteSampler_grid>
