 -0.01209901510123295  0.09649819579281843  0.15114813554511283  0.19535098262588596
  0.23254691895627649  0.26679857922306838  0.29374739434804614  0.31653921602765250
  0.33986806741096370  0.36273178222770486  0.38615802908428815  0.40632774302440611
  0.42579385264116809  0.44706870203567745  0.46752438941152141  0.48499075848594397
  0.50037649381190152  0.51752079564056552  0.53462062693125256  0.55110635154485543
  0.56718103797677699  0.58192344442641819  0.59532797813134664  0.60748576799126697
  0.62097179472301522  0.63381408155950436  0.64538968286571530  0.65650195803561873
  0.66803825664620464  0.67871032405326193  0.68842176118080378  0.69766864691831409
  0.70721473375353294  0.71815238662605529  0.72834628140594126  0.73876238339112676
  0.74867236318297059  0.75835548039712808  0.76750988127776476  0.77577070634829359
  0.78356207593498728  0.79126887244906996  0.79887743097059516  0.80625294246567314
  0.81390824991900323  0.82131202486767174  0.82859304801865086  0.83568503241025427
  0.84267711833507208  0.84955187460408266  0.85562800891101531  0.86141665932273659
  0.86698531286999980  0.87294122314077416  0.87865744176773752  0.88447547012243188
  0.89018821517265212  0.89556522121677629  0.90072932489498325  0.90511699594594353
  0.90852461656210326  0.91109197482986282  0.91270805724462778  0.91487452400218727
  0.91729163860577023  0.91983881617329399  0.92280607153557848  0.92685317402440870
  0.93063413068001244  0.93422990069601874  0.93765944789240208  0.94085873513213591
  0.94417454602985007  0.94741804752528014  0.95064222304932167  0.95377987282734888
  0.95687620329785739  0.95999700037428226  0.96296266557232990  0.96551162002255275
  0.96768847461822949  0.96973987404669104  0.97175866264511856  0.97397184795565406
  0.97605953917879351  0.97756273838081875  0.97893182618952912  0.98029159112761977
  0.98172370908215467  0.98324653799474426  0.98512822525601151  0.98738232575911178
  0.99006990673795914  0.99352535413338960  0.99505021775266467  1.00000000000000000
  0.00000000027344451  0.00000000028785263  0.00000000029789933  0.00000000030474941
  0.00000000031143602  0.00000000031795929  0.00000000032458008  0.00000000033096091
  0.00000000033727072  0.00000000034354749  0.00000000035047816  0.00000000035796719
  0.00000000036538779  0.00000000037206257  0.00000000037775635  0.00000000038343906
  0.00000000038899772  0.00000000039443175  0.00000000039977849  0.00000000040473163
  0.00000000041166931  0.00000000042038714  0.00000000043121650  0.00000000044382058
  0.00000000045572780  0.00000000046746612  0.00000000047938003  0.00000000049186171
  0.00000000050570238  0.00000000052244444  0.00000000054010529  0.00000000055861221
  0.00000000057765944  0.00000000059690248  0.00000000061673197  0.00000000063708035
  0.00000000065853225  0.00000000068255178  0.00000000071311148  0.00000000074712336
  0.00000000077810008  0.00000000081087731  0.00000000084724698  0.00000000088806178
  0.00000000093024827  0.00000000097148286  0.00000000101279394  0.00000000105828985
  0.00000000110733751  0.00000000116238268  0.00000000121816057  0.00000000128014486
  0.00000000134819901  0.00000000141857479  0.00000000150202163  0.00000000158518389
  0.00000000168445872  0.00000000177706151  0.00000000187837345  0.00000000198681215
  0.00000000213101025  0.00000000229381057  0.00000000247472418  0.00000000266360013
  0.00000000283980264  0.00000000302154326  0.00000000322840603  0.00000000344733934
  0.00000000370874797  0.00000000396201620  0.00000000425008215  0.00000000465265463
  0.00000000527295516  0.00000000600909694  0.00000000685102852  0.00000000801707068
  0.00000000983754683  0.00000001243786792  0.00000001614423411  0.00000002172745357
  0.00000003071831671  0.00000004683213247  0.00000007538747089  0.00000013562084531
  0.00000026410900847  0.00000054141648465  0.00000109734696531  0.00000249320982300
  0.00000549219090018  0.00001373281688597  0.00003606816486960  0.00010517683552806
  0.00036002684740076  0.00221130852982137  0.02876794783728788  1.00000000000000000
 -0.00249331774681076  0.01033983550614067  0.02117698111596749  0.03186584973045931
  0.04246765634396040  0.05358481114381244  0.06508670113190800  0.07515932720574181
  0.08569387372211761  0.09607638299549195  0.10770923493139913  0.11928367400763712
  0.13094693288122961  0.14327497599430378  0.15515424799512892  0.16675279924222872
  0.17671335967160359  0.18669890121014404  0.19633406850231658  0.20653100478805472
  0.21684787573785916  0.22774966570346961  0.23957785189949071  0.25132033809064469
  0.26271007744550340  0.27398359583455933  0.28539391352931587  0.29672603945868020
  0.30752980768216642  0.31741903825722462  0.32666537972851389  0.33511543443614816
  0.34359757828867887  0.35271506815397957  0.36257508228028612  0.37353078123452210
  0.38536326178945307  0.39674546817732437  0.40796424425731304  0.41910096655341628
  0.43009297461379487  0.44110893781104726  0.45171716990748806  0.46195610668610476
  0.47198176683772997  0.48101487743882809  0.48902344628477989  0.49728154171318006
  0.50540753246195014  0.51580604731519764  0.52554827299408191  0.53467225142747554
  0.54445108964193223  0.55485221274806540  0.56374123151102740  0.57233481431212518
  0.58118782455135087  0.59019250204377816  0.59936312561087413  0.60837967747901966
  0.61808533087779294  0.62908866102035121  0.64018994728865342  0.65090484351174904
  0.66127791631067268  0.67157651945596586  0.68210453861892906  0.69245662151632459
  0.70298290564941568  0.71418089850405941  0.72659584910725594  0.73925791273130892
  0.75143502974902499  0.76173543655535803  0.77126875490651103  0.78076889252607895
  0.79162767368284281  0.80302020449120681  0.81400374758355820  0.82494629860141233
  0.83575566730678896  0.84662666493714911  0.85726665508901567  0.86731686444407075
  0.87791899835170273  0.88831332671348939  0.89909623907694902  0.91001848870392932
  0.92160299008184532  0.93330882261674819  0.94485163840279340  0.95601703577068198
  0.96723801479490890  0.97854765142601330  0.98938628641812909  1.00000000000000000
 -0.00285088801025455  0.01102128543527722  0.02226602869369892  0.03366640658817088
  0.04494270911857723  0.05672005660321965  0.06813830953102012  0.07925693175348532
  0.08902071832215791  0.10009210214434765  0.11069157442536653  0.12119406442240126
  0.13255428901546157  0.14410513541171149  0.15529718716634780  0.16626909898902251
  0.17723553882012616  0.18856972874901473  0.19953465324130312  0.21036853871724434
  0.22090603677727030  0.23123725386563923  0.24200094364188932  0.25329767086844990
  0.26329149416282938  0.27166010033877058  0.27970557012222563  0.28697604909967050
  0.29564538713526062  0.30431433786686657  0.31427540897886874  0.32440550036598204
  0.33513277671559344  0.34563416174060180  0.35642032306399257  0.36772384904218181
  0.37964720143419889  0.39211433822242409  0.40435297755129557  0.41641160402635402
  0.42832265216871657  0.43988566533247259  0.45116214908496888  0.46216398664180514
  0.47311037149666402  0.48412871160832061  0.49525881956233553  0.50663502062556076
  0.51811416029730673  0.52928468167505982  0.54013176292247755  0.55117517240107616
  0.56220727731037579  0.57256615458099369  0.58252963419760662  0.59286962897474138
  0.60402732057314112  0.61563714364311439  0.62714989844911950  0.63867092637605183
  0.65022239051735464  0.66155121307178877  0.67211148548817268  0.68198891553177998
  0.69150303639383104  0.70088245375098845  0.71060858837950491  0.72086513045174827
  0.73198049911896523  0.74381881346463607  0.75586844463252223  0.76783791413003610
  0.77935170388916541  0.78961451652585657  0.79867682309679000  0.80745170196792182
  0.81648672555125124  0.82622538585873473  0.83650502855049147  0.84726599498971844
  0.85845928290592954  0.86987179467580911  0.88106610131579832  0.89188639290771643
  0.90200325759144728  0.91041404856123243  0.91693449183249398  0.92346662284953318
  0.93132406529492051  0.94088369260544635  0.95124075573095046  0.96140333307784265
  0.97135423141262056  0.98090093039827431  0.99056546694120007  1.00000000000000000
 -0.00235830444180253  0.00969332386071572  0.02103973081644132  0.03155269549262309
  0.04043768017239613  0.04976971452429180  0.05975913865969325  0.07035323754166919
  0.08110785813497431  0.09154897184342536  0.10194364045131993  0.11251272203731102
  0.12286378677505314  0.13353131522331824  0.14487888192900397  0.15518884126199031
  0.16386011571123629  0.17187589632025804  0.17940801767598916  0.18694941129230863
  0.19656097791879867  0.20679643940424614  0.21784683510025413  0.22896053029769961
  0.23914501847744687  0.24902079222717766  0.25895897635854864  0.26830320695905557
  0.27807488712872475  0.28818985829758331  0.29845575622167453  0.30915003838683458
  0.32015814002717752  0.33142257999114466  0.34289660046720682  0.35454591343084213
  0.36615728479791981  0.37785238306079511  0.38976855030215218  0.40139614075082658
  0.41251994831068628  0.42346931061315057  0.43397290898049828  0.44379274151931269
  0.45370206820613629  0.46396181988220719  0.47414700813208638  0.48399042415238663
  0.49385925959298121  0.50445000085163927  0.51543845957075651  0.52647065667106152
  0.53773294764739199  0.54901476576106667  0.56017126971105480  0.57137454695374390
  0.58283325260826990  0.59443068580909963  0.60594160060726965  0.61708391731462997
  0.62777111144789965  0.63820038245896449  0.64852277439065953  0.65898826260091947
  0.66977068919825711  0.68066104763441870  0.69156784878619759  0.70226528522712095
  0.71268363109686272  0.72350847107053817  0.73415869496108788  0.74483937034166359
  0.75543823814627042  0.76565510207957632  0.77539867884264957  0.78593487329506251
  0.79601859898356564  0.80475748659745372  0.81362194689223533  0.82276071279403340
  0.83305653138573355  0.84440170876192666  0.85551519251650332  0.86664522448546943
  0.87808121293353059  0.88943001073946715  0.90092834684883794  0.91224700639066725
  0.92309601776797667  0.93276368872846749  0.94274311392636023  0.95232809140244157
  0.96453904507409005  0.97708645413438622  0.98897583779976772  1.00000000000000000
  0.18658645827575429  0.20011146151951492  0.21318186643535783  0.23449266691474879
  0.26804466939985727  0.31244412103654451  0.36478111063558477  0.41878324601934391
  0.46716743461303251  0.50697013588727580  0.54071700886709639  0.56845699370036185
  0.58994173918315906  0.60635399530292289  0.62064338099494520  0.63247176690051721
  0.64082649035676642  0.64724803116381890  0.65264840704984728  0.65756469571542664
  0.66208901762883743  0.66611081689164220  0.66954656560747028  0.67244371419431159
  0.67488686872658954  0.67698171912096183  0.67885993218264085  0.68057984930805171
  0.68218156014907749  0.68360782903768436  0.68485269585873332  0.68596062236585298
  0.68697111595044613  0.68792244296681115  0.68876652268608984  0.68944640672178914
  0.69007763603400862  0.69069456959244935  0.69130562612109392  0.69195215692952483
  0.69255940496611001  0.69312624739628581  0.69363598792122949  0.69416015361146421
  0.69470285698758116  0.69525543998297412  0.69577856583378961  0.69625874988319214
  0.69673348437149984  0.69720602855240943  0.69770935708630955  0.69824813028808574
  0.69877156296432841  0.69927066671963778  0.69975985111209837  0.70026991476325762
  0.70079809460298115  0.70131988626279873  0.70182442542750234  0.70233453465679874
  0.70285955563524638  0.70341935084510399  0.70400475598677881  0.70462331739253914
  0.70527803256940058  0.70597972180713675  0.70675809767880071  0.70756280411806372
  0.70839909691963132  0.70922388482875576  0.71012405414960589  0.71109449991791562
  0.71216740883349816  0.71335289858131268  0.71458190750245076  0.71587977973654870
  0.71727830376116153  0.71880647696094901  0.72057196542677548  0.72252340238734258
  0.72459446783762393  0.72645260988423044  0.72799063409059372  0.72989219921040516
  0.73239405876894292  0.73558755653333718  0.73959924714024639  0.74399763753169301
  0.74923798101191730  0.75583985292165146  0.76391735735931399  0.77383249695744094
  0.78617322932106670  0.80350123242329796  0.83739699845927729  1.00000000000000000
   2.2415140613326888E-009  -1.0000000000000000     
 F F F F F F F F F F F F F F F F F F F F F F F F F F F F F F F F F F F F F F F F F F F F F F F F F F F F F F F F F F F F F F F F
  <DiscreteSampler_grid>
  grouped_processes
  1 # 1 for a reference and 2 for a running grid.
  10 # Attribute 'min_bin_probing_points' of the grid.
  1 # Attribute 'grid_mode' of the grid. 1=='default',2=='initialization'
  0.0000000000000000 # Attribute 'small_contrib_threshold' of the grid.
  0.5000000000000000 # Attribute 'damping_power' of the grid.
 # binID   n_entries weight   weight_sqr   abs_weight
    19   10   6.000606730926278E+004   1.140821593350128E+010   6.000606730926278E+004
    22   10   6.000606730926278E+004   1.140821593350128E+010   6.000606730926278E+004
    25   10   6.000606730926278E+004   1.140821593350128E+010   6.000606730926278E+004
    28   10   6.000606730926278E+004   1.140821593350128E+010   6.000606730926278E+004
  </DiscreteSampler_grid>
