 -0.01018811081737018  0.08707128310167642  0.14469448815629427  0.18946634463777445
  0.22136755565009603  0.25230667456636996  0.28101813987607710  0.30653759330353847
  0.33050699719903243  0.35163706302248310  0.37353800388304442  0.39553634094343249
  0.41568389113796295  0.43587028001515621  0.45520032616394668  0.47235907900547264
  0.48829427823321736  0.50557427417830059  0.52389751548899921  0.53945428014089558
  0.55372648705506733  0.56682495617422279  0.57920281857238176  0.59294630516016900
  0.60734820562784764  0.62082932403400137  0.63353566342776013  0.64554835358057283
  0.65743279147250500  0.66967713800903750  0.68180796349690220  0.69350787167881212
  0.70443676188708915  0.71515972389590654  0.72541888888375594  0.73431843083461112
  0.74217893874508400  0.74978373664942222  0.75805259601413233  0.76668692270237171
  0.77531955884356596  0.78377996072588119  0.79207988689328068  0.79961398793337424
  0.80645642299141451  0.81307577939403552  0.81988193547561961  0.82662361266675521
  0.83334157208198145  0.83941669519357043  0.84483500532316624  0.85026267886021667
  0.85551867306373208  0.86108066743336575  0.86726531368696735  0.87280305303510097
  0.87804340579167639  0.88309853221830692  0.88790752691686858  0.89246010634981698
  0.89802962787317830  0.90364884735980755  0.90856520793392970  0.91286720551816314
  0.91696443927161209  0.92124780406638829  0.92574105167054188  0.92990541173764985
  0.93403254032529781  0.93749359729713944  0.94082480644794830  0.94405001577273440
  0.94701239561083794  0.95014253204660559  0.95357847871198054  0.95688096175146153
  0.95967900265290096  0.96260012349319746  0.96536660102567395  0.96776093546828301
  0.96996809177207022  0.97218243145686678  0.97418588182240595  0.97618762378254431
  0.97819900601278864  0.98024307552215661  0.98174783127493670  0.98340808373691946
  0.98476103035128493  0.98601306333839323  0.98731201680471803  0.98873509284724947
  0.99012121329623526  0.99251501208650905  0.99557537124499895  1.00000000000000000
  0.00000000002836313  0.00000000003138792  0.00000000003354882  0.00000000003555334
  0.00000000003754483  0.00000000003959388  0.00000000004166408  0.00000000004378690
  0.00000000004608270  0.00000000004847723  0.00000000005088344  0.00000000005337891
  0.00000000005607576  0.00000000005797977  0.00000000005970735  0.00000000006164498
  0.00000000006359114  0.00000000006558667  0.00000000006762375  0.00000000006973041
  0.00000000007187686  0.00000000007377754  0.00000000007635492  0.00000000007924440
  0.00000000008409052  0.00000000008883396  0.00000000009332108  0.00000000009783003
  0.00000000010238875  0.00000000010696203  0.00000000011155926  0.00000000011704296
  0.00000000012353897  0.00000000013018500  0.00000000013735343  0.00000000014453418
  0.00000000015175886  0.00000000015938389  0.00000000016702880  0.00000000017522841
  0.00000000018417605  0.00000000019402645  0.00000000020453300  0.00000000021396855
  0.00000000022435782  0.00000000023242714  0.00000000024168942  0.00000000025121908
  0.00000000026158159  0.00000000027095576  0.00000000027961053  0.00000000028834392
  0.00000000029759974  0.00000000031335790  0.00000000033693973  0.00000000036388999
  0.00000000039180834  0.00000000041627869  0.00000000044090224  0.00000000046901894
  0.00000000050686810  0.00000000054725358  0.00000000058912683  0.00000000063267379
  0.00000000067558419  0.00000000071753338  0.00000000076144628  0.00000000081490699
  0.00000000086800167  0.00000000092789601  0.00000000099630095  0.00000000108153884
  0.00000000118477259  0.00000000128886372  0.00000000140916300  0.00000000155633853
  0.00000000174642393  0.00000000197239132  0.00000000232144186  0.00000000273805554
  0.00000000320628400  0.00000000374976467  0.00000000468059609  0.00000000641842237
  0.00000000974223729  0.00000001483028706  0.00000002653944538  0.00000005995577449
  0.00000017674769212  0.00000068328870131  0.00000374169811425  0.00002308011289286
  0.00020015641783071  0.00889757253983095  0.60531776040829599  1.00000000000000000
 -0.00253384413164915  0.00864716636834782  0.01884747335282131  0.02797901185926931
  0.03756333429045013  0.04778868827182605  0.05825512166464750  0.06905402327037136
  0.07943581989623938  0.08910472998748950  0.09816724999638297  0.10753691619070613
  0.11761164295220763  0.12805242146470180  0.13830427495598399  0.14834447530188644
  0.15921939374827540  0.16946890599042283  0.17887433941821915  0.18855923139762598
  0.19843711985797749  0.20932350268534242  0.22148036869136434  0.23365780962300137
  0.24553698975272203  0.25706868539351696  0.26819268294310594  0.27917004094256032
  0.28962670916938504  0.29960553487792074  0.30951278095283075  0.31901577720404123
  0.32942083364259139  0.34132466029159864  0.35341091592818258  0.36528654177153236
  0.37618940572363008  0.38651633841755773  0.39659834050169401  0.40695846636345029
  0.41853866299169096  0.43088212865049791  0.44353892942083156  0.45464081489183772
  0.46378040297748885  0.47256231187653652  0.48307467585124142  0.49523560541201223
  0.50804693915550458  0.52088410870158008  0.53270872428379523  0.54383013658115731
  0.55516996447760092  0.56632509749049376  0.57668579543185905  0.58616596213341110
  0.59605895333822356  0.60689493293909691  0.61739093941437184  0.62744318092407858
  0.63771700092115802  0.64838516368328625  0.65891789650386212  0.66900435922483992
  0.67894179885556050  0.68968511135665356  0.70162632051178664  0.71341324958591146
  0.72405187602566057  0.73477056779602279  0.74568080142550730  0.75649143860710111
  0.76535464424425215  0.77335431050156989  0.78145458381844368  0.78925744055824787
  0.79931978698863482  0.80995811778349081  0.82041161888059422  0.83204248202201847
  0.84325508532272797  0.85454415375676518  0.86579307511022319  0.87650057166892303
  0.88664478893512177  0.89676139979905967  0.90774281695615833  0.91873908129116122
  0.92892031094588834  0.93803658801096745  0.94694738819597668  0.95520950018329642
  0.96569604986566060  0.97656821064225330  0.98882386920092358  1.00000000000000000
 -0.00222538721812696  0.00869524014609288  0.01914182890701088  0.03041308244455463
  0.04178088206759240  0.05302250109492278  0.06398589365994767  0.07464825385719029
  0.08452167807831396  0.09307105822323331  0.10152663979342059  0.11022935569660283
  0.12032208679744265  0.13248212254112721  0.14420726610765169  0.15502556890033983
  0.16536186282834228  0.17512269100084302  0.18567981016667442  0.19666981244588747
  0.20841245582889600  0.22034576335064610  0.23178575455845896  0.24275913028483634
  0.25363134578965396  0.26502558403019455  0.27677495763360871  0.28744277104337956
  0.29755205241861321  0.30713097645626275  0.31623793245151444  0.32509221352097017
  0.33420842156024422  0.34408814423009793  0.35542988667354919  0.36693715142504624
  0.37807319759398123  0.38893532523820906  0.39979577559861657  0.41044049693669665
  0.42106922837899313  0.43074724621143862  0.44010061311417109  0.44995249913702828
  0.46000891662946347  0.47038915810487181  0.48303871454658348  0.49455809561378061
  0.50627781812723038  0.51749776503616551  0.52831640783483136  0.53842148176682580
  0.54811507264843284  0.55855038155721248  0.56939784835600626  0.57976742837044970
  0.59028271803061716  0.59788899379578841  0.60536573539248228  0.61316629010434154
  0.62103368688142280  0.63030276300242294  0.64235401832010441  0.65454902439471907
  0.66667038035847814  0.67812793916484715  0.68917172487669154  0.69996316627172894
  0.71057001347063442  0.72028062786546154  0.72814770849044763  0.73694349155749850
  0.74708200905598754  0.75798419252521154  0.76870272234899917  0.77959446481139671
  0.79088997833901986  0.80273689864710540  0.81483635673569954  0.82708275236023254
  0.83984473530920323  0.85169344548573134  0.86339973077959076  0.87467919518547721
  0.88508911947050661  0.89453678816352900  0.90351260472802597  0.91293901588546200
  0.92283385485471481  0.93278750017419321  0.94275066009067077  0.95379593736986334
  0.96530130812269566  0.97705030438451923  0.98841125290301957  1.00000000000000000
 -0.00235714162198145  0.01005460182422608  0.02083116403415433  0.03221534763789655
  0.04426969114793547  0.05635642145598402  0.06706756328843272  0.07742070286452207
  0.08694545939914314  0.09612078729302777  0.10538450006576355  0.11572276316064846
  0.12650081828183390  0.13707653575160764  0.14722556455106331  0.15720978633396837
  0.16630713014825280  0.17540425387893174  0.18398448500603748  0.19377262195813461
  0.20439906901900373  0.21560453409572880  0.22717501720138170  0.23831321460094615
  0.24886055759931033  0.25888925710421273  0.26897993183430546  0.27948210939219209
  0.29035651546817631  0.30169066642778636  0.31289602835482733  0.32398300578779993
  0.33520333281869658  0.34627701352501811  0.35719434210353440  0.36831296206610842
  0.37963481480942673  0.39078512938960502  0.40159959554188318  0.41269213950190042
  0.42469078235431124  0.43732858281145226  0.44904190326609467  0.45997524992767991
  0.47045277267248997  0.48080604368393071  0.49177409497202057  0.50328485441302173
  0.51545912826214080  0.52802761518811692  0.54075403049419979  0.55351557029448895
  0.56597333097775382  0.57729455221724346  0.58791343249392758  0.59794595600384182
  0.60884551344547155  0.62011274385395798  0.63049124417698110  0.63955833940529239
  0.64870525417768587  0.65898652861827056  0.67016076467542174  0.68154818757193192
  0.69162444467320128  0.70055788908100181  0.70881950325750231  0.71812669191119471
  0.72857239396383788  0.73863067749956568  0.74775976503829400  0.75584897121596428
  0.76409388493673469  0.77259879616550864  0.78317399617095418  0.79521307517597595
  0.80430878996264654  0.81190755836049966  0.81922504652374473  0.82671522728577429
  0.83467197674621207  0.84375255095320179  0.85250958423813661  0.86155596064207485
  0.87224690002738203  0.88361317748961987  0.89478532356711027  0.90590545199716288
  0.91736814400868216  0.92940048323837743  0.94201042619900355  0.95479350202155178
  0.96770206155176708  0.97951311569749178  0.99006778588620337  1.00000000000000000
  0.18544774214488965  0.20104573087397104  0.21732162728110915  0.24338096116754271
  0.28083318095770404  0.32599568562169173  0.37385183458605326  0.41706030335611183
  0.45819135498661340  0.49553723355128332  0.52688937796548652  0.54859641527763137
  0.56375988182237946  0.57740015311987347  0.59002710094825050  0.60238240464791803
  0.61533956547311219  0.62594682425331849  0.63387721649065099  0.64098316829156476
  0.64770465319480020  0.65335247632360460  0.65816679760189656  0.66217291633051367
  0.66587854274012859  0.66887895335171776  0.67178100119286377  0.67438794816786618
  0.67664733062590954  0.67866989937430644  0.68040892502116823  0.68188875156016759
  0.68312802346489021  0.68414727996441194  0.68503674715122176  0.68595663012837860
  0.68694540090434186  0.68783265436277219  0.68864225431511139  0.68940573305706010
  0.69010478196099267  0.69073668908558539  0.69136201963607280  0.69197160230263899
  0.69258624201398467  0.69321124051346850  0.69381628219854996  0.69440243639067611
  0.69497396002160960  0.69551228527645048  0.69602186533898813  0.69652410940253573
  0.69704226873068820  0.69758951067475550  0.69813092158195500  0.69864133419730778
  0.69913857445683114  0.69965030143586993  0.70018768798610775  0.70074082097012735
  0.70128900524381743  0.70183612182166322  0.70240572821935698  0.70301365547285188
  0.70364738526015813  0.70430230290176665  0.70492756247158228  0.70554400950199814
  0.70619816441388517  0.70691315705349977  0.70773838404632872  0.70867313975533552
  0.70961859835992835  0.71057265930004798  0.71154870523515379  0.71273177015852351
  0.71377522999075782  0.71512124308467440  0.71653476616520773  0.71826303018327542
  0.72006837455679151  0.72198450437474959  0.72413818046811107  0.72659751412016071
  0.72958756345879217  0.73296621629732728  0.73706846293317096  0.74167157302852005
  0.74698080227000163  0.75319000048939078  0.76115587595170953  0.77141649200626894
  0.78514640452853368  0.80477107631434963  0.84112510350786829  1.00000000000000000
   2.5310341046251979E-009  -1.0000000000000000     
 F F F F F F F F F F F F F F F F F F F F F F F F F F F F F F F F F F F F F F F F F F F F F F F F F F F F F F F F F F F F F F F F
  <DiscreteSampler_grid>
  grouped_processes
  1 # 1 for a reference and 2 for a running grid.
  10 # Attribute 'min_bin_probing_points' of the grid.
  1 # Attribute 'grid_mode' of the grid. 1=='default',2=='initialization'
  0.0000000000000000 # Attribute 'small_contrib_threshold' of the grid.
  0.5000000000000000 # Attribute 'damping_power' of the grid.
 # binID   n_entries weight   weight_sqr   abs_weight
    19   10   1.240308266364276E+006   1.293332898484803E+013   1.240308266364276E+006
    22   10   1.240308266364276E+006   1.293332898484803E+013   1.240308266364276E+006
    25   10   1.240308266364276E+006   1.293332898484803E+013   1.240308266364276E+006
    28   10   1.240308266364276E+006   1.293332898484803E+013   1.240308266364276E+006
  </DiscreteSampler_grid>
