 -0.01326261505440920  0.10141422387533346  0.15425551436346069  0.19523570798703718
  0.23352161775441346  0.27183644125812623  0.30320118452123657  0.33231173293962418
  0.36178886622979145  0.38511869235006935  0.40217125824778482  0.42245373985559592
  0.44214964387349265  0.45988405101576341  0.47792464948266861  0.49636042060171581
  0.51407805398332074  0.53225937087843722  0.55053570909621108  0.56781451688213547
  0.58382575343946941  0.59886425505843510  0.61400063471828847  0.62919204114783744
  0.64241589129759480  0.65479339476757170  0.66505033600131591  0.67243005599505101
  0.67937407414561335  0.68563487607114160  0.69194014632313883  0.70210549475146822
  0.71118801958166611  0.71979064503277379  0.72758347634726583  0.73396594370670121
  0.74056751528406828  0.74757567934364533  0.75521677248538965  0.76297468924391931
  0.77040102478431072  0.77770344684695325  0.78489067481286823  0.79218246333092801
  0.79937116726748858  0.80624801090357801  0.81296442053372275  0.81910614994527464
  0.82523383057639965  0.83168458078552199  0.83836548376645270  0.84520765652361496
  0.85219309610289884  0.85922894504726499  0.86618306816949187  0.87279441495404042
  0.87875700334029572  0.88425389450024994  0.88946634349873599  0.89451010844407575
  0.89939750534561924  0.90419618048324335  0.90906216271450324  0.91353191889810936
  0.91712675201125538  0.92048554951631933  0.92367437126222252  0.92666559975521889
  0.93019606013841516  0.93375247585649279  0.93732540112708196  0.94111038702185856
  0.94523898270165230  0.94933860364045797  0.95309191694841233  0.95679969075572557
  0.96037762379797476  0.96370205285807864  0.96679445483336846  0.96928535566617580
  0.97100080276492495  0.97273907602517828  0.97453402310584625  0.97601268612426140
  0.97697526377354504  0.97826664402813257  0.97972665603873543  0.98115938340203246
  0.98254445724192718  0.98417401886902423  0.98572846467020148  0.98752875528801198
  0.98957627286086758  0.99189463638085473  0.99537801353276067  1.00000000000000000
  0.00000000000590820  0.00000000000735577  0.00000000000836355  0.00000000000928583
  0.00000000001060098  0.00000000001197806  0.00000000001404092  0.00000000001664858
  0.00000000001921603  0.00000000002161166  0.00000000002400729  0.00000000002647792
  0.00000000002899602  0.00000000003141798  0.00000000003374108  0.00000000003618199
  0.00000000003898688  0.00000000004205875  0.00000000004556189  0.00000000004934790
  0.00000000005338711  0.00000000005763534  0.00000000006191446  0.00000000006621263
  0.00000000006942990  0.00000000007191552  0.00000000007339064  0.00000000007559848
  0.00000000007761333  0.00000000007984661  0.00000000008216398  0.00000000008607135
  0.00000000009003191  0.00000000009397794  0.00000000009790405  0.00000000010176332
  0.00000000010555740  0.00000000010933073  0.00000000011146688  0.00000000011416219
  0.00000000011758982  0.00000000012102195  0.00000000012434948  0.00000000012778494
  0.00000000013167349  0.00000000013655348  0.00000000014194936  0.00000000014859224
  0.00000000015629449  0.00000000016405053  0.00000000017172148  0.00000000017984854
  0.00000000018894403  0.00000000019906646  0.00000000020989506  0.00000000022115903
  0.00000000023314697  0.00000000024480668  0.00000000025695627  0.00000000026974704
  0.00000000028194478  0.00000000029272486  0.00000000030511153  0.00000000032065748
  0.00000000034838930  0.00000000038559649  0.00000000042524150  0.00000000046700464
  0.00000000051407816  0.00000000056710516  0.00000000062231338  0.00000000068322527
  0.00000000075748049  0.00000000084219250  0.00000000094916698  0.00000000106143940
  0.00000000118661701  0.00000000135260857  0.00000000154577624  0.00000000176573373
  0.00000000205290155  0.00000000244101406  0.00000000286204557  0.00000000355093365
  0.00000000492986787  0.00000000714735737  0.00000001225146386  0.00000002441252615
  0.00000006051647515  0.00000028388447470  0.00000177984796638  0.00001327987426317
  0.00014728611119877  0.01335725781142348  0.62049496514209579  1.00000000000000000
 -0.00303836099571837  0.01047072168706183  0.02312496546392117  0.03551886595779079
  0.04733739877375290  0.05770554646925118  0.06735446324938563  0.07767629163211107
  0.08961770034296102  0.10250890829760914  0.11491416789523050  0.12554999337903516
  0.13602128032228855  0.14507996778877233  0.15248193781572639  0.16090062406873309
  0.17024500628019523  0.17938107964349562  0.18926560086121297  0.20020473838272818
  0.21263805846908668  0.22536943866451639  0.23722282996070115  0.24887832501919505
  0.25655909261280840  0.26228101814131272  0.26866903855986146  0.27484680406137035
  0.28162892191159500  0.28993651703528073  0.30197973302284348  0.31391819813509725
  0.32564835227764077  0.33753219646811933  0.34935702749289255  0.36056814796672820
  0.37161745280565678  0.38258577269784338  0.39387299912289592  0.40528520460519790
  0.41698301888605599  0.42908333726645431  0.44114034927462403  0.45308071461956007
  0.46475380631762886  0.47630172051116682  0.48728754339775615  0.49759653277969634
  0.50804258338850183  0.51889037837324381  0.52949308224946046  0.53970791774695892
  0.55095055872939414  0.56339631605972051  0.57574303878120237  0.58738663718331596
  0.59837409322743140  0.60891442617523928  0.61921305763492707  0.62929928489514431
  0.63978784773228659  0.65110735289290445  0.66248506994812806  0.67405330650016138
  0.68577874885180767  0.69671046355701471  0.70743974736862858  0.71911137886649301
  0.72695258940737584  0.73533280510048538  0.74319625215187324  0.75061844696262781
  0.75826439441979443  0.76698611703578301  0.77620511435465966  0.78657614582774293
  0.79705899449366080  0.80755234943810150  0.81892174106338678  0.83038580186553235
  0.84242020696177555  0.85322023363553667  0.86327411770326845  0.87362068288637884
  0.88363647005184931  0.89442712705111160  0.90650612593601931  0.91810108019783543
  0.92875882816821875  0.93882617658690293  0.94992446381815676  0.96114603854746627
  0.97117561918341055  0.98080777942018893  0.99062300395077518  1.00000000000000000
 -0.00202080643990611  0.00737188559251482  0.01756089234544308  0.02745578949000786
  0.03766392777082351  0.04982605147210783  0.06230505658833221  0.07342788915214099
  0.08448823944846025  0.09592887470785125  0.10765533040703090  0.12015355767631702
  0.13291747508700821  0.14529513240218403  0.15710711641050565  0.16858449022479574
  0.18039993609721838  0.19265014647784706  0.20546098842227184  0.21770620280600217
  0.22666208136058286  0.23406694596375713  0.24145889186748565  0.24836309755898253
  0.25500119757284068  0.26168061000908810  0.27169021563723356  0.28279020222938772
  0.29403343956005168  0.30628076034276702  0.31878064342729689  0.33077123819611243
  0.34188450350452970  0.35340687789012276  0.36465691404446837  0.37490623598196504
  0.38378046394596421  0.39170054645284330  0.39958396343342900  0.40840404992695006
  0.41882823723989537  0.42934275983403702  0.44068378628454646  0.45206058652575498
  0.46373822469261322  0.47578608771474451  0.48787532346324602  0.49928543127130898
  0.50972797315749019  0.51978768614350457  0.52990922527163675  0.53983715791957865
  0.54921812095715006  0.55893607186245753  0.56901306000177376  0.57899735623724624
  0.58997099070820169  0.60082216472504524  0.61281087484526098  0.62468864976755711
  0.63655521304726281  0.64877699592869742  0.65871762124131505  0.66680935459397150
  0.67494833205091598  0.68316139351269112  0.69234714095198235  0.70296069473661615
  0.71271900286360967  0.72173413777758599  0.73021057277063250  0.73878951917844249
  0.74802693638505779  0.75777639730938784  0.76886300101007954  0.78066311859628756
  0.79110374257944749  0.80000867121638808  0.80818683233614230  0.81905056319308567
  0.83029305638493955  0.84099303547678950  0.85250075828203586  0.86373518827085616
  0.87595627713821267  0.88788754761332811  0.90110773678971923  0.91302687405778882
  0.92442839924768294  0.93446685491638670  0.94476007768685877  0.95548495586517346
  0.96555677576633758  0.97730673192937800  0.98856277404196213  1.00000000000000000
 -0.00271926917299343  0.00946542639070707  0.01981210034155429  0.03092994627891256
  0.04249550740510279  0.05443897252656605  0.06628668924470224  0.07719233431539396
  0.08489389430442316  0.09212263047315436  0.09977082523092809  0.10729470471100917
  0.11363276284214612  0.12029973204226113  0.12973468509781738  0.14081542616932416
  0.15171971471344667  0.16210260541792823  0.17143294668305090  0.18113916719889839
  0.19080274514722198  0.20076927960246063  0.21155796711404840  0.22274641637776965
  0.23411403256517183  0.24576734936668315  0.25741195674842399  0.26955307263519618
  0.28107226133844632  0.29167859731555412  0.30113852595503282  0.30932981393161724
  0.31813369027691113  0.32729699187553069  0.33843556447634654  0.34971254703516530
  0.36062936805115836  0.37138034893208638  0.38231381584713642  0.39458118006723414
  0.40763299373102968  0.42012158566291163  0.43092097796208506  0.44197905423646222
  0.45360856714070280  0.46608808242478733  0.47847792896596525  0.49036293612754778
  0.50276817508541760  0.51538235406090005  0.52781060011727687  0.53972891705627302
  0.55101804074124572  0.56211639662945145  0.57313675683094578  0.58364351098377698
  0.59391728068921323  0.60366662168931640  0.61402841256582763  0.62471352697555205
  0.63420436875672814  0.64315517681603229  0.65275966571298305  0.66169663409534452
  0.67255403985435114  0.68319627545566075  0.69391588629326739  0.70482631346533731
  0.71570646889111722  0.72648928837754134  0.73667402051001818  0.74521269503904364
  0.75346987377810160  0.76205608104386258  0.77141397189046934  0.78423252918181341
  0.79541945396762515  0.80695439804868596  0.81859681504278348  0.82727349482985868
  0.83630281128040873  0.84551559760226747  0.85537708798181178  0.86715560641193024
  0.87959348614158639  0.89117141572995762  0.90267237659400479  0.91490568388862736
  0.92691459255699071  0.93826562662373614  0.94920595975693645  0.95950529999290324
  0.96976181058541122  0.97896190961966989  0.98819293287001186  1.00000000000000000
  0.18311101912578767  0.21294764725280374  0.23953406746823327  0.27326929838554936
  0.31942170641137074  0.36566418947442830  0.40673199987606878  0.44465159741794469
  0.47924804451924752  0.51111476875180573  0.53987525791419222  0.56722987448110374
  0.59156310380968835  0.61136605972087243  0.62569901576025511  0.63536018971667474
  0.64301520298111514  0.64993187486095205  0.65653639280315312  0.66142362518992348
  0.66450284024939921  0.66719831477496494  0.66948217565205326  0.67192551157996860
  0.67448480420887791  0.67657977244813083  0.67844632721059861  0.68008572298035275
  0.68160561363787453  0.68293527828373479  0.68413688338809575  0.68521842545590383
  0.68623578244347649  0.68721176930903949  0.68811154775606198  0.68893037968958870
  0.68963510536378902  0.69028889874426058  0.69090461153549021  0.69156103347017528
  0.69217682741476294  0.69268594018979035  0.69313579117724644  0.69357408427834122
  0.69399101107800309  0.69454179689290052  0.69500095700228737  0.69542074475932747
  0.69585550313526667  0.69632931374438078  0.69686237752987590  0.69738556790530859
  0.69791460648163428  0.69845277505278824  0.69895383929786603  0.69946298081438829
  0.69998113010752017  0.70050856532351136  0.70104171812132465  0.70156821527170288
  0.70206122977878138  0.70244716085935710  0.70280948315666214  0.70317653691348758
  0.70352780720756247  0.70389786676535693  0.70435945024848534  0.70498181854432296
  0.70557043922597584  0.70616368147270570  0.70678658189322152  0.70754007080947579
  0.70838905769780303  0.70936304278648721  0.71040158715413659  0.71152381204554804
  0.71273358425522448  0.71410957932624353  0.71571128142364937  0.71754147843783467
  0.71954741292318580  0.72168773589781721  0.72403983360300606  0.72665783675729756
  0.72944307066671943  0.73246356144132396  0.73593774773746612  0.74020202554164538
  0.74556223000021837  0.75235313530733694  0.76124696214804355  0.77169461796842032
  0.78429849468331103  0.80106728589226706  0.83664492622824382  1.00000000000000000
   2.6548245277996043E-009  -1.0000000000000000     
 F F F F F F F F F F F F F F F F F F F F F F F F F F F F F F F F F F F F F F F F F F F F F F F F F F F F F F F F F F F F F F F F
  <DiscreteSampler_grid>
  grouped_processes
  1 # 1 for a reference and 2 for a running grid.
  10 # Attribute 'min_bin_probing_points' of the grid.
  1 # Attribute 'grid_mode' of the grid. 1=='default',2=='initialization'
  0.0000000000000000 # Attribute 'small_contrib_threshold' of the grid.
  0.5000000000000000 # Attribute 'damping_power' of the grid.
 # binID   n_entries weight   weight_sqr   abs_weight
    19   10   4.758609741502873E+005   2.070026822345509E+012   4.758609741502873E+005
    22   10   4.758609741502873E+005   2.070026822345509E+012   4.758609741502873E+005
    25   10   4.758609741502873E+005   2.070026822345509E+012   4.758609741502873E+005
    28   10   4.758609741502873E+005   2.070026822345509E+012   4.758609741502873E+005
  </DiscreteSampler_grid>
