 -0.01096812500470166  0.08980071131163590  0.13876010936038971  0.18216040464856920
  0.22073241247705283  0.25391963439550336  0.28271305162697175  0.30730340710991150
  0.33205067101245611  0.35472275148471899  0.37377711325743956  0.39569893843490256
  0.41936557281463388  0.44219511949755147  0.46255853508253886  0.48051273126460081
  0.49840574372974034  0.51578561848693527  0.53496196426669784  0.55301830278882014
  0.56792743673736168  0.58356668806026024  0.59951638130107987  0.61294796687814035
  0.62489149766602492  0.63755193640994468  0.65185379347030525  0.66435261411909208
  0.67686171201262213  0.69011343994528362  0.70235479143488200  0.71289019653046681
  0.72238260756617967  0.73037929888876074  0.73833189063154026  0.74723616516123925
  0.75655075844158326  0.76540779832859573  0.77415609796471108  0.78131295389660449
  0.78859312395287784  0.79621570734826697  0.80372403440960805  0.81043551359137367
  0.81693190274693750  0.82312526276731113  0.83100250587069435  0.83634469719147841
  0.84039378282865917  0.84418350995483815  0.84775083454717970  0.85145909864821967
  0.85602310051761832  0.86279625111348479  0.86894503404115830  0.87503103954393890
  0.88079906073590264  0.88646600832933709  0.89218628832796598  0.89800793544923163
  0.90346680755216469  0.90838527953654258  0.91299020155264565  0.91745975513622846
  0.92215674254872959  0.92685904423478427  0.93095600627244179  0.93452817639846009
  0.93810493986519394  0.94151061058596752  0.94474333562087043  0.94808280454242366
  0.95210391060270994  0.95603275302554147  0.95912649600054645  0.96183095465513713
  0.96411391278290604  0.96606536488440387  0.96765685106089017  0.96914311120917307
  0.97069928048041054  0.97247105585439930  0.97385623197694637  0.97532730728252748
  0.97709146484928622  0.97888056254914813  0.98062027836824428  0.98200239671624479
  0.98298951118053768  0.98400914111999760  0.98513437904494661  0.98625961696989561
  0.98872170122970748  0.99140306811633916  0.99518710702725577  1.00000000000000000
  0.00000000002011254  0.00000000002895814  0.00000000003516600  0.00000000003965912
  0.00000000004360073  0.00000000004757424  0.00000000005156048  0.00000000005585307
  0.00000000006027951  0.00000000006476449  0.00000000006925958  0.00000000007397958
  0.00000000007874349  0.00000000008310399  0.00000000008743612  0.00000000009273500
  0.00000000009821489  0.00000000010419916  0.00000000011028967  0.00000000011744542
  0.00000000012496098  0.00000000013317694  0.00000000014141387  0.00000000014966938
  0.00000000015805793  0.00000000016671476  0.00000000017634336  0.00000000018539169
  0.00000000019428262  0.00000000020384745  0.00000000021359282  0.00000000022361634
  0.00000000023662232  0.00000000024877113  0.00000000026049042  0.00000000027192090
  0.00000000028350855  0.00000000029543299  0.00000000030874644  0.00000000032522574
  0.00000000034334677  0.00000000036385760  0.00000000038763566  0.00000000040975559
  0.00000000042920161  0.00000000045015335  0.00000000047366570  0.00000000049961019
  0.00000000052764267  0.00000000056201993  0.00000000060770926  0.00000000066215176
  0.00000000071656654  0.00000000077207615  0.00000000083011267  0.00000000088798628
  0.00000000095387024  0.00000000102692156  0.00000000110558204  0.00000000120233536
  0.00000000132444891  0.00000000144061253  0.00000000153769859  0.00000000163251685
  0.00000000172678149  0.00000000184394061  0.00000000198666465  0.00000000214424815
  0.00000000235689831  0.00000000266877884  0.00000000299116727  0.00000000338370244
  0.00000000386035198  0.00000000444238653  0.00000000524645601  0.00000000622301035
  0.00000000744904178  0.00000000896409773  0.00000001114587574  0.00000001405343545
  0.00000001838374415  0.00000002575490392  0.00000003734322229  0.00000006165855825
  0.00000011470832150  0.00000024423863659  0.00000054004453165  0.00000127145035831
  0.00000310508450470  0.00000776782933737  0.00002070129780099  0.00006165739470583
  0.00021696454357214  0.00114597629500817  0.02005875802234997  1.00000000000000000
 -0.00238683704026566  0.00954456534135425  0.02084055521688605  0.03239645858996119
  0.04451883025754644  0.05483416414329046  0.06530216830456029  0.07550622652740838
  0.08579116696870774  0.09510839286277552  0.10376956473047633  0.11265811694260862
  0.12293035325425533  0.13291196820865614  0.14224356431837606  0.15198224811203923
  0.16222544769085248  0.17340342300282000  0.18530451766282829  0.19755355832510918
  0.20955941663295372  0.22133865769015118  0.23238164154902322  0.24261228735850277
  0.25292105161971551  0.26370452615205120  0.27511688536576762  0.28728898654447760
  0.30015690093026598  0.31299394005118686  0.32507036912202414  0.33610114818225456
  0.34658389218996905  0.35642695363909727  0.36612226826869526  0.37473295438557197
  0.38575830446929266  0.39703035728852892  0.40884349028958722  0.42011664787022385
  0.43112136125256717  0.44145944763432388  0.45112686023317139  0.46091319600197983
  0.47108303020130587  0.48179797221004939  0.49286388444588458  0.50414094804713772
  0.51539349450263872  0.52634293998435810  0.53673756737955192  0.54638424197656710
  0.55611229552618746  0.56596640853624858  0.57514177099745101  0.58222616619764400
  0.58933565612380234  0.59694988942572536  0.60598231196872965  0.61759069349970519
  0.62934159491123831  0.63986991090985723  0.64957035834556898  0.65928899807209995
  0.66949955034865694  0.67900998799314261  0.68811763043062468  0.69765281975903171
  0.70719968804413091  0.71795019420993700  0.72869894365095289  0.73894572517971713
  0.74859383844597815  0.75941815714568806  0.76816181431236408  0.77794748841322869
  0.78844574898905317  0.79886483449237811  0.80920278794610301  0.81939309345537947
  0.83021082225708120  0.84198707917111959  0.85408530296116869  0.86693098944291613
  0.87853736151248596  0.89108509020987492  0.90189322624211099  0.91375045935752763
  0.92484045023857020  0.93646384534230420  0.94808528582721696  0.95870213748243160
  0.96953069126879154  0.98023953431196464  0.99026633494398586  1.00000000000000000
 -0.00243653582622525  0.00877347857836490  0.01935362110150420  0.02922598727710702
  0.03974817892404727  0.05042747880096579  0.06156108075031136  0.07320404479301792
  0.08507649930689980  0.09659789585697572  0.10745400171571044  0.11749742901617452
  0.12713596539245550  0.13740746960127270  0.14787786201189823  0.15905838438047659
  0.17066114633288870  0.18219957718163593  0.19346117472703564  0.20403697983120891
  0.21452210539259950  0.22570821508597558  0.23693941456313927  0.24755333616149491
  0.25791374243282816  0.26807935796941607  0.27847020520230514  0.28961334267279909
  0.30075166638771972  0.31256967856261481  0.32378717187281914  0.33461300230057822
  0.34586709052641285  0.35718909955837019  0.36967777560786996  0.38228822885318897
  0.39418320618421260  0.40291141840118788  0.41240719784775631  0.42138163225580832
  0.43041934338749532  0.44103604518116757  0.45238923373175194  0.46465748315686073
  0.47717598262281502  0.48880015619150569  0.49965309929196378  0.50831255894133354
  0.51752087114086665  0.52911899720110822  0.53935170935248156  0.54779179606670192
  0.55428590002693834  0.56147903940958532  0.57060570877451922  0.58043721614891519
  0.58863230361370367  0.59636767106268262  0.60444805576357608  0.61218101568041128
  0.62187767993711485  0.63217221907366028  0.64248102101886495  0.65351523630240926
  0.66459647977862402  0.67607532718233365  0.68784234836775571  0.69985424250231887
  0.71224694261692856  0.72449125007299631  0.73597880982569308  0.74642180515055978
  0.75672136209520247  0.76711431510264183  0.77806514298238383  0.78913956311689759
  0.79974269411361298  0.81023742571344060  0.82033688389147241  0.83047134602782124
  0.84123452996724224  0.85158639951448811  0.86214629985193969  0.87239948529685485
  0.88269608864380233  0.89357151088313602  0.90424169987615732  0.91601910952572274
  0.92701644385640769  0.93704163094010517  0.94651880291644808  0.95598874039146486
  0.96649863614912157  0.97743770377280159  0.98880283089643162  1.00000000000000000
 -0.00250904409089419  0.00965361039040974  0.02062163061880874  0.02867990690908363
  0.03734248871893957  0.04596043118205835  0.05616361575326131  0.06675534983154970
  0.07751348275227989  0.08808386084181609  0.09944620913486144  0.11046090610168299
  0.12208211344698433  0.13308272926738116  0.14373806894361837  0.15488792205736154
  0.16677642172206597  0.17864689274123266  0.18921395344953143  0.19868206578230463
  0.20863989050190684  0.21940014420082157  0.23138348078001389  0.24321451740145356
  0.25429750325745271  0.26519320789109035  0.27592188226644826  0.28692350957800861
  0.29771646604362900  0.30822382608962345  0.31847985228371156  0.32922356580030221
  0.33953923396693364  0.34932917082174775  0.35895609681026042  0.36787172329718509
  0.37855681309544154  0.38881206412961972  0.40124805626328774  0.41361996881954372
  0.42519275096584297  0.43617104612738744  0.44636793351767234  0.45636387050242494
  0.46688424477571105  0.47830779410613350  0.48991534505248246  0.50013032581423733
  0.50943307846009600  0.51877270176750345  0.52863687706498508  0.53968127414877332
  0.55115021652701646  0.56329238827547523  0.57603174595436590  0.58861676317524803
  0.60082330862468691  0.61252899075768619  0.62371599238068298  0.63498774540031999
  0.64632746066292135  0.65828535604762650  0.67008468403949306  0.68221604733243968
  0.69101445921937110  0.69969686417849319  0.70845777848393865  0.71673259980437054
  0.72588234327201007  0.73632965837070352  0.74644580428161988  0.75630470491240054
  0.76719876761028016  0.77674058476286612  0.78571932938568390  0.79407199869567047
  0.80199873146597733  0.81068357627977117  0.82126748491397716  0.83236950368111295
  0.84220058603312709  0.85112764289255227  0.85991369683819574  0.86979313802183111
  0.88071861541613217  0.89205390413259322  0.90302767791728344  0.91426183681314044
  0.92472025151279758  0.93539794869410897  0.94582282986778510  0.95614703788416944
  0.96643996450951397  0.97707203558736599  0.98842291166664042  1.00000000000000000
  0.18650539389556875  0.20188391582434378  0.21818337176713759  0.23881688103084689
  0.26264918053713482  0.28738530323736017  0.31145921213207362  0.34085086048933644
  0.37050850875109098  0.41247032423484165  0.45963019012457373  0.50413406322008547
  0.54109588408985843  0.56906573295419016  0.58736901908486028  0.60201251543454415
  0.61624836794402138  0.62820605269408780  0.63823796089722329  0.64680008461155125
  0.65398119880283834  0.65915014226478641  0.66241273780393306  0.66524275153476486
  0.66799800520786845  0.67072406138652008  0.67346340127020321  0.67589640149657926
  0.67815675381889351  0.68009083283141625  0.68172197945794388  0.68315062138293481
  0.68439372189773973  0.68552346781996842  0.68652943213413697  0.68738996155059173
  0.68818110336658567  0.68891844606071062  0.68953095645830176  0.69017038939138120
  0.69076702084059494  0.69136066729518209  0.69196830227029460  0.69251206588317948
  0.69305643675554873  0.69365766518904726  0.69429723186733139  0.69491552052620176
  0.69546822847535528  0.69602342795612093  0.69655119626192397  0.69708293954390121
  0.69764270281078045  0.69820458704350330  0.69871511524208574  0.69922512045880580
  0.69973461894235489  0.70024889094640008  0.70074890931721467  0.70127096938891265
  0.70185426405191464  0.70248569282371542  0.70313899020037984  0.70382559875662587
  0.70450535369125189  0.70511997586550978  0.70575315819971607  0.70639705003697828
  0.70709245366288731  0.70794560277341667  0.70879228547560824  0.70963309290488208
  0.71053154265985652  0.71150568401219871  0.71254171504967834  0.71346982787133040
  0.71441878779986701  0.71543496204925960  0.71665840115130630  0.71841564702052607
  0.72042243050359100  0.72265345232975509  0.72511857002497160  0.72789243466156262
  0.73103439269053960  0.73455585315811200  0.73850302587548966  0.74312347226130693
  0.74914212761667887  0.75641410465064240  0.76450234693203234  0.77412284426966338
  0.78631750388325161  0.80510671081117180  0.84602666278397920  1.00000000000000000
   2.3910748483749805E-009  -1.0000000000000000     
 F F F F F F F F F F F F F F F F F F F F F F F F F F F F F F F F F F F F F F F F F F F F F F F F F F F F F F F F F F F F F F F F
  <DiscreteSampler_grid>
  grouped_processes
  1 # 1 for a reference and 2 for a running grid.
  10 # Attribute 'min_bin_probing_points' of the grid.
  1 # Attribute 'grid_mode' of the grid. 1=='default',2=='initialization'
  0.0000000000000000 # Attribute 'small_contrib_threshold' of the grid.
  0.5000000000000000 # Attribute 'damping_power' of the grid.
 # binID   n_entries weight   weight_sqr   abs_weight
    19   10   8.314860303935745E+004   4.591693597675094E+010   8.314860303935745E+004
    22   10   8.314860303935745E+004   4.591693597675094E+010   8.314860303935745E+004
    25   10   8.314860303935745E+004   4.591693597675094E+010   8.314860303935745E+004
    28   10   8.314860303935745E+004   4.591693597675094E+010   8.314860303935745E+004
  </DiscreteSampler_grid>
