 -0.01300841107678120  0.09924745554260989  0.15620181602436550  0.19276331664013902
  0.22618185417230510  0.25945367537181191  0.28940357009664824  0.31747537083230537
  0.34365442592569156  0.36983361145254945  0.39310656931464699  0.41600031364432188
  0.43874766424714018  0.46030743550736047  0.47850478465683283  0.49509838899933489
  0.51152100971530312  0.52924681708822585  0.54678462832330177  0.56251876496667308
  0.57736660777111770  0.59141678060276326  0.60475776231654566  0.61845615033769952
  0.63105956429520638  0.64196142408986512  0.65251432040634449  0.66322825669602914
  0.67319784672049499  0.68282537908271912  0.69272339213738943  0.70265325837702375
  0.71258476702466667  0.72231697012757745  0.73179837493423183  0.74096292084465831
  0.74957510163937069  0.75746155242063173  0.76510048416845111  0.77275519872008092
  0.78065895654615958  0.78880374659230712  0.79730382488644269  0.80585588581281031
  0.81398627440059279  0.82159631362694885  0.82868643523214935  0.83530514070544948
  0.84130151704984579  0.84669152741522669  0.85187022855237893  0.85728978158977320
  0.86308386273148385  0.86900176803568197  0.87442965570217457  0.87953232182837970
  0.88436709804925351  0.88830637984608085  0.89209692370617177  0.89589598616132204
  0.89973622682183196  0.90418149734983133  0.90894998094028956  0.91292730068548111
  0.91661646591216883  0.92008478720255249  0.92337346563438827  0.92688871503466808
  0.93058141779093151  0.93419114929671276  0.93766341262563224  0.94097039928922221
  0.94413982005164210  0.94720985123148727  0.95035854551556909  0.95330461846363845
  0.95549909365721142  0.95750659701304885  0.95959193346096483  0.96168893117619647
  0.96374628305385091  0.96588632125735296  0.96813841847788540  0.97045254042905316
  0.97269279405065578  0.97459752741664696  0.97650039196890293  0.97844900086109809
  0.98050685891752121  0.98295887683286931  0.98528326166412317  0.98764192783049343
  0.99014692150630634  0.99276036464523287  0.99553271834550328  1.00000000000000000
  0.00000000015755155  0.00000000016786713  0.00000000017490185  0.00000000018038159
  0.00000000018527916  0.00000000018984559  0.00000000019481953  0.00000000019992725
  0.00000000020474788  0.00000000020906475  0.00000000021274643  0.00000000021694031
  0.00000000022175520  0.00000000022708302  0.00000000023278498  0.00000000023885583
  0.00000000024501770  0.00000000025136637  0.00000000025749418  0.00000000026441670
  0.00000000027192853  0.00000000027974798  0.00000000028805468  0.00000000029649972
  0.00000000030676190  0.00000000031744418  0.00000000032800665  0.00000000033870196
  0.00000000034972760  0.00000000036024330  0.00000000037089406  0.00000000038166619
  0.00000000039257109  0.00000000040566148  0.00000000042009071  0.00000000043505448
  0.00000000045031438  0.00000000046541344  0.00000000047935715  0.00000000049379163
  0.00000000050874290  0.00000000052413625  0.00000000054049252  0.00000000055628181
  0.00000000057085769  0.00000000058523973  0.00000000060050149  0.00000000061800661
  0.00000000063724592  0.00000000066309790  0.00000000069705055  0.00000000073133380
  0.00000000076571825  0.00000000080188722  0.00000000084171821  0.00000000088584341
  0.00000000093221711  0.00000000098040551  0.00000000103234845  0.00000000108970911
  0.00000000115351290  0.00000000122738876  0.00000000130947234  0.00000000139463990
  0.00000000147890898  0.00000000156196160  0.00000000164913722  0.00000000176015441
  0.00000000191365458  0.00000000210137852  0.00000000231687554  0.00000000257535790
  0.00000000287377493  0.00000000320004092  0.00000000355690946  0.00000000395702632
  0.00000000450537702  0.00000000531615471  0.00000000643565176  0.00000000785486383
  0.00000000961765705  0.00000001211870283  0.00000001607060509  0.00000002255451509
  0.00000003628346505  0.00000006167353860  0.00000013382114753  0.00000035822615308
  0.00000114853272964  0.00000401185167112  0.00001781487806610  0.00008831577905418
  0.00080339045074964  0.02090632924993336  0.60201288812051723  1.00000000000000000
 -0.00255834080073586  0.01006040586320394  0.02105871661543016  0.03242907611966801
  0.04414882218721916  0.05443606288780138  0.06430146162202977  0.07425945134323622
  0.08480124684904108  0.09629522080704557  0.10798877495247088  0.11962201867234661
  0.13074214221628247  0.14168676107639358  0.15263279548868267  0.16369354569266892
  0.17531931382226054  0.18675064010646922  0.19756676620225441  0.20794812756112635
  0.21856234179273423  0.22951053765603074  0.24054950273808862  0.25188624124293346
  0.26326785259106178  0.27469001401851906  0.28591272402342854  0.29626794368373677
  0.30589663268627060  0.31490022081364372  0.32379005199456112  0.33341246774802741
  0.34309408544488723  0.35243954709388053  0.36231428365947216  0.37257870789615227
  0.38301340620710306  0.39352817272316637  0.40393692298777606  0.41423174131891982
  0.42449609099447494  0.43503082854785047  0.44626300738919583  0.45744234492727393
  0.46881379635243087  0.48012019765906294  0.49106116959637108  0.50217256376754715
  0.51315852585345900  0.52389493888041938  0.53349234088431374  0.54323553552031545
  0.55326761279185943  0.56392694495431506  0.57484346328204883  0.58590708427023797
  0.59686556190572027  0.60798947283676297  0.61970774421580199  0.63178229342332670
  0.64331208078538116  0.65446402957996652  0.66544765835638797  0.67673679546974208
  0.68722518542315780  0.69705201405458772  0.70696667851111028  0.71764652167826326
  0.72896296989516995  0.74028742313411766  0.75186610292776368  0.76339165989338464
  0.77437328588057475  0.78484932201068336  0.79492773226322211  0.80513666372642589
  0.81505887215413886  0.82447761082925686  0.83249121882826649  0.84033153175602959
  0.84806240627077223  0.85678192710961443  0.86623275332855076  0.87564201920711260
  0.88445462524700225  0.89307722508788911  0.90271845429434994  0.91328738038735868
  0.92475962772594833  0.93588085865931003  0.94670464579026403  0.95754083703181114
  0.96833909456506650  0.97892087151930285  0.98976972976204280  1.00000000000000000
 -0.00245857430301744  0.00853853586258416  0.01959689458761761  0.02920285294350480
  0.03686938936988111  0.04502097956755589  0.05419579676942272  0.06468753284944705
  0.07541916125064171  0.08537318559146174  0.09518449035273435  0.10501033648507961
  0.11545711224435184  0.12666918835768476  0.13832222291320712  0.15033343572716459
  0.16229853783116471  0.17355267428749985  0.18428381809034655  0.19515506370325073
  0.20648674524001193  0.21775627794442715  0.22892051008019690  0.23975840593219849
  0.24941284511117043  0.25858690981390220  0.26757712792773303  0.27697047253262025
  0.28704401928392997  0.29729299204436932  0.30720514169750762  0.31706566178219209
  0.32748675626401286  0.33887821293486553  0.35035899395868814  0.36129892120591789
  0.37161760620993867  0.38141308380317585  0.39154302367843907  0.40191902075519587
  0.41257320255960517  0.42316986224326925  0.43385471839476364  0.44481466721318841
  0.45603622328273652  0.46726786407550636  0.47808457804785282  0.48932703098271502
  0.49957653472257835  0.50941641028830698  0.51906225490802660  0.52857823382223645
  0.53939620386925780  0.55040231358005198  0.56126759998441911  0.57142584273164165
  0.58177593663377891  0.59277164803458582  0.60316159515046097  0.61313527039605653
  0.62288481142791841  0.63340860130759746  0.64405061152893395  0.65565213205376649
  0.66640825273876814  0.67680690011180011  0.68687762621345105  0.69721892011921371
  0.70816586056788011  0.71927089034618297  0.73027524243842934  0.74143471216610946
  0.75239962428045570  0.76350047713373226  0.77437423599317712  0.78495833132848503
  0.79556207553294123  0.80619951290210101  0.81711089217134059  0.82844957256189067
  0.83947307235416835  0.84985308386294323  0.86052518422112279  0.87138734542969731
  0.88239937327699747  0.89369249135381834  0.90446757068059558  0.91492110974146423
  0.92559502968151763  0.93643094433198004  0.94691985060473194  0.95789717956766884
  0.96876292747980830  0.97960377599805282  0.99027115617601358  1.00000000000000000
 -0.00237386923890655  0.00835835097114028  0.02027459104285003  0.03176257729710987
  0.04238318783519028  0.05257417842015368  0.06282513382258074  0.07399978011867600
  0.08522581172547232  0.09601566260672781  0.10692991650339001  0.11783969291600099
  0.12918889815787857  0.14108594023360910  0.15299710200280259  0.16382170407601329
  0.17279650323045564  0.18162766309369446  0.19132376120264169  0.20092156860107124
  0.21132351086998621  0.22180209279581695  0.23167079031792451  0.24184213582697747
  0.25217779952409447  0.26336063085044675  0.27409566183996825  0.28544012578028288
  0.29549541347200020  0.30576042092909916  0.31595631581129890  0.32572619488640803
  0.33600057469129713  0.34612883586359022  0.35639098716387357  0.36646672231764271
  0.37672592128885746  0.38720458543486480  0.39802706754836731  0.40889846200530350
  0.41928544498805070  0.42924435271144673  0.43915397181108368  0.44923073375473466
  0.46018425872519275  0.47086388895321624  0.48158996473108001  0.49243262057026904
  0.50370705284271733  0.51539124236154110  0.52684399773241342  0.53770558323150330
  0.54836372496243779  0.55914600886763544  0.57040572933453859  0.58116492207100134
  0.59156333067011069  0.60161344928379623  0.61215340869182278  0.62321047464193702
  0.63412787413835991  0.64462592015447961  0.65473094973280799  0.66458306807412026
  0.67471261291965789  0.68436107591952267  0.69416240628859838  0.70454540232143870
  0.71579688571845634  0.72717955759116604  0.73792593957806341  0.74830044065433299
  0.75774887811737046  0.76771195198143627  0.77855659282526601  0.78929346885761320
  0.79997867595163541  0.81071022710069662  0.82125663487663358  0.83193659051160940
  0.84235479216461917  0.85286153751853522  0.86302173138670968  0.87306852344207986
  0.88230883778281799  0.89002863993549275  0.89876333699017463  0.90909586450369995
  0.92079308972884344  0.93255907130901261  0.94421267077123860  0.95565454536352212
  0.96636491415080028  0.97721362407186396  0.98805557331642202  1.00000000000000000
  0.18735402505856277  0.19744750044311721  0.21154653373986063  0.23192362661108124
  0.26193379959097479  0.29585454695542168  0.33299602519772048  0.37120051207451255
  0.41582734377349573  0.45921895859750961  0.49035793368706587  0.51911502337272619
  0.54778706770970087  0.57324336668726450  0.59451341253514367  0.61140257486337868
  0.62407905350514248  0.63404622410829137  0.64216649197893882  0.64884287799797047
  0.65448379974959381  0.65908566440690708  0.66326590162731003  0.66711784635258098
  0.67053801552543191  0.67333207109801529  0.67565663275746435  0.67776419449437419
  0.67968549563902259  0.68121308079295562  0.68248282115331194  0.68365216504558912
  0.68477418920229016  0.68588050017113100  0.68694856236724100  0.68794701644892708
  0.68887477890713267  0.68973626331635518  0.69054588407795314  0.69130919509692645
  0.69200548380032301  0.69264981301136619  0.69326618315653987  0.69384985729529158
  0.69440610498091637  0.69494815207022198  0.69547899514463107  0.69597516558150896
  0.69647991002436715  0.69699417786510820  0.69752297096241367  0.69803218570336212
  0.69851371576701538  0.69897996750988367  0.69943923238320616  0.69990503018033146
  0.70038005477665621  0.70085103259699200  0.70131943510595840  0.70177716943963997
  0.70225573717153611  0.70282981392422073  0.70347507329349146  0.70414965333822077
  0.70485575322293414  0.70557616775730936  0.70629291868008826  0.70703765910819549
  0.70784437454383520  0.70874344251085863  0.70973910023904740  0.71081283659201944
  0.71194558826152743  0.71311564100522029  0.71430736403448780  0.71556443760878607
  0.71692968781625876  0.71836481842221578  0.72003425671718435  0.72166375061117283
  0.72352821116363375  0.72550442433788598  0.72773734488795916  0.73040442254962989
  0.73330006183091456  0.73671179964618416  0.74065652026616824  0.74542750613861486
  0.75079144270123865  0.75683540400114035  0.76413676419229359  0.77354779554015440
  0.78637838360253420  0.80485857821447915  0.84298781688342195  1.00000000000000000
   2.2769046722969873E-009  -1.0000000000000000     
 F F F F F F F F F F F F F F F F F F F F F F F F F F F F F F F F F F F F F F F F F F F F F F F F F F F F F F F F F F F F F F F F
  <DiscreteSampler_grid>
  grouped_processes
  1 # 1 for a reference and 2 for a running grid.
  10 # Attribute 'min_bin_probing_points' of the grid.
  1 # Attribute 'grid_mode' of the grid. 1=='default',2=='initialization'
  0.0000000000000000 # Attribute 'small_contrib_threshold' of the grid.
  0.5000000000000000 # Attribute 'damping_power' of the grid.
 # binID   n_entries weight   weight_sqr   abs_weight
    19   10   3.848930992261651E+004   4.039035838715833E+009   3.848930992261651E+004
    22   10   3.848930992261651E+004   4.039035838715833E+009   3.848930992261651E+004
    25   10   3.848930992261651E+004   4.039035838715833E+009   3.848930992261651E+004
    28   10   3.848930992261651E+004   4.039035838715833E+009   3.848930992261651E+004
  </DiscreteSampler_grid>
