  0.38493460588705125  0.38542018648648174  0.38603376945598511  0.38669175806606554
  0.38737239588261446  0.38804748214502149  0.38872257152287942  0.38939981849092337
  0.39007842260348335  0.39076814112271196  0.39146988245192044  0.39215940017900347
  0.39285882425902818  0.39357201031111722  0.39429386186135579  0.39501242899426359
  0.39574731334259100  0.39658832754245699  0.39749375350086164  0.39840055062087126
  0.39931255679344224  0.40024192633946493  0.40117123211493538  0.40211088481220114
  0.40306976274626710  0.40404256870990030  0.40502228636721904  0.40599584382989778
  0.40696800780034176  0.40795143211273616  0.40895884890658685  0.40999181882943520
  0.41102990036751791  0.41206444084053007  0.41309049458621711  0.41414425327841314
  0.41519560664929822  0.41629152419993104  0.41744596380000915  0.41868157403106732
  0.41991631562941600  0.42114352098542701  0.42238830525522875  0.42364949701068622
  0.42492404692941010  0.42624080719841551  0.42757951699261881  0.42897831037086148
  0.43042008074257043  0.43188804816849619  0.43329167504492599  0.43470232248820195
  0.43611515746564905  0.43761670438710887  0.43923856008928602  0.44088354091527032
  0.44258138375259831  0.44430821550041055  0.44603965976015919  0.44777447549051508
  0.44952082865487153  0.45129499203919721  0.45316201777180715  0.45510583369634283
  0.45706949820174869  0.45917224330520412  0.46143640726999569  0.46372723237112651
  0.46607483149970297  0.46846850882473051  0.47090150939869435  0.47336983859905651
  0.47589344446973980  0.47863023222376683  0.48169567692610865  0.48492890927248489
  0.48817654505593805  0.49151721221804895  0.49503788051761866  0.49881329273148878
  0.50305371890869255  0.50763465736670621  0.51209133047725097  0.51662387007285815
  0.52151224252601547  0.52729172809126457  0.53323386289193542  0.53944385360107339
  0.54656382180963570  0.55457831125514478  0.56321943564745414  0.57372735510506467
  0.58557420450353459  0.60244767116208187  0.67604104563676670  1.00000000000000000
  0.01122950765951876  0.01793503801245399  0.02203088732239865  0.02531661272933923
  0.02817183214701136  0.03077074116391569  0.03314293957750894  0.03537869282027407
  0.03755105600597376  0.03969845641297974  0.04180922711824633  0.04384004508481935
  0.04581628519144570  0.04774708441579185  0.04960798282151803  0.05141657636553238
  0.05318064667110289  0.05492067230833343  0.05663155246482091  0.05830295335238432
  0.05994879558192794  0.06159043409736943  0.06325369925800178  0.06494182163499264
  0.06659236801292684  0.06816516487381603  0.06970265789558253  0.07127270994530271
  0.07287289869764806  0.07445634581722944  0.07601025443514425  0.07754285131622064
  0.07906016627057895  0.08056359821444034  0.08205998114764840  0.08356491062700526
  0.08508092738590937  0.08659522919763069  0.08811273892736229  0.08962900954455853
  0.09112147529456142  0.09260515658717547  0.09411163781995066  0.09566416084634716
  0.09723866676450170  0.09881641447267323  0.10038745007324242  0.10199881180585028
  0.10361474640042477  0.10522054018165183  0.10683752946987485  0.10848207167536715
  0.11015803393402919  0.11182957910975615  0.11350415041130019  0.11520746419074537
  0.11694325614998469  0.11871751923365884  0.12051610619545734  0.12230313462237222
  0.12422571733449406  0.12617834760730931  0.12812222761849165  0.13007089789767087
  0.13207429343550750  0.13414253579213448  0.13623143835722409  0.13833152171505284
  0.14042693675409756  0.14261517367938459  0.14487989523737541  0.14714247307868286
  0.14941085050689781  0.15175058916350273  0.15420749264284772  0.15674237493260967
  0.15933689580444876  0.16218857776096782  0.16526855457783074  0.16848895437775185
  0.17183505681121281  0.17539704236409986  0.17908029744138609  0.18286568246212254
  0.18678783434371152  0.19101954130693216  0.19518882832559592  0.19966716278732066
  0.20454729762368445  0.20987651365204998  0.21619960944179054  0.22352351320664784
  0.23288509684029954  0.24680342769957753  0.27880378383925902  1.00000000000000000
 -0.00254217779063110  0.01026067847416397  0.02068247865844160  0.03143214673230885
  0.04173736917838566  0.05263679630230619  0.06363342560824224  0.07451447140826244
  0.08495213600769841  0.09501791329237058  0.10519409213792924  0.11486047359586087
  0.12431882001807354  0.13404137414708198  0.14395919912756608  0.15399452353108467
  0.16422632991222222  0.17508477661442290  0.18611842694027575  0.19714217272770021
  0.20795887565671942  0.21928956596168050  0.23061266965416502  0.24153645365758336
  0.25272711467389636  0.26438789565959764  0.27563958402329386  0.28625675019269242
  0.29676335195199860  0.30720863219991112  0.31746352154478330  0.32739387852415297
  0.33752742769904054  0.34780200078937873  0.35796967814509917  0.36842012499363053
  0.37881262276789096  0.38964955951952918  0.40055875304781846  0.41147598574858035
  0.42211361116807739  0.43252930400889295  0.44302298381145711  0.45360974594289150
  0.46394855056004825  0.47392903836104833  0.48405622896557315  0.49383543222670351
  0.50377226227993821  0.51378793197259176  0.52413506403199173  0.53490613944557353
  0.54542690104211178  0.55583438904277815  0.56628059692196675  0.57698066452984842
  0.58750587004229615  0.59755993701141563  0.60780403795472393  0.61815212738258418
  0.62892657143346054  0.63954642258467242  0.65006729602117930  0.66045529849219631
  0.67056578862859673  0.68014757347455035  0.68987747994324145  0.69942805887430870
  0.70935607902279330  0.71955943446952431  0.72981074629944798  0.73995694883661367
  0.74986760257266671  0.76006151677614675  0.77052482024983193  0.78109838133901566
  0.79173850384683964  0.80257182566839480  0.81338417070790525  0.82377914450549006
  0.83407234905112093  0.84464494491657072  0.85546893183118411  0.86656899751652283
  0.87800436890739153  0.88985835481301123  0.90154850688024257  0.91289143887912572
  0.92390020070953749  0.93421096612100851  0.94454460833535858  0.95482714503299770
  0.96546755846390497  0.97648366255805585  0.98812013971781520  1.00000000000000000
 -0.00297100785379130  0.01212418948426288  0.02442109168095985  0.03609138187414116
  0.04702925210727162  0.05721696204185994  0.06734849446814625  0.07746124411182403
  0.08743073637719065  0.09747707458563819  0.10822867720655369  0.11979154214256550
  0.13118158501316263  0.14229269750060075  0.15379650494308375  0.16508578236146501
  0.17600319445485851  0.18659414848156800  0.19711062159329487  0.20749085152380045
  0.21739947472337118  0.22712297595301503  0.23664454152808737  0.24631027813453890
  0.25606158668971146  0.26578087334454314  0.27564477265975634  0.28599772258047540
  0.29682489038693688  0.30815158837026302  0.31940096465911266  0.33030280554732933
  0.34070860105328943  0.35085281374130256  0.36095846483586691  0.37124886993911976
  0.38190550276691243  0.39298891638374583  0.40386591400935679  0.41493526422590732
  0.42588420718152137  0.43691030573994999  0.44773357777718381  0.45882903007858195
  0.46987930730394684  0.48087132244938108  0.49192059253010789  0.50309412734580927
  0.51386373937393159  0.52490946584061138  0.53551485090107198  0.54583981357987754
  0.55587803123853252  0.56621252308025460  0.57685812779854484  0.58746157321302017
  0.59787773545888179  0.60862250999035183  0.61974094867063501  0.63096533741652816
  0.64205236539181043  0.65290934223661867  0.66357343706227245  0.67395507597004511
  0.68409620876401611  0.69415801058056070  0.70404625974615287  0.71405464289379805
  0.72430860478083359  0.73496637538290177  0.74580406025426227  0.75618554471096400
  0.76616365237289097  0.77617214663402501  0.78642220620288605  0.79676842641268009
  0.80683432403831734  0.81680079388970761  0.82683321640654628  0.83686668922525720
  0.84677342204213435  0.85659827146959977  0.86635046888459966  0.87617936779305750
  0.88649055113854391  0.89673398369012680  0.90633276795681839  0.91583971015870214
  0.92541542493553208  0.93543809121969157  0.94616526454350636  0.95647739963565459
  0.96727506781932804  0.97814085011459906  0.98911914432318759  1.00000000000000000
 -0.00229314995360456  0.01011088022365391  0.02107793073618869  0.03263337048682283
  0.04417720836186906  0.05550785860702968  0.06676960926257486  0.07832419116084718
  0.08921120307785853  0.09974181232161998  0.11053682123119987  0.12149324990870193
  0.13231801916953173  0.14310072939899768  0.15389997225595481  0.16481146574623604
  0.17534160970678486  0.18571019764690092  0.19553262280066419  0.20514097988211727
  0.21498224695633802  0.22510756016589059  0.23533004941155466  0.24558968400325323
  0.25602256934799894  0.26685006353639662  0.27772732684983442  0.28861864428349160
  0.29937405424148866  0.30976115435555862  0.32020401350203831  0.33046536985147767
  0.34074779901779945  0.35099670420536416  0.36109143586365394  0.37123656887373357
  0.38151994742033479  0.39175131437919231  0.40181136025884034  0.41167635318950857
  0.42198505457841889  0.43240486208751255  0.44276033178219876  0.45290197051176639
  0.46309772774429292  0.47350921306061222  0.48426626121271771  0.49524091126369940
  0.50643761486102934  0.51749613954816220  0.52903896192981237  0.54035439012357778
  0.55128799784778226  0.56223594137581989  0.57323945078034755  0.58389239395657166
  0.59379670001772578  0.60366397732422161  0.61346919817208001  0.62314457502467058
  0.63240825765337727  0.64184919712621491  0.65171465166704556  0.66175927232289611
  0.67193524898179402  0.68218122589323926  0.69257699694937713  0.70342233511264862
  0.71411575499931346  0.72459831874017677  0.73504000599522790  0.74530640485941768
  0.75629037883207617  0.76736371693745520  0.77830035659666785  0.78911229199861532
  0.79987552431861830  0.81028772558924755  0.82019431776680318  0.82966005281185962
  0.83941508873187209  0.84954575315918490  0.86011402518520386  0.87100785927720270
  0.88191819677025318  0.89248365066444690  0.90316437352715084  0.91398076625574165
  0.92537466921639044  0.93730161587091043  0.94771803621840256  0.95803558745332729
  0.96833344212293271  0.97889308796475527  0.98937428771136060  1.00000000000000000
  0.78889041274915583  0.79060031713895362  0.79144483747162342  0.79278916821628986
  0.79450126805374877  0.79608958837443133  0.79761011020720063  0.79906415225823080
  0.80056826915807289  0.80208662405082309  0.80358307810722962  0.80505355231163378
  0.80650475617258632  0.80793245499672062  0.80935229198562109  0.81077243162125634
  0.81219979326744773  0.81365351055143353  0.81512980890723852  0.81660125865041933
  0.81806475882161589  0.81952546459154996  0.82099068751114523  0.82246303068149917
  0.82394029847634698  0.82542705314631559  0.82689241375591560  0.82834201713314859
  0.82976068838599459  0.83116363169589369  0.83255424488160357  0.83396923853851912
  0.83539965408283956  0.83684738193133290  0.83831158517842053  0.83979174928166522
  0.84125971624480800  0.84270606034331363  0.84412560693673544  0.84552755692733128
  0.84694394550390850  0.84836991230775627  0.84979333118307376  0.85121425729093370
  0.85265161876796813  0.85410677450028194  0.85563619162485260  0.85715675848647954
  0.85869500847607827  0.86024877624118945  0.86180676514897936  0.86337243079749926
  0.86493913896963837  0.86650649024100068  0.86808382679267249  0.86966097883398075
  0.87124765488412392  0.87283468999626002  0.87440424218538282  0.87605937101949971
  0.87776065899790068  0.87947666240781930  0.88121226792303009  0.88297337679751797
  0.88471253313289655  0.88643261446923383  0.88816096838293435  0.88991451969882807
  0.89170273969268876  0.89350613158796888  0.89533704392013802  0.89726368894510133
  0.89923327648032247  0.90120715113929795  0.90320671783785123  0.90527951242155136
  0.90740525152802320  0.90960445621626640  0.91187007504275575  0.91416199925333419
  0.91651705103327741  0.91911747034904046  0.92180754774305207  0.92454922799669381
  0.92737920755634229  0.93028798171871396  0.93329959986308342  0.93655438014649917
  0.94026428543143459  0.94442299861279699  0.94893843745217499  0.95392358711634551
  0.96003411758895729  0.96791003923800112  0.97911956998809535  1.00000000000000000
   1.5402358682341402E-021  -1.0000000000000000     
 F F F F F F F F F F F F F F F F F F F F F F F F F F F F F F F F F F F F F F F F F F F F F F F F F F F F F F F F F F F F F F F F
  <DiscreteSampler_grid>
  grouped_processes
  1 # 1 for a reference and 2 for a running grid.
  10 # Attribute 'min_bin_probing_points' of the grid.
  1 # Attribute 'grid_mode' of the grid. 1=='default',2=='initialization'
  0.0000000000000000 # Attribute 'small_contrib_threshold' of the grid.
  0.5000000000000000 # Attribute 'damping_power' of the grid.
 # binID   n_entries weight   weight_sqr   abs_weight
    19   10   4.663196246541297E-005   4.482583646174802E-009   4.663196246541297E-005
    22   10   4.663196246541297E-005   4.482583646174802E-009   4.663196246541297E-005
    25   10   4.663196246541297E-005   4.482583646174802E-009   4.663196246541297E-005
    28   10   4.663196246541297E-005   4.482583646174802E-009   4.663196246541297E-005
  </DiscreteSampler_grid>
