 -0.01286754383344756  0.09744244330273183  0.14493003695567103  0.18469283774782458
  0.22127302290451070  0.25677613009369565  0.28834755994053496  0.31836317107930029
  0.34681375747385512  0.37276544874574274  0.39964384732659619  0.42031096174593852
  0.43326385711141346  0.44678852036792660  0.46762515544569305  0.48607535962092174
  0.50332989631108838  0.52104565777318168  0.53856811087901435  0.55385856373786047
  0.56756621227490189  0.58049719987671999  0.59375581807340438  0.60696659470391712
  0.62054842998398152  0.63451013120393629  0.64675169337240501  0.65653680705591766
  0.66702172833189333  0.67909194829053354  0.69069898091555904  0.70090534461472154
  0.71056379101125144  0.71992272211728914  0.72901061477947149  0.73775584006588379
  0.74667525307081517  0.75564813971515998  0.76464277937772918  0.77339207068195759
  0.78188486628678966  0.79046831474469237  0.79879444952980361  0.80676236046284455
  0.81466312916739470  0.82235320799827172  0.82977005926502156  0.83666079475932120
  0.84314777868902990  0.84860704500576267  0.85379556754270070  0.85923142174476741
  0.86500873159101277  0.87010327798089560  0.87499813370384372  0.87974208082852801
  0.88441989121789000  0.88939869512706871  0.89507938614168869  0.90053669924389335
  0.90581543944617315  0.91086682753943826  0.91592826447564046  0.92072818000225931
  0.92529036234880602  0.92954659888762248  0.93338447032286398  0.93701412869480338
  0.94019932219488656  0.94318627009600353  0.94596274813172909  0.94856980060058138
  0.95143827886214383  0.95444286447216253  0.95729619432856972  0.95998632482901014
  0.96249303735895786  0.96477870340505945  0.96684201580814177  0.96885211252353876
  0.97101738554938832  0.97344979017194000  0.97574764110233736  0.97756561625244098
  0.97896807824287435  0.98040266158108325  0.98194264699235057  0.98313927676213908
  0.98430392096112462  0.98534670489979503  0.98625972344864066  0.98780876095231507
  0.98974013474579736  0.99204972607448760  0.99528765922823359  1.00000000000000000
  0.00000000005755126  0.00000000006769578  0.00000000007496333  0.00000000008035945
  0.00000000008490637  0.00000000008962350  0.00000000009450092  0.00000000009967614
  0.00000000010516208  0.00000000010948074  0.00000000011321865  0.00000000011629940
  0.00000000011908714  0.00000000012175621  0.00000000012436227  0.00000000012706365
  0.00000000012988511  0.00000000013358640  0.00000000013740272  0.00000000014127491
  0.00000000014512410  0.00000000014976542  0.00000000015474490  0.00000000015993958
  0.00000000016615678  0.00000000017473852  0.00000000018321955  0.00000000019230312
  0.00000000020118866  0.00000000020993615  0.00000000021874421  0.00000000022875588
  0.00000000023896542  0.00000000024870335  0.00000000025818496  0.00000000026796081
  0.00000000027802546  0.00000000028824382  0.00000000029863324  0.00000000030978171
  0.00000000032105795  0.00000000033517524  0.00000000035216521  0.00000000037032947
  0.00000000038844983  0.00000000040762343  0.00000000043009185  0.00000000045870915
  0.00000000049069917  0.00000000052648928  0.00000000056582208  0.00000000060601806
  0.00000000064275820  0.00000000067584802  0.00000000070582406  0.00000000072862265
  0.00000000075590190  0.00000000078997040  0.00000000083434629  0.00000000088530965
  0.00000000093932839  0.00000000100770526  0.00000000109071998  0.00000000118460850
  0.00000000127651521  0.00000000136649537  0.00000000146201230  0.00000000155950813
  0.00000000166618492  0.00000000177814976  0.00000000190951840  0.00000000208717192
  0.00000000230247240  0.00000000253047538  0.00000000277118998  0.00000000314542917
  0.00000000363346596  0.00000000429935143  0.00000000508742705  0.00000000610157516
  0.00000000764896761  0.00000000971386401  0.00000001228048535  0.00000001622193561
  0.00000002262176611  0.00000003884099819  0.00000008362148129  0.00000021307236296
  0.00000064640068867  0.00000204729343626  0.00000786036233360  0.00003182414601845
  0.00015544521031855  0.00166139111084876  0.17753407050298553  1.00000000000000000
 -0.00224582713261769  0.00874347438814349  0.02040265288709894  0.03143222093814235
  0.04280885749555290  0.05407310028679273  0.06505865597205711  0.07551503683423101
  0.08581472236444042  0.09622347934414315  0.10656557195721790  0.11729771750990567
  0.12796834034053287  0.13752494595625017  0.14683401102863919  0.15633711161937899
  0.16550867399353139  0.17513716018272249  0.18473769055086683  0.19493104205359207
  0.20538908666013866  0.21593246547964526  0.22645199321798015  0.23726792936921212
  0.24846678161831348  0.25972229756205761  0.27093435580739295  0.28211332371184838
  0.29265021473604985  0.30265227114861798  0.31233974481594873  0.32254972385943842
  0.33349372047716513  0.34364385756380972  0.35315070542411903  0.36287621507483264
  0.37333782728984333  0.38422719886668910  0.39527025815678257  0.40642695080908581
  0.41770085529026868  0.42940619168476069  0.44127676558678314  0.45235368812367921
  0.46222683777175594  0.47223839927483580  0.48254756069816190  0.49368029396028562
  0.50365139622656552  0.51387935356662640  0.52467770942039460  0.53619167221649844
  0.54795250606806634  0.55957917365466259  0.57159141189171803  0.58366911616686568
  0.59416335507301976  0.60315177304154322  0.61192634666309575  0.62036027977335173
  0.62900597253787538  0.63822357727086165  0.64780197516598392  0.65783449140241912
  0.66831450574306361  0.67948015361192104  0.69152479728364435  0.70354722869687492
  0.71510174337608279  0.72633513206258948  0.73770574321917648  0.74972170782768355
  0.76192870899664156  0.77184754296621827  0.77946941295517025  0.78694037614490031
  0.79587330128851719  0.80599260373356452  0.81740037402338528  0.82838187344847636
  0.83909590280109625  0.85079091219603620  0.86272840270997764  0.87517134512179751
  0.88725084696567202  0.89847732425626592  0.90925254378185383  0.92033099648504757
  0.93101250310518802  0.94191908666105328  0.95332122792385188  0.96381938505517872
  0.97268806726332924  0.98138807353744939  0.99051672695824455  1.00000000000000000
 -0.00228177191246503  0.00841254337875408  0.01909227119821454  0.02976829660328887
  0.04095790155925776  0.05228094269363958  0.06331667393492524  0.07362405297157930
  0.08384200249227489  0.09381394190538274  0.10438073808817873  0.11553326139198279
  0.12661463304881973  0.13744964963117720  0.14776702922181531  0.15796965112965328
  0.16815398445094273  0.17793952270628599  0.18764952545200553  0.19756528453677225
  0.20712128957482090  0.21656500321529099  0.22692249836476036  0.23777639001555820
  0.24882376081437899  0.25959093305800190  0.27039635635414266  0.28071424995389843
  0.29067087567803157  0.29979905278097346  0.30819778810844434  0.31757096185610384
  0.32839196767355427  0.34007290091960868  0.35274305990974497  0.36473823961113921
  0.37605162291449540  0.38646824662690854  0.39713710324109802  0.40823181779840784
  0.41954330283978014  0.43086855386407275  0.44258676684683168  0.45445636329677008
  0.46570036866494913  0.47578909445971823  0.48629448757127380  0.49787305864164128
  0.50838031265922035  0.51803064428902201  0.52675178271658440  0.53546332759694859
  0.54582186354276541  0.55665628586270888  0.56773874141726588  0.57886589665676369
  0.58988055213160318  0.60103639333995951  0.61205870907965909  0.62255332742395553
  0.63309072159834590  0.64348481190283380  0.65378987641684572  0.66412590268936611
  0.67487139289950637  0.68646871773079643  0.69804282133536022  0.70966525019250126
  0.72161849406296674  0.73306403128149411  0.74428647703958384  0.75592388250848896
  0.76738058291202083  0.77762167850279895  0.78685775342197151  0.79447286954998508
  0.80197732087733065  0.81151637997061610  0.82281134731629391  0.83471915490033122
  0.84620469696120337  0.85796664779800846  0.86932231447727015  0.87923473439430599
  0.88771343731052743  0.89633475823939357  0.90495135263022197  0.91474226045083329
  0.92525249006826082  0.93524799951002835  0.94558784232227988  0.95703960017545708
  0.96862222157863576  0.97974093840748488  0.99007749461013295  1.00000000000000000
 -0.00220660307110748  0.00854897880797321  0.01862404893393612  0.02838209008297159
  0.03917705414700849  0.05008970609268533  0.06151509239804731  0.07279285699842600
  0.08324556809140275  0.09301807623924981  0.10270726005266029  0.11296453660143531
  0.12372623022923643  0.13358564244820259  0.14280818183237967  0.15167498213400105
  0.16082627362104537  0.17018394246509072  0.18099548490975972  0.19291422921719606
  0.20491725663267499  0.21654944485372737  0.22755119837049770  0.23777848745071486
  0.24716606561459523  0.25679590422060378  0.26734548047293916  0.27897697990268716
  0.28985652087829822  0.29991180089972491  0.30791537614062225  0.31673939888924341
  0.32576695086556068  0.33628095400260771  0.34691208868925916  0.35722623074819815
  0.36781599705500301  0.37931278426256143  0.39058273198027349  0.40144947642248308
  0.41212003499041955  0.42309299806602046  0.43463132436717555  0.44483581152133927
  0.45367903368014195  0.46128623675029690  0.46879634966669459  0.47784585564358151
  0.48761966633615844  0.49680675575554128  0.50887259052262268  0.52137436395171932
  0.53276706991001177  0.54406024322385282  0.55504934001236028  0.56690739709690607
  0.57792841581833665  0.58903267768215217  0.60046615664010683  0.61107174802823339
  0.62067757063080609  0.62965648334502067  0.63947014114736267  0.65070691423982330
  0.66270743173176039  0.67408130417690526  0.68473726586170414  0.69488868554588423
  0.70486922515937722  0.71533145556243127  0.72607772383464886  0.73675370227252346
  0.74790053314082106  0.75869989807538396  0.76995882047522235  0.78133946402096810
  0.79304544295446577  0.80483199205720901  0.81623183152009582  0.82761067746250505
  0.83942303629059656  0.85125115539740204  0.86258367553324089  0.87324914026462419
  0.88376534126453632  0.89453632282256434  0.90525290568805716  0.91549928499728328
  0.92477881825982666  0.93464858051171107  0.94388620327819184  0.95495158239299449
  0.96592182270532323  0.97726477995389893  0.98892795327689187  1.00000000000000000
  0.18661732897615879  0.20013764536969492  0.21551942332816981  0.23637982947686181
  0.26740652227449951  0.30592281905990720  0.34677250460742381  0.38868025047798843
  0.42958027506806373  0.46628007301321184  0.50000859171831458  0.53184224829900439
  0.55973738998381684  0.58360732210263111  0.60346571893869283  0.61785828440200641
  0.62888154673541674  0.63788870701754297  0.64513368892194711  0.65108127586744791
  0.65640318059774949  0.66071080378800662  0.66421702145534744  0.66710111486750157
  0.67018272639039456  0.67312757751164065  0.67515757306925683  0.67699729386346574
  0.67862325859990258  0.68033270629153875  0.68205607693019932  0.68356653527994904
  0.68493532290986237  0.68621964022222603  0.68732843388979137  0.68828297983406772
  0.68912815249847115  0.68990673978495654  0.69064780845730045  0.69137866218113975
  0.69206752180913300  0.69274140212564561  0.69335573270958417  0.69386527132545806
  0.69432131984466761  0.69470699791527335  0.69508563279606828  0.69548375293433362
  0.69599611959433150  0.69654906364640590  0.69709590648249509  0.69760340238950314
  0.69809449247498934  0.69859021232913165  0.69909706062868704  0.69958166458924009
  0.70006313962432065  0.70057507827566434  0.70110682813041370  0.70164385430835274
  0.70218533056862797  0.70274100075881973  0.70332056291862965  0.70392408530087713
  0.70453859526508333  0.70518473607278809  0.70585275098299716  0.70655430885306258
  0.70733087220570523  0.70818890957240188  0.70911589777136275  0.71011969848132528
  0.71118043170435663  0.71228260852109082  0.71343586992546681  0.71453663114152144
  0.71576348401090495  0.71714711604041603  0.71867094056526615  0.72029486185795866
  0.72206726238699914  0.72407720508800655  0.72660390517210061  0.72958925833395927
  0.73296477627722290  0.73662400726704125  0.74051355490644877  0.74497752449892340
  0.75026413737841680  0.75680580593882363  0.76435473727481251  0.77441929040093460
  0.78887915690652111  0.80854941082095233  0.85113176349234410  1.00000000000000000
   2.4430398654498886E-009  -1.0000000000000000     
 F F F F F F F F F F F F F F F F F F F F F F F F F F F F F F F F F F F F F F F F F F F F F F F F F F F F F F F F F F F F F F F F
  <DiscreteSampler_grid>
  grouped_processes
  1 # 1 for a reference and 2 for a running grid.
  10 # Attribute 'min_bin_probing_points' of the grid.
  1 # Attribute 'grid_mode' of the grid. 1=='default',2=='initialization'
  0.0000000000000000 # Attribute 'small_contrib_threshold' of the grid.
  0.5000000000000000 # Attribute 'damping_power' of the grid.
 # binID   n_entries weight   weight_sqr   abs_weight
    19   10   1.115567824451598E+006   7.817077287909940E+012   1.115567824451598E+006
    22   10   1.115567824451598E+006   7.817077287909940E+012   1.115567824451598E+006
    25   10   1.115567824451598E+006   7.817077287909940E+012   1.115567824451598E+006
    28   10   1.115567824451598E+006   7.817077287909940E+012   1.115567824451598E+006
  </DiscreteSampler_grid>
