 -0.01225698793251643  0.09720955805261658  0.15030539599322865  0.18758286251413250
  0.22169477100202320  0.25198562365050980  0.28041860821021486  0.30726544630269115
  0.33047224763012584  0.35359617227147844  0.37821074494197421  0.40114952533482157
  0.42265459588498705  0.44386817194933159  0.46137333000146952  0.47900164268863166
  0.49669059696070700  0.51235227881827283  0.52738924985801983  0.54246738368816383
  0.55735220394023643  0.57125224014794607  0.58441789679786471  0.59764376726114099
  0.61112324799202000  0.62413791470948399  0.63564961883721904  0.64716448546684846
  0.65907127419264278  0.67122404226697341  0.68242300499094277  0.69189730707125174
  0.70042318609368992  0.70926500347618571  0.71839086014750542  0.72742766225414568
  0.73604886910375578  0.74542618828958973  0.75466608047851491  0.76336388051394677
  0.77159278879751758  0.77979874206597644  0.78810751171196869  0.79611624050571583
  0.80290849928912145  0.80921199226888285  0.81507005023571200  0.82124665108628958
  0.82775005134789670  0.83481050626758690  0.84187731192724735  0.84814551882236289
  0.85398563392249383  0.85957720423350836  0.86541108349906049  0.87116179213641021
  0.87554230856096882  0.87953067718180400  0.88357764153979323  0.88775467433184418
  0.89275320148858306  0.89819064017371797  0.90354018559307403  0.90868610134836736
  0.91356773560617033  0.91810564868686539  0.92252917159784642  0.92643569133260084
  0.93036059311429287  0.93431547104172052  0.93785444559654385  0.94124612329016777
  0.94469846375259625  0.94818497039180083  0.95148946990700412  0.95442100656820605
  0.95702890111386008  0.95946934642819737  0.96155775288792122  0.96368562961754300
  0.96584249256988264  0.96806137384866964  0.97030346717150862  0.97250460552276397
  0.97465809980663409  0.97679439217190533  0.97890274969507773  0.98095313079028201
  0.98269816367771368  0.98445000597778920  0.98626372370751436  0.98823995964055844
  0.99051180677970896  0.99302131777496550  0.99499354267398787  1.00000000000000000
  0.00000000009267974  0.00000000009761793  0.00000000010082911  0.00000000010356999
  0.00000000010616638  0.00000000010893393  0.00000000011167898  0.00000000011425708
  0.00000000011650525  0.00000000011886466  0.00000000012159325  0.00000000012440459
  0.00000000012710938  0.00000000013014544  0.00000000013328272  0.00000000013711161
  0.00000000014143749  0.00000000014555404  0.00000000014913919  0.00000000015272347
  0.00000000015574712  0.00000000015852353  0.00000000016145923  0.00000000016439461
  0.00000000016756283  0.00000000017131652  0.00000000017553545  0.00000000018022511
  0.00000000018521290  0.00000000019030912  0.00000000019585395  0.00000000020108486
  0.00000000020647523  0.00000000021190340  0.00000000021729711  0.00000000022319052
  0.00000000023067673  0.00000000023911269  0.00000000024799928  0.00000000025731406
  0.00000000026733645  0.00000000027950531  0.00000000029305278  0.00000000030722071
  0.00000000032297819  0.00000000033992549  0.00000000035684339  0.00000000037362233
  0.00000000039070224  0.00000000040783044  0.00000000042638266  0.00000000044522597
  0.00000000046709545  0.00000000048972306  0.00000000050944052  0.00000000053123011
  0.00000000055554471  0.00000000058167827  0.00000000061147591  0.00000000064499454
  0.00000000068400481  0.00000000073120142  0.00000000078411023  0.00000000084082892
  0.00000000090642117  0.00000000097013291  0.00000000102566584  0.00000000108787148
  0.00000000115738614  0.00000000124601444  0.00000000132727780  0.00000000141730525
  0.00000000151956047  0.00000000166039071  0.00000000183200618  0.00000000206974200
  0.00000000236309797  0.00000000270378297  0.00000000306533675  0.00000000347074701
  0.00000000406760110  0.00000000503900398  0.00000000642279018  0.00000000857245391
  0.00000001182547499  0.00000001727065871  0.00000003150268495  0.00000007227720920
  0.00000027259615605  0.00000106355939831  0.00000670250178194  0.00004338227366788
  0.00037175544112637  0.09143923927892529  0.62768962333351230  1.00000000000000000
 -0.00207499719554282  0.00819907606504629  0.01884021417611673  0.03007866179603836
  0.04138983142442765  0.05202213699857027  0.06262793062541692  0.07252427003017799
  0.08236096849207256  0.09242299806702496  0.10312684140701363  0.11469647540131921
  0.12686283854203947  0.13904892135605451  0.15095817906170036  0.16219311969746372
  0.17296147807027967  0.18369142473789771  0.19489511878989824  0.20606701440849925
  0.21673690549360877  0.22709738985404612  0.23773394086085631  0.24836122411483644
  0.25923929100426141  0.26974873425800472  0.27941208684613783  0.28915059162887419
  0.29912090324113938  0.30964028136960686  0.32091382603742674  0.33193174805638204
  0.34212215094949905  0.35187409668093067  0.36183193029007199  0.37190784368877877
  0.38195893900836070  0.39182518558077473  0.40183081176466728  0.41216071913389024
  0.42249640006191258  0.43336136152272664  0.44344316106224785  0.45252901097286463
  0.46117909667121038  0.47056974546025016  0.48045310089239363  0.49094763613136250
  0.50208214381425742  0.51327239271776437  0.52465095638570081  0.53574986795853508
  0.54676948991776786  0.55794385918716138  0.56928615263370586  0.58019912262943363
  0.59065006617457394  0.60160027622501877  0.61230227798708903  0.62225300378722370
  0.63169088267489670  0.64092864106847525  0.65112453109729795  0.66221625815718210
  0.67377344627175251  0.68430485544169661  0.69378768361548337  0.70321000589644633
  0.71406280501935804  0.72578380087591010  0.73733899556039451  0.74825555659536136
  0.75891645337998670  0.76953637283296850  0.78063130195759567  0.79196289327157010
  0.80336765529714982  0.81364521771208553  0.82271952214773869  0.83137748088356289
  0.84031052676882956  0.84942420455047118  0.86005849852748839  0.87082986789281958
  0.88172998685765913  0.89260699854201886  0.90248094273551083  0.91263375748430120
  0.92274692405058056  0.93286225973615611  0.94417844241814597  0.95481061049591076
  0.96634110486931712  0.97741924459001062  0.98815236074630308  1.00000000000000000
 -0.00261453626420370  0.01000407503253202  0.02078127318876838  0.03283804058639576
  0.04344631748642942  0.05431227650734818  0.06494250568690835  0.07583543684043181
  0.08502314835021950  0.09402325943073724  0.10341032948837457  0.11284812389904345
  0.12286810481458818  0.13220586150906977  0.14203423687963312  0.15217629893081849
  0.16227242157917185  0.17318808320555315  0.18413260864768874  0.19491359254686169
  0.20515155613864758  0.21490460505219547  0.22472518097522004  0.23492426060153265
  0.24582024098152738  0.25684180834897402  0.26692216845620370  0.27608284376211439
  0.28530585883549148  0.29552146182718469  0.30671485021708589  0.31827081707501464
  0.32980357673517563  0.34103459880669873  0.35165486198037738  0.36196354163911909
  0.37219849918066389  0.38273182031788872  0.39352716969051549  0.40437551205946537
  0.41521307056856549  0.42579955464472069  0.43622448733501396  0.44677329740708982
  0.45772732648224340  0.46954128109336329  0.48113787375439487  0.49232238921727467
  0.50355940965680968  0.51393503227982529  0.52386550129993492  0.53353392483659878
  0.54298815753633989  0.55323982352855761  0.56341873162606704  0.57357450879547300
  0.58361018959472788  0.59382062625598586  0.60454053623436632  0.61529415425991651
  0.62630081666295179  0.63703221773134966  0.64726883573170579  0.65738257940466005
  0.66839952124132873  0.67963192098223468  0.69112540924552834  0.70238933944373416
  0.71371939737519441  0.72456983691647459  0.73521800377534408  0.74588381160169714
  0.75693832672974970  0.76706563965908836  0.77599758981562328  0.78490283424484952
  0.79470279966719182  0.80566004918048839  0.81699131000338021  0.82823132651129583
  0.83824856282589322  0.84774328206727700  0.85688291810779926  0.86689021457009585
  0.87727642575811227  0.88817196613186977  0.89909629155144621  0.90999997899083840
  0.92102563673616855  0.93304839700023867  0.94458519658381213  0.95607384882877922
  0.96721731079023743  0.97871694036888668  0.98959386497462443  1.00000000000000000
 -0.00230073419001452  0.00912950776637682  0.01980645295151523  0.03101759706247534
  0.04179404196599221  0.05236339633050761  0.06280552467161164  0.07244753261362008
  0.08246904636513580  0.09265643369729892  0.10359700365834291  0.11512016992381069
  0.12666344648652539  0.13796770093908775  0.14891235010538748  0.15987674220516668
  0.17126068631938021  0.18299338892120687  0.19446384567012281  0.20535432722970107
  0.21555889550991580  0.22552652118398783  0.23548657967875000  0.24595020574665055
  0.25653240008586803  0.26693028947839176  0.27720251549180180  0.28752383129532388
  0.29822747409352657  0.30872051081562729  0.31878918246531551  0.32900005058224657
  0.33974218231548470  0.35126722009588729  0.36318236082127586  0.37478875134641493
  0.38593216991110346  0.39629543717904220  0.40570166630185173  0.41491150960231510
  0.42531681849086678  0.43672570716396059  0.44802153926313154  0.45837387850861566
  0.46810885294609700  0.47819820817160463  0.48881152812807138  0.50001007312463197
  0.51096927961854910  0.52201599462958581  0.53308858757827893  0.54389552327394819
  0.55452622942450425  0.56515235291758337  0.57484410516518847  0.58443725737564189
  0.59439323734607763  0.60497756115270962  0.61519419654442409  0.62501745170308343
  0.63472076310091519  0.64484529783317734  0.65632792449987842  0.66849046600017492
  0.68020602868531033  0.69089204253366454  0.70095631751591192  0.71067147983250190
  0.72043133683724392  0.73069443106465737  0.74112647391830211  0.75166013325242009
  0.76300971657145367  0.77424023072954251  0.78523194391425277  0.79614691894414136
  0.80725480464195254  0.81899195190835228  0.83048633248572723  0.84145329220520271
  0.85161988720343096  0.86128575653748873  0.87097724101691032  0.88079922345213812
  0.89059928764017737  0.90011655039022687  0.90961975011881813  0.91908330385307235
  0.92894219883122375  0.93881739209401005  0.94898104231408775  0.95902262130019122
  0.96900451463289106  0.97885388963804687  0.98960588627216584  1.00000000000000000
  0.18601445006395628  0.20244895121756348  0.21986461785872896  0.24937799374310610
  0.27552858062254632  0.31024095555847264  0.35352761749808420  0.40111047396561533
  0.44394075795724391  0.48354130374593679  0.51807328160848398  0.54447701938384896
  0.56722037586088936  0.58902501170483379  0.60776119449254851  0.62197423668326590
  0.63283955050412388  0.64071369492302011  0.64712565270466160  0.65298065904143965
  0.65851763365124905  0.66339834529251374  0.66737981624483600  0.67054950391077528
  0.67303684789630147  0.67512573826024502  0.67702862123044072  0.67875063292061488
  0.68029348332731121  0.68172557075928630  0.68306537271004042  0.68429443716166372
  0.68540691892728611  0.68642520469887225  0.68736265982830114  0.68824271565206008
  0.68905295615816431  0.68979552265569166  0.69048904315159920  0.69114240251937642
  0.69176362733103391  0.69238812680990514  0.69302536835103834  0.69363853361127858
  0.69419689726767597  0.69471163478265596  0.69523631678415365  0.69577668857801622
  0.69628730017493479  0.69675817445325261  0.69721547096276681  0.69767360300502268
  0.69814470019168584  0.69861021126202272  0.69910962304190349  0.69961608630754180
  0.70012891580943948  0.70063090248834381  0.70115539795367132  0.70170198892926139
  0.70228909360667935  0.70287470159271315  0.70342612596912080  0.70395837221189483
  0.70452119727673079  0.70515248169913480  0.70584425826280917  0.70659743781265361
  0.70738357620036618  0.70822098207648287  0.70907782236977801  0.70997085112939295
  0.71087573290910122  0.71185960202200982  0.71299073963446424  0.71422246244701004
  0.71557806093788801  0.71702090081922365  0.71848491370812373  0.72002556512478222
  0.72172268695549802  0.72363373985493973  0.72606271176676618  0.72880348869945866
  0.73195854391432780  0.73549306874698928  0.73934575739367192  0.74377545146131963
  0.74902909209021618  0.75516743585419477  0.76220471003851509  0.77133535669673148
  0.78425360814648859  0.80236641500619277  0.83928769439042239  1.00000000000000000
   2.4173082633706827E-009  -1.0000000000000000     
 F F F F F F F F F F F F F F F F F F F F F F F F F F F F F F F F F F F F F F F F F F F F F F F F F F F F F F F F F F F F F F F F
  <DiscreteSampler_grid>
  grouped_processes
  1 # 1 for a reference and 2 for a running grid.
  10 # Attribute 'min_bin_probing_points' of the grid.
  1 # Attribute 'grid_mode' of the grid. 1=='default',2=='initialization'
  0.0000000000000000 # Attribute 'small_contrib_threshold' of the grid.
  0.5000000000000000 # Attribute 'damping_power' of the grid.
 # binID   n_entries weight   weight_sqr   abs_weight
    19   10   3.074712140530709E+005   2.888653821760967E+011   3.074712140530709E+005
    22   10   3.074712140530709E+005   2.888653821760967E+011   3.074712140530709E+005
    25   10   3.074712140530709E+005   2.888653821760967E+011   3.074712140530709E+005
    28   10   3.074712140530709E+005   2.888653821760967E+011   3.074712140530709E+005
  </DiscreteSampler_grid>
