 -0.01168868698419521  0.09414452518482150  0.15106446752335997  0.19594996165228426
  0.23270368150643528  0.25989043342335821  0.28912255251097807  0.31809337634510770
  0.34560967770134848  0.37185487328899608  0.39192537224867330  0.41075548653833122
  0.43161458335660874  0.45094767877681813  0.47009873447061296  0.48543684704892909
  0.49809517089156891  0.51057264133597979  0.52660815640143410  0.54313053504198527
  0.55930263289756321  0.57381204993591639  0.58636432865736510  0.59830764750802734
  0.61100583713693202  0.62332641204145411  0.63508446782430650  0.64630721269426239
  0.65751550757152255  0.66865504925616503  0.67858816367740549  0.68769330443520005
  0.69695870468216403  0.70584681037535779  0.71593689160148277  0.72584127662734665
  0.73458936504832695  0.74314057290813884  0.75090969130834428  0.75782321994957313
  0.76519267510152367  0.77320413744909233  0.78235501883376224  0.79088951649086403
  0.79895601464555177  0.80720665360434851  0.81565993289282590  0.82312771249536276
  0.83058093412483402  0.83699817744137817  0.84290379744034694  0.84961561031265675
  0.85633373086932973  0.86331771858199824  0.87042480704791547  0.87718116841745541
  0.88332516332923672  0.88872219871684377  0.89414589030173530  0.89980524127946804
  0.90544389227489852  0.91066897178118589  0.91540208912472665  0.91985938974031889
  0.92426990837969969  0.92827350879872117  0.93173390867553796  0.93510022545433114
  0.93847789396682602  0.94141503177642372  0.94429073054735124  0.94717588334673997
  0.94999779750385316  0.95313174186369287  0.95625046884995679  0.95902489964949100
  0.96182576455965541  0.96473291308620068  0.96744077406027829  0.96996009708421982
  0.97240381465697923  0.97462867821356680  0.97654173210483186  0.97814299829995432
  0.97930103580322159  0.98037065262763412  0.98138525321211822  0.98245051098614811
  0.98359593679654300  0.98501875513015758  0.98674673956986469  0.98868740035148239
  0.99080615486330248  0.99419961382301314  0.99480141784917631  1.00000000000000000
  0.00000000005068098  0.00000000006140017  0.00000000006923965  0.00000000007451367
  0.00000000007944097  0.00000000008493395  0.00000000009054340  0.00000000009562409
  0.00000000010028165  0.00000000010410140  0.00000000010794797  0.00000000011181098
  0.00000000011572775  0.00000000012062120  0.00000000012697101  0.00000000013357257
  0.00000000014018053  0.00000000014667364  0.00000000015320186  0.00000000015969367
  0.00000000016615146  0.00000000017272962  0.00000000017879553  0.00000000018468784
  0.00000000019061133  0.00000000019662814  0.00000000020307735  0.00000000021044571
  0.00000000021725833  0.00000000022441580  0.00000000023200848  0.00000000024058015
  0.00000000024976225  0.00000000025978498  0.00000000027089678  0.00000000028324438
  0.00000000029832440  0.00000000031441044  0.00000000033122369  0.00000000034820681
  0.00000000036542766  0.00000000038351395  0.00000000040119882  0.00000000042319788
  0.00000000045259651  0.00000000048622095  0.00000000051898676  0.00000000055016404
  0.00000000058109369  0.00000000061210341  0.00000000063766825  0.00000000065649251
  0.00000000068085312  0.00000000070642170  0.00000000073227441  0.00000000076044441
  0.00000000079759261  0.00000000086294478  0.00000000093305164  0.00000000101203553
  0.00000000110098985  0.00000000119723279  0.00000000130441127  0.00000000141083916
  0.00000000152327638  0.00000000165790214  0.00000000184065907  0.00000000205715561
  0.00000000228056807  0.00000000251667159  0.00000000281246171  0.00000000328956967
  0.00000000374429020  0.00000000428611247  0.00000000500876418  0.00000000605766798
  0.00000000747530855  0.00000000933871447  0.00000001172819346  0.00000001508299994
  0.00000001988713408  0.00000003066796979  0.00000005098141340  0.00000009171327005
  0.00000017335923319  0.00000040814320356  0.00000100369916859  0.00000253298569550
  0.00000658040090343  0.00001853034216232  0.00006043711552215  0.00022448922367261
  0.00136601183478233  0.03923380912883649  0.62929973420292140  1.00000000000000000
 -0.00287717288103138  0.01033383774780067  0.02195161782960274  0.03438175979605484
  0.04608624110181515  0.05778335530788069  0.06827946724061222  0.07701741125928704
  0.08562175852362877  0.09513436023191964  0.10419350305874553  0.11387808739528953
  0.12397381854839701  0.13404714911154264  0.14448519821459602  0.15532033473880602
  0.16514133752362817  0.17287683733630993  0.18003388395497849  0.18737485844903073
  0.19471993227052559  0.20436604386559612  0.21505638682906009  0.22571458632156680
  0.23637978194716011  0.24724234482887875  0.25770344664370870  0.26731791507957803
  0.27601403749900882  0.28440866422136174  0.29297741336891270  0.30411068959355475
  0.31559252810186494  0.32684581744840630  0.33806053639595041  0.34906294806451932
  0.35655062058503484  0.36358709098897801  0.37046228720809110  0.37810283210360002
  0.38858226147429958  0.40087833419068425  0.41355814457710588  0.42604556731909610
  0.43814005638871167  0.44992382291982802  0.46172229794314501  0.47341291696122678
  0.48483995954745279  0.49553137979071604  0.50498869171456717  0.51323175184517877
  0.52140819997522880  0.53098873854430440  0.54228112654860106  0.55399225598521484
  0.56534539713313225  0.57629385737596872  0.58692770426906182  0.59725152915505386
  0.60707799041954424  0.61695964024916994  0.62751625607784456  0.63822014495756529
  0.64905726162919319  0.66008100304344508  0.67100883773717512  0.68188665462218034
  0.69316094954028318  0.70396806322400207  0.71407965668610029  0.72406559485059530
  0.73414206867398524  0.74550444027958362  0.75768720252777388  0.76943507264784672
  0.78071202949217433  0.79215249813451227  0.80367369470365191  0.81555581293658630
  0.82773050435698259  0.83984920100357685  0.85167953063254775  0.86342324134015958
  0.87530383364107034  0.88687302871792073  0.89804770411064427  0.90888685828991200
  0.91972019533990712  0.93100828058389329  0.94240332758596246  0.95378818510543328
  0.96611411787021362  0.97800848554302500  0.98932465361930888  1.00000000000000000
 -0.00264619057117334  0.01025942088682217  0.02145474297587425  0.03305075285330457
  0.04419791602547110  0.05462775010224208  0.06535174703333296  0.07631349160002733
  0.08714670594743609  0.09734826282157386  0.10700132131598854  0.11673857605200397
  0.12753428867099356  0.13864343070955779  0.15004525668921079  0.16042483697088614
  0.17153968880956674  0.18334267006728430  0.19519573493536496  0.20634390551020404
  0.21724094348546039  0.22833041768489909  0.24026899460602436  0.25245294016811187
  0.26342424929744390  0.27374178886130640  0.28395559240213941  0.29474018293487203
  0.30628605777789059  0.31734528812071833  0.32801719111706995  0.33866676569841542
  0.34931555510797585  0.35906946624331892  0.36857067928172521  0.37771123986860072
  0.38765511148732379  0.39838518332389927  0.40975980237383225  0.42084270264029522
  0.43131349591603135  0.44182575368864574  0.45262760046499795  0.46357200748487570
  0.47488712114477316  0.48578060293190861  0.49709695941836651  0.50859995179898110
  0.51847751063079728  0.52701414221560183  0.53575866449479492  0.54486757780746842
  0.55389093254594934  0.56537616662463208  0.57753962213160093  0.58942175343991088
  0.59997642770178705  0.60765116766310523  0.61504220167076096  0.62262038612926551
  0.62823257784695341  0.63472983980672126  0.64215310350482002  0.65192138780312214
  0.66353934106171109  0.67496186942664038  0.68565046095282356  0.69581873076822442
  0.70658892052621669  0.71812110285164510  0.73022175905974396  0.74268846117923837
  0.75525928314895496  0.76725403633207856  0.77925906471738038  0.79158882461837088
  0.80423700819168087  0.81587957595160754  0.82637390882224682  0.83576480623547489
  0.84508278736132147  0.85524308671424387  0.86629928778660747  0.87741272720669850
  0.88807831373134827  0.89858240961478275  0.90920219616963727  0.92072241050872372
  0.93285918018920833  0.94472244449578391  0.95522916886915454  0.96377168403257130
  0.97184562441514166  0.98045183686759529  0.98741715907238259  1.00000000000000000
 -0.00253780434279968  0.00978576032251146  0.02034660476996079  0.03141151419448424
  0.04299796006607699  0.05542289615716857  0.06865327072286530  0.07911831157860923
  0.08741067790579844  0.09680845212773445  0.10518843971985022  0.11243632989553524
  0.12021844378569348  0.13130714233284874  0.14339021817360295  0.15439811043548393
  0.16501545683176100  0.17559538012003581  0.18629203730945218  0.19653579113926603
  0.20636975939257665  0.21628562363800688  0.22679173201909197  0.23810955120645216
  0.24921922962029777  0.25984229610155096  0.27000774417087764  0.27916576690522421
  0.28718052245491082  0.29514836831776109  0.30316725432198144  0.30948907323542241
  0.31743671427384840  0.32658186115387522  0.33795293170608659  0.34963486451234305
  0.36188962811635178  0.37393731161351063  0.38483129217679585  0.39508953871968783
  0.40494301437522562  0.41556919431965095  0.42629706501824433  0.43618824720015642
  0.44538797779212391  0.45459525512671878  0.46486151698487044  0.47651625370022993
  0.48793597685523865  0.49863671192074999  0.50912229853717816  0.52050403923231270
  0.53271165862108327  0.54546424269690230  0.55839077953746430  0.57070901335419189
  0.58270418607970453  0.59440991760893169  0.60590097016850886  0.61777431231016189
  0.63060161733230102  0.64375262616882800  0.65634453846083440  0.66704578674739090
  0.67489861467087919  0.68267485887837431  0.68999049580456429  0.69847494857424841
  0.70822441856006035  0.71770456214641243  0.72658612209059048  0.73591258943774218
  0.74575312517358405  0.75688372371286783  0.76790636021061531  0.77877634520252781
  0.78937344758365657  0.79976624766497240  0.81013570432774040  0.82077352747443644
  0.83201219478626054  0.84369863979956705  0.85523491478297620  0.86635992769927450
  0.87729910976292058  0.88822440178480266  0.89907379315781943  0.91001286811121496
  0.92087613867088092  0.93189031387925403  0.94325924311068310  0.95501963554278479
  0.96653624480169553  0.97761833235933504  0.98854703058262439  1.00000000000000000
  0.18679187549376966  0.20120907467866894  0.22297487775080133  0.25547939162701033
  0.29287372007419848  0.33381141911896317  0.37806432678920332  0.42087210205044268
  0.46001752700008885  0.49619307591411677  0.52981972117763010  0.55921818515727240
  0.58473051116066488  0.60614370700830522  0.62208547183661800  0.63281674778107644
  0.64127226416934191  0.64808003118824264  0.65384162332307971  0.65844064768500510
  0.66226940808939716  0.66554395681843026  0.66849406114853061  0.67138031550963062
  0.67406831324252958  0.67650608060690598  0.67866655142624688  0.68047042686132431
  0.68190925118983448  0.68310424593316865  0.68419624949458258  0.68532042560308626
  0.68629273768784183  0.68712049456763580  0.68794597664869661  0.68869745597419463
  0.68940228298444528  0.69018058361579160  0.69094931787387526  0.69165348804211346
  0.69233075025983548  0.69292185162652664  0.69345413969373337  0.69394685737239747
  0.69438548893828167  0.69477333238936489  0.69516249626681648  0.69560435302291823
  0.69606496806425344  0.69652816683050878  0.69696477467456985  0.69737516486561646
  0.69782805929255076  0.69836089600738593  0.69889175909187051  0.69939348688290215
  0.69988640088724507  0.70039230465164326  0.70090121602561539  0.70143182895538814
  0.70199219247722688  0.70253696154845280  0.70307760319162560  0.70364137213227429
  0.70421143548601195  0.70485423185615625  0.70553998672693230  0.70618753549386304
  0.70685407100630426  0.70756172436106635  0.70837073429329656  0.70934345766778006
  0.71042313706840865  0.71152450256745325  0.71265209067624180  0.71384563762918052
  0.71515155565207378  0.71668890106207972  0.71844345354620875  0.72037682194337171
  0.72244844702240563  0.72466438006996481  0.72722537923047659  0.73002259876713183
  0.73318397655419154  0.73666548257433040  0.74048657870788714  0.74466671389475247
  0.74964834064406882  0.75608485611570531  0.76431348070862370  0.77462937434070100
  0.78718840220882480  0.80468844653112359  0.83899060004714243  1.00000000000000000
   2.4699552146329550E-009  -1.0000000000000000     
 F F F F F F F F F F F F F F F F F F F F F F F F F F F F F F F F F F F F F F F F F F F F F F F F F F F F F F F F F F F F F F F F
  <DiscreteSampler_grid>
  grouped_processes
  1 # 1 for a reference and 2 for a running grid.
  10 # Attribute 'min_bin_probing_points' of the grid.
  1 # Attribute 'grid_mode' of the grid. 1=='default',2=='initialization'
  0.0000000000000000 # Attribute 'small_contrib_threshold' of the grid.
  0.5000000000000000 # Attribute 'damping_power' of the grid.
 # binID   n_entries weight   weight_sqr   abs_weight
    19   10   3.281708987973214E+007   9.758518200570404E+015   3.281708987973214E+007
    22   10   3.281708987973214E+007   9.758518200570404E+015   3.281708987973214E+007
    25   10   3.281708987973214E+007   9.758518200570404E+015   3.281708987973214E+007
    28   10   3.281708987973214E+007   9.758518200570404E+015   3.281708987973214E+007
  </DiscreteSampler_grid>
