 -0.01040114845182802  0.08977261590134689  0.14530949301763374  0.18369501250049167
  0.21964569335603687  0.25265157247635234  0.28320137444527099  0.31147836542106433
  0.33694829199166954  0.35862837897956640  0.38069416429670677  0.40182175177022766
  0.42122399566863156  0.43982121937061514  0.45882329216085560  0.47615784196059352
  0.49350953024160676  0.50971590071020267  0.52480430935814870  0.53954224210760604
  0.55584891405745640  0.57191272484255418  0.58684355914928377  0.59749331802770300
  0.60856867421139815  0.62052209890306331  0.63486865509849566  0.64944634564366910
  0.66296936495635228  0.67588228861388255  0.68974435510212695  0.70123668653181448
  0.71059128347243627  0.71849988267105369  0.72635874289812574  0.73511384655532330
  0.74412932477534832  0.75274924317256475  0.75836140935114638  0.76397830812582901
  0.77001895540324838  0.77656552030285964  0.78434032685643518  0.79106640303731979
  0.79790254533499427  0.80467740402266275  0.81166778099102566  0.81919132558871943
  0.82634199774402772  0.83310434785284115  0.83991686198193249  0.84691547418251456
  0.85321350907468674  0.85871916358153477  0.86392145704063816  0.86877793392913139
  0.87390437775441854  0.87909603562602689  0.88417974984692072  0.88956177012414728
  0.89520776441164240  0.90082327965797271  0.90631355311000317  0.91163456887195682
  0.91648916060797914  0.92090566391910955  0.92505261498200519  0.92860660679666962
  0.93214490311140019  0.93586662411680133  0.93878949712906212  0.94134497705723963
  0.94347511123763805  0.94557728843047728  0.94760949344895984  0.94966263378659843
  0.95184489438542919  0.95423658069710560  0.95715649053510243  0.96010067496694684
  0.96277590098941823  0.96540775811446633  0.96806185553424751  0.97079663330864119
  0.97344565384007731  0.97614561918945930  0.97865557021298466  0.98073155947327650
  0.98256421918835712  0.98450095247302671  0.98643762569023152  0.98832207525587090
  0.99025732606424377  0.99252369515857153  0.99532561755044113  1.00000000000000000
  0.00000000000666977  0.00000000000861145  0.00000000001055314  0.00000000001441547
  0.00000000001870372  0.00000000002277866  0.00000000002675625  0.00000000003066760
  0.00000000003447457  0.00000000003828154  0.00000000004303253  0.00000000004779618
  0.00000000005248782  0.00000000005712418  0.00000000006179813  0.00000000006716865
  0.00000000007253917  0.00000000007879571  0.00000000008517256  0.00000000009374357
  0.00000000010291620  0.00000000011226110  0.00000000012174852  0.00000000013140467
  0.00000000014085675  0.00000000015081910  0.00000000016157865  0.00000000017314819
  0.00000000018460376  0.00000000019585502  0.00000000020693396  0.00000000021901599
  0.00000000023096469  0.00000000024356030  0.00000000025901884  0.00000000027476487
  0.00000000029120039  0.00000000030828230  0.00000000032306248  0.00000000033612639
  0.00000000034967809  0.00000000036432568  0.00000000037948844  0.00000000039478927
  0.00000000041058731  0.00000000042836672  0.00000000045058462  0.00000000048347424
  0.00000000051910297  0.00000000055732967  0.00000000059234026  0.00000000062799910
  0.00000000066623130  0.00000000070818380  0.00000000075557579  0.00000000080674458
  0.00000000086005955  0.00000000091448461  0.00000000097559459  0.00000000104918049
  0.00000000113178800  0.00000000121861178  0.00000000129892441  0.00000000139713436
  0.00000000150257706  0.00000000164482902  0.00000000181373010  0.00000000203044213
  0.00000000227557584  0.00000000259143271  0.00000000299227218  0.00000000343054199
  0.00000000394952639  0.00000000463901469  0.00000000558298802  0.00000000682204571
  0.00000000854050190  0.00000001075872992  0.00000001400094333  0.00000001821645940
  0.00000002610722489  0.00000003907458715  0.00000006299560687  0.00000011297814213
  0.00000023301252963  0.00000052836151997  0.00000122741095432  0.00000284265700244
  0.00000729507967202  0.00002103980296668  0.00006743413554501  0.00024557223285766
  0.00146459160438359  0.05326440369129246  0.63388608632422894  1.00000000000000000
 -0.00175174407464006  0.00789474068022402  0.01899270872648922  0.03125504234318024
  0.04358852706971490  0.05501790580476433  0.06473174450500060  0.07408901532320276
  0.08346005946645170  0.09316197087859403  0.10353656760254325  0.11333507277217778
  0.12254767089295671  0.13118373936030753  0.14032217283129972  0.15078581100264862
  0.16218260362862544  0.17372250043473786  0.18544085833479221  0.19715418430555284
  0.20916895923048448  0.22150843989534630  0.23101396084047449  0.23832290701311187
  0.24546663879798022  0.25371992977625862  0.26480624270057368  0.27723187901709301
  0.28992364841373675  0.30269829347383442  0.31507870919547559  0.32651749707733352
  0.33728827618727908  0.34765372565527786  0.35813742573054669  0.36886614376108939
  0.37938865436686753  0.38990787210545003  0.39982046714533226  0.40891552678399118
  0.41772106973073586  0.42598215805027601  0.43449717760327522  0.44340734604418558
  0.45295013857527788  0.46335100274945823  0.47377452355116056  0.48429533826763677
  0.49479658011601746  0.50583872626626891  0.51784276963519860  0.52964740969488955
  0.54195676700500517  0.55300321166121780  0.56342500582334343  0.57402251784381941
  0.58526903452217982  0.59681293451504513  0.60713428761377608  0.61662839163248928
  0.62444693672010176  0.63262241914393347  0.64140422307222278  0.65140076337377417
  0.66272788715345576  0.67479352157828121  0.68752763756168300  0.69991297602384772
  0.71183265265133844  0.72366496528166691  0.73547178336303343  0.74737627521730043
  0.75898925423668651  0.77074165730166566  0.78211818241449693  0.79292993507162035
  0.80390956978772743  0.81512488774642045  0.82655719824259799  0.83566926797201546
  0.84485406981259592  0.85352834730870597  0.86353976357702544  0.87450030395065026
  0.88538490229480671  0.89643962661977250  0.90734565176492732  0.91859541483399076
  0.92999434347040488  0.94167096467937572  0.95255797709085555  0.96191228491951386
  0.97074396154629916  0.97911147129789655  0.98965566768017621  1.00000000000000000
 -0.00266557284137913  0.01018575848551032  0.02202528128934506  0.03253860601037391
  0.04269391002613797  0.05249822946965593  0.06143918209712906  0.07094483481198324
  0.08006133751000064  0.09117974730025213  0.10288660595205237  0.11467621908901689
  0.12624001329253018  0.13638637587438002  0.14677890622955098  0.15689524827781634
  0.16788903591199775  0.17860917166811585  0.18938941142824209  0.20073693073885474
  0.21267555620850717  0.22439749131375439  0.23519655464682671  0.24511186166839227
  0.25555905485832681  0.26690866036887817  0.27885698719107432  0.29085123824741466
  0.30198845751814463  0.31328192747408512  0.32554922638422484  0.33497870922472656
  0.34385034761115674  0.35273916788451737  0.36143899962308151  0.37235773053856464
  0.38325160538239927  0.39314965066589630  0.40289944733539051  0.41311591134147418
  0.42365502094806035  0.43536282154624684  0.44673358754417081  0.45811226169383218
  0.46950228739653521  0.48018668799273873  0.49068784440607205  0.49992309014163350
  0.50901494524562596  0.51748492823330172  0.52679913725825733  0.53754742284680157
  0.54866897201903064  0.55928419644049643  0.56949381757405493  0.57923479159249858
  0.58991034851458446  0.60109048237579654  0.61210503025192287  0.62319079152786372
  0.63468951752680158  0.64679373425653786  0.65827429205541754  0.66977056633208243
  0.68147427626682888  0.69302284333622355  0.70416841608407954  0.71561076888506137
  0.72617235384774514  0.73584612390268156  0.74512441765539972  0.75443369526525872
  0.76522422567843906  0.77572391083278203  0.78562184050915063  0.79554188150936334
  0.80545392191762422  0.81520210254630487  0.82432813705268138  0.83345946420376116
  0.84233810414783628  0.85242266629800845  0.86316784612621689  0.87310426811962361
  0.88320986293349901  0.89316986759410877  0.90418345950195622  0.91554491363248114
  0.92721564502708798  0.93851217898533446  0.94943310459494512  0.96017563353750368
  0.97016020277012571  0.97983913580182458  0.99018956332469532  1.00000000000000000
 -0.00304832680820250  0.01172620940424376  0.02052222872664323  0.02979829650549357
  0.03905028279985768  0.04942493517922153  0.05973015711914041  0.07084742302305937
  0.08329712404418846  0.09500181853844966  0.10551306585125321  0.11538006780897066
  0.12484544206203900  0.13492266069958128  0.14562550617575851  0.15629685708441121
  0.16520451022122135  0.17343229293989637  0.18077752263008140  0.18830443596145355
  0.19633367798720844  0.20656730330300574  0.21827075674206317  0.22917631683666070
  0.23961032802951579  0.25009798705278141  0.26100951727837729  0.27253071643781301
  0.28431374803617643  0.29524534718144407  0.30475913124372239  0.31371293962685043
  0.32204553872638664  0.33145520805216350  0.34117857694305403  0.35201986140932745
  0.36298712882178269  0.37312039778668665  0.38327122065789138  0.39465429685072023
  0.40702746196405931  0.41906818753584285  0.43078702548271319  0.44095017099848471
  0.44884913775602753  0.45668934034597847  0.46541509972885137  0.47511906242533908
  0.48557655662997712  0.49570604230298643  0.50501841422478710  0.51465460017601972
  0.52548311887362120  0.53648538150220459  0.54729078310291901  0.55777880653318468
  0.56829313882843069  0.57913529167006683  0.59043306808444529  0.60172536120757647
  0.61271008013509276  0.62347073482405913  0.63415565791187034  0.64482627408083715
  0.65555880166962843  0.66673307020208439  0.67827396185927846  0.69009648710641192
  0.70221469420641580  0.71408344686158776  0.72546592486296635  0.73661835132057407
  0.74745504632021098  0.75820032740008847  0.76852074373474544  0.77868126382741820
  0.78935553082274978  0.80083173747384784  0.81259589269476651  0.82410913461163682
  0.83546606929333112  0.84662449853328270  0.85714410484907855  0.86790125959504671
  0.87885176293776146  0.89080295992070835  0.90218062278983646  0.91329816075009984
  0.92401584068437503  0.93485159587254218  0.94617143757770805  0.95766663280690001
  0.96904884906289979  0.97972533591272504  0.98983564380857414  1.00000000000000000
  0.18289624192560050  0.21271550359884722  0.23452581737587702  0.26595643325869911
  0.30627092158785246  0.35654899197519357  0.40782788463637515  0.45616067890947837
  0.50157322545056438  0.53891429348811226  0.56895758515000872  0.59137730299767155
  0.60930095072804535  0.62071321254045608  0.63097559525870139  0.63852289436492493
  0.64584726924813851  0.65287673672528357  0.65881219387860168  0.66344160887406090
  0.66694261632738716  0.67001891151509607  0.67268010985239912  0.67507439308949857
  0.67712889014413180  0.67886103275227383  0.68036662650299307  0.68172962152454697
  0.68302895008357711  0.68420491580620535  0.68528220943777163  0.68630021074614689
  0.68728247485586935  0.68822471623689185  0.68912403948814882  0.68993220276803247
  0.69062582128945404  0.69124734935202548  0.69184414331283028  0.69241880836306091
  0.69298036259942741  0.69354490638229838  0.69407162658973598  0.69456611544252000
  0.69503336716409281  0.69549324383623590  0.69597588989399917  0.69646101063739885
  0.69694095547169588  0.69741083082702915  0.69790306483880549  0.69838553643866641
  0.69890698558166531  0.69941440533014632  0.69981526269690730  0.70025246179860345
  0.70072630526613566  0.70126636728169534  0.70190548036714107  0.70256139751976543
  0.70322338310752197  0.70385237808913115  0.70443437914856355  0.70494726523351070
  0.70550051714795170  0.70606840412167726  0.70665342226145800  0.70724007046453752
  0.70781842119905036  0.70846728414775606  0.70927024083340229  0.71014170988517678
  0.71106307700183324  0.71209571651069248  0.71324020680457545  0.71446272177520109
  0.71571747903821759  0.71712037277674878  0.71864316960961427  0.72036527802393002
  0.72232795433700825  0.72463217012474146  0.72730424545701877  0.73023855221403056
  0.73341079882467775  0.73691415112233061  0.74054565198013256  0.74437155067434646
  0.74879331132690707  0.75406532605001830  0.76153637922076434  0.77120495165646241
  0.78434271326124017  0.80325055733823236  0.83857315423849010  1.00000000000000000
   2.5415072491071671E-009  -1.0000000000000000     
 F F F F F F F F F F F F F F F F F F F F F F F F F F F F F F F F F F F F F F F F F F F F F F F F F F F F F F F F F F F F F F F F
  <DiscreteSampler_grid>
  grouped_processes
  1 # 1 for a reference and 2 for a running grid.
  10 # Attribute 'min_bin_probing_points' of the grid.
  1 # Attribute 'grid_mode' of the grid. 1=='default',2=='initialization'
  0.0000000000000000 # Attribute 'small_contrib_threshold' of the grid.
  0.5000000000000000 # Attribute 'damping_power' of the grid.
 # binID   n_entries weight   weight_sqr   abs_weight
    19   10   1.547112165358039E+005   1.133522657742687E+011   1.547112165358039E+005
    22   10   1.547112165358039E+005   1.133522657742687E+011   1.547112165358039E+005
    25   10   1.547112165358039E+005   1.133522657742687E+011   1.547112165358039E+005
    28   10   1.547112165358039E+005   1.133522657742687E+011   1.547112165358039E+005
  </DiscreteSampler_grid>
