 -0.01229568908347634  0.09603846321348182  0.14420538813568259  0.17702757968873517
  0.21058791112733544  0.24064590795403420  0.27041588944575085  0.29716733270866230
  0.32181286870892045  0.34648580859989181  0.37039027745376546  0.39218236777266019
  0.41342852959560411  0.43430601261100293  0.45454162173115326  0.47401955866608203
  0.49239322398811436  0.51034469003156646  0.52815183958391843  0.54494575199482465
  0.55867374853018814  0.57127795854557695  0.58320717625681140  0.59597537381664956
  0.60917136807545291  0.62243969310632297  0.63531087568441391  0.64804861065922592
  0.66070917358159420  0.67312904879891944  0.68497344221462986  0.69635106808901359
  0.70694365159570016  0.71715976694754857  0.72715318617021507  0.73745248843410061
  0.74737548391225450  0.75525293071141508  0.76273216735527183  0.77001898927188484
  0.77776800100537369  0.78507339435719870  0.79230611040744203  0.79954376098987523
  0.80709213300363136  0.81455077280701049  0.82181265787857971  0.82898733928088830
  0.83657608940859485  0.84416621560614324  0.85169192668566041  0.85858190926000177
  0.86495344010972830  0.87081677257264201  0.87626572478628406  0.88124375461590387
  0.88572409350840131  0.89032281740938990  0.89503401523259007  0.89981865325002208
  0.90457402334540737  0.90920394239700852  0.91382044725577061  0.91851407865498902
  0.92312165906190924  0.92726522947043566  0.93111216638504113  0.93454947798423094
  0.93746751235801451  0.94021976205201530  0.94294367468976437  0.94576806212646325
  0.94860811499982778  0.95150371676172496  0.95451617127046595  0.95740370937571739
  0.96008212285473638  0.96269436610796588  0.96525306129923161  0.96768272884883499
  0.96952772116853414  0.97108429666853469  0.97257387540489892  0.97401122986854605
  0.97540701341164493  0.97692014767472757  0.97899999927282932  0.98094868883584230
  0.98259799174177731  0.98420209274534842  0.98590029863234507  0.98758404505428765
  0.98963124895088572  0.99223543405531645  0.99515352256656620  1.00000000000000000
  0.00000000005719332  0.00000000005869884  0.00000000005943834  0.00000000006016456
  0.00000000006095504  0.00000000006170993  0.00000000006239195  0.00000000006309098
  0.00000000006383155  0.00000000006473494  0.00000000006606324  0.00000000006738498
  0.00000000006868924  0.00000000006993723  0.00000000007134453  0.00000000007280309
  0.00000000007429127  0.00000000007585553  0.00000000007753870  0.00000000007932609
  0.00000000008108691  0.00000000008283268  0.00000000008458591  0.00000000008630008
  0.00000000008812842  0.00000000009024765  0.00000000009218837  0.00000000009389519
  0.00000000009553917  0.00000000009717822  0.00000000009893566  0.00000000010067635
  0.00000000010300427  0.00000000010534614  0.00000000010782713  0.00000000011093037
  0.00000000011454398  0.00000000011891174  0.00000000012387596  0.00000000012853909
  0.00000000013328977  0.00000000013791511  0.00000000014302166  0.00000000014876889
  0.00000000015487263  0.00000000016104461  0.00000000016737565  0.00000000017419242
  0.00000000018191706  0.00000000019180348  0.00000000020264338  0.00000000021335350
  0.00000000022434859  0.00000000023548580  0.00000000024619264  0.00000000025677535
  0.00000000026727700  0.00000000027873121  0.00000000029121518  0.00000000030479320
  0.00000000031979365  0.00000000033643496  0.00000000035559081  0.00000000037833421
  0.00000000040288064  0.00000000042848417  0.00000000045622467  0.00000000048785025
  0.00000000052541951  0.00000000056914269  0.00000000061898726  0.00000000066675559
  0.00000000071701070  0.00000000077607052  0.00000000083799067  0.00000000092587464
  0.00000000102075013  0.00000000114115744  0.00000000128213323  0.00000000145569482
  0.00000000168680039  0.00000000199038200  0.00000000240288151  0.00000000296412182
  0.00000000381026978  0.00000000518436637  0.00000000715115787  0.00000001108308172
  0.00000002439572542  0.00000007725259847  0.00000055172484293  0.00000487219647482
  0.00007773811294690  0.03505581400354128  0.61441876157125430  1.00000000000000000
 -0.00266165674893641  0.00983043218292396  0.02097946046070587  0.03221196332124161
  0.04283261029215272  0.05311645831747750  0.06372780422850982  0.07495187406181084
  0.08487601260690743  0.09429467564180008  0.10359990726914642  0.11294952174288160
  0.12231384118647903  0.13248897075725000  0.14276369310599038  0.15323030564497306
  0.16372340188965176  0.17450785857111240  0.18553278615656149  0.19626718324564202
  0.20663245819975937  0.21695401890324306  0.22773726327926380  0.23888662745439870
  0.24969988806412316  0.25991080043229087  0.26973336085677418  0.27957719232515588
  0.29005231167685191  0.29987624028710846  0.30980659987123205  0.32004779147128271
  0.33032581455998050  0.34075649130491836  0.34959332305777485  0.35684520253915275
  0.36418283845790578  0.37156308394904247  0.38006513971089867  0.39041733683927538
  0.40092222796091004  0.41189162204241697  0.42266073446837149  0.43310502153841007
  0.44325260415044554  0.45377919177091763  0.46461235322997668  0.47444032772787054
  0.48342228304608670  0.49275289201421457  0.50276259581754967  0.51327721453231134
  0.52423869510995114  0.53535681744300490  0.54653546956978771  0.55793583882813269
  0.56955946817637870  0.58132702419811244  0.59310985085347467  0.60444744956070529
  0.61507208014564874  0.62565812110139851  0.63657835269589047  0.64867724530114934
  0.66056806756786757  0.67233757487597035  0.68390687693169672  0.69530535906015534
  0.70662960410499465  0.71769502349583980  0.72915169375452327  0.74111697283115696
  0.75301929567699566  0.76513001328515695  0.77732159751346785  0.78887250046121837
  0.79969756137298464  0.81059410024881784  0.82187633450424569  0.83296566818005213
  0.84266248795368048  0.85208603535609762  0.86122142712161831  0.87027334201411455
  0.88099667940868676  0.89242444871873783  0.90396257173509831  0.91585032694770840
  0.92769168686537506  0.93941100686123946  0.95017560776660648  0.96067842442200924
  0.97083604907929411  0.97988240704943008  0.98766712667565260  1.00000000000000000
 -0.00175763325960211  0.00704217233604897  0.01684678562189664  0.02683707560469043
  0.03736779050426693  0.04812968911553481  0.05910306245790521  0.07026182617909914
  0.08196123621310712  0.09435201178776620  0.10593662213064697  0.11638139032064523
  0.12648815727896759  0.13572168387341721  0.14434520920766933  0.15306209031724438
  0.16245205664830800  0.17214202403738699  0.18220130261173870  0.19264690626013284
  0.20324191604435657  0.21405395919609693  0.22442669907572471  0.23385295051408672
  0.24327191037497811  0.25369791881201148  0.26519572325759949  0.27666663691344001
  0.28749612476329606  0.29801873295909254  0.30881362400934131  0.32014696619947081
  0.33164583852307605  0.34279245959230675  0.35365561307132359  0.36465703191643006
  0.37598556923594528  0.38761030485866865  0.39910610403459845  0.41054255903689474
  0.42212217864108681  0.43385006728274716  0.44533025984629054  0.45655947124302593
  0.46776368777598509  0.47900728888886102  0.49076113882809713  0.50230302269751004
  0.51332878520469682  0.52379887405697412  0.53405377647700947  0.54444823190459535
  0.55464653919859042  0.56535964435882280  0.57631392469951548  0.58790786998474664
  0.59884534663201405  0.60937821221875577  0.61994360422183103  0.63135911998989513
  0.64314987931122569  0.65350896306496098  0.66320321314315478  0.67356854401319233
  0.68417666105807906  0.69525493807048067  0.70633715266223107  0.71740322142837465
  0.72880535576146643  0.73963300038370439  0.75019296296017923  0.76005673959179809
  0.76984141083055557  0.78004601795928841  0.79041922802404552  0.80023311297836142
  0.81006565567261102  0.82028688580420350  0.83102531696796555  0.84188072723267537
  0.85237240981447016  0.86341480700712891  0.87375886816102855  0.88244820394356804
  0.89017986059947729  0.89820738939150413  0.90588645335072970  0.91548784569657971
  0.92643046977681165  0.93730143457490922  0.94801593887802116  0.95884653460709957
  0.96945373759086528  0.97943996587825455  0.98949310642527666  1.00000000000000000
 -0.00184966390351432  0.00754050214155660  0.01719439001304147  0.02795175535119111
  0.03919312278856608  0.05035765361438647  0.06114709888223856  0.07186375540888039
  0.08275726291768357  0.09413799191300529  0.10513802865179513  0.11536977803411208
  0.12522066217163105  0.13509555085778033  0.14458934979084162  0.15521373747330899
  0.16693424571036428  0.17834141979364088  0.18931878884371406  0.19943275785108777
  0.20883829809488619  0.21849912131660149  0.22886094431107293  0.23920508712887731
  0.24891410110126364  0.25805315028442610  0.26769020605135679  0.27865034727317978
  0.28969769005253837  0.30051435531882187  0.31127128829693701  0.32203928174197199
  0.33224831919095077  0.34272258064348515  0.35366705177159952  0.36493762672604063
  0.37635247208791517  0.38788968122584261  0.39957485750146804  0.41123147742971405
  0.42261401250021441  0.43384791190474870  0.44535715051543429  0.45708908354272099
  0.46857504636677927  0.47969608399554919  0.49102577849454765  0.50239567865612822
  0.51387815446853313  0.52523922391176447  0.53577670522033072  0.54597661099309069
  0.55633501449977174  0.56719788947260097  0.57889787746982146  0.59076174492449407
  0.60049291864230625  0.60754009557827726  0.61473117142485401  0.62142269255784799
  0.62961805855058639  0.64003171651206958  0.65019341535019703  0.66071741167555886
  0.67132190855098928  0.68261865690621815  0.69373928592951084  0.70508262514783449
  0.71641212710282265  0.72744814215119891  0.73863368721334655  0.74876087321172247
  0.75793658726164737  0.76712804005758850  0.77702990079241163  0.78810828002850952
  0.79947337240539995  0.81053612844052036  0.82058588599489335  0.83052523306745341
  0.84000113713587066  0.84955260229336738  0.85917413556882605  0.87025145402315396
  0.88201963931416194  0.89357449961703950  0.90450225440010446  0.91488256703759963
  0.92484119172594337  0.93510511187352274  0.94581932783226697  0.95686700011076709
  0.96807559998035830  0.97907514536772933  0.98950773137453440  1.00000000000000000
  0.18721392281885066  0.20059830698786774  0.21565197157500318  0.24323637212055638
  0.28579628331895712  0.33784880262840594  0.38744296315742033  0.43013426525842524
  0.46872854334659392  0.50531750488325078  0.53985087049499547  0.56928696571873949
  0.59148389493209474  0.60783292849058568  0.62051269078409887  0.63061917000006207
  0.63879366680971028  0.64597845424761136  0.65260005361567630  0.65827856990015488
  0.66287832947177627  0.66647098829623663  0.66917745600579703  0.67150889165133165
  0.67376282204048588  0.67568125704918025  0.67704545038639719  0.67827936832147340
  0.67942231886378934  0.68081286452862622  0.68218126879654162  0.68336103945550508
  0.68451259730317482  0.68562507749892965  0.68673423794614363  0.68770263653650521
  0.68853113597777149  0.68929641968973965  0.68999070644374494  0.69066504381339366
  0.69137798315298316  0.69204223956853650  0.69266743658612506  0.69324876541316105
  0.69378971720996152  0.69431642188579912  0.69484860281232752  0.69539508937917927
  0.69593662395082512  0.69646748625183608  0.69697577077068706  0.69746984084134667
  0.69792045462397723  0.69835919768777521  0.69878501267717996  0.69920238561071546
  0.69967301819572758  0.70018643945712777  0.70071908229730595  0.70127899821962947
  0.70183859794605774  0.70243517238945097  0.70304148791820831  0.70364504840574071
  0.70429392654591139  0.70497072739303612  0.70566928102037507  0.70637492607739993
  0.70708895327366161  0.70784068203568340  0.70863168998392245  0.70949642339502195
  0.71047481926753941  0.71154762912206415  0.71271374166003543  0.71403767218649217
  0.71548613216625012  0.71704843821943443  0.71864510421857264  0.72029220230437796
  0.72208408658787093  0.72415608869507198  0.72655159227926269  0.72937025122941557
  0.73263216785856977  0.73618781955894597  0.73992875209230791  0.74420190649119289
  0.74915791187237690  0.75543619660751138  0.76355638482530697  0.77325034916739543
  0.78648909726475469  0.80459007539646932  0.84014690847617590  1.00000000000000000
   2.3862949349461206E-009  -1.0000000000000000     
 F F F F F F F F F F F F F F F F F F F F F F F F F F F F F F F F F F F F F F F F F F F F F F F F F F F F F F F F F F F F F F F F
  <DiscreteSampler_grid>
  grouped_processes
  1 # 1 for a reference and 2 for a running grid.
  10 # Attribute 'min_bin_probing_points' of the grid.
  1 # Attribute 'grid_mode' of the grid. 1=='default',2=='initialization'
  0.0000000000000000 # Attribute 'small_contrib_threshold' of the grid.
  0.5000000000000000 # Attribute 'damping_power' of the grid.
 # binID   n_entries weight   weight_sqr   abs_weight
    19   10   2.481537969235144E+005   5.138385509092051E+011   2.481537969235144E+005
    22   10   2.481537969235144E+005   5.138385509092051E+011   2.481537969235144E+005
    25   10   2.481537969235144E+005   5.138385509092051E+011   2.481537969235144E+005
    28   10   2.481537969235144E+005   5.138385509092051E+011   2.481537969235144E+005
  </DiscreteSampler_grid>
