 -0.01296433747028379  0.09889904563652493  0.15544565448303946  0.20067810076846448
  0.23698561748429228  0.26960285086026725  0.29694404336242292  0.31981318020423477
  0.34304462067731317  0.36537619432656732  0.38838960491633900  0.41157466196950626
  0.43371309273376962  0.45564361983656104  0.47302988688137676  0.48433966198242306
  0.49492984304596022  0.50806981809345086  0.52279302736932498  0.53872281241746400
  0.55374977151848592  0.56797009643437879  0.58233107825879182  0.59741145744185098
  0.61220522395320010  0.62642059841582476  0.64019582763731497  0.65330139951691168
  0.66474519295878365  0.67556593560318035  0.68583411965022101  0.69718527147245957
  0.70709394215212884  0.71705961786132966  0.72664249679277737  0.73551791363144459
  0.74416475085105638  0.75290984124321603  0.76122152372199514  0.77023356899702089
  0.77945179892188821  0.78740302354490854  0.79417449331818557  0.80062404519755448
  0.80652867161428710  0.81269547647950202  0.81980242921428104  0.82672020853574124
  0.83365899623448947  0.84099186848867769  0.84869514527793366  0.85651860794733814
  0.86406149273598665  0.87107284535112128  0.87796640657505431  0.88387482398242556
  0.88925002371300554  0.89437315788928118  0.89915905856919121  0.90381585786425023
  0.90869320867797654  0.91421435376399218  0.92022669693035364  0.92479280313832279
  0.92838874742588129  0.93169801028600319  0.93475471102427754  0.93827366186872319
  0.94199818232291455  0.94553977049584115  0.94852733361961028  0.95144298576797881
  0.95464312895036141  0.95796939915946677  0.96119754126562684  0.96413082921573845
  0.96689879953356928  0.96944753516761806  0.97097966861676133  0.97276665499963633
  0.97461781997025376  0.97653834435749587  0.97857425678784515  0.98062490364957944
  0.98254350598269968  0.98416891496657444  0.98504962794846673  0.98606469472876501
  0.98729163803840392  0.98849080747891249  0.98963444972384007  0.99119997931147907
  0.99266059347267976  0.99444470025324649  0.99478406385934270  1.00000000000000000
  0.00000000000333009  0.00000000000422768  0.00000000000494910  0.00000000000553098
  0.00000000000604149  0.00000000000676878  0.00000000000801547  0.00000000000951474
  0.00000000001112948  0.00000000001297029  0.00000000001486125  0.00000000001669666
  0.00000000001852222  0.00000000002086105  0.00000000002326694  0.00000000002572343
  0.00000000002814376  0.00000000003047088  0.00000000003268536  0.00000000003529991
  0.00000000003792168  0.00000000004043296  0.00000000004344228  0.00000000004658882
  0.00000000004945195  0.00000000005260460  0.00000000005547231  0.00000000005791765
  0.00000000006041068  0.00000000006267888  0.00000000006455907  0.00000000006704854
  0.00000000006966835  0.00000000007252173  0.00000000007514430  0.00000000007671036
  0.00000000007857842  0.00000000008271233  0.00000000008717732  0.00000000009162470
  0.00000000009609970  0.00000000010085291  0.00000000010641153  0.00000000011329281
  0.00000000012056033  0.00000000012805264  0.00000000013653220  0.00000000014548189
  0.00000000015453378  0.00000000016298155  0.00000000017075768  0.00000000017850494
  0.00000000018645739  0.00000000019502273  0.00000000020428950  0.00000000021545905
  0.00000000022895214  0.00000000024431732  0.00000000026078115  0.00000000027735608
  0.00000000029352089  0.00000000031025620  0.00000000032756781  0.00000000034719370
  0.00000000036818110  0.00000000039511037  0.00000000043599692  0.00000000048440625
  0.00000000053820442  0.00000000059157777  0.00000000064638551  0.00000000072724440
  0.00000000082924229  0.00000000093735076  0.00000000105668272  0.00000000119742685
  0.00000000136959177  0.00000000161261625  0.00000000196576687  0.00000000245930946
  0.00000000316799557  0.00000000414056798  0.00000000546517598  0.00000000756631283
  0.00000001039669240  0.00000001674912481  0.00000003733068053  0.00000010405071737
  0.00000035324066224  0.00000134754177087  0.00000585107183020  0.00003177481573164
  0.00023847049884397  0.00746376456390807  0.58054884670266482  1.00000000000000000
 -0.00176674810688730  0.00746845919250355  0.01753949452127105  0.02740329032005910
  0.03615885675328531  0.04726394966991058  0.05799643788978422  0.06996209119273938
  0.08202467358545619  0.09270725560230568  0.10171126173283185  0.10986645983902142
  0.11820974343905523  0.12692744080870333  0.13680447461118628  0.14737838502622397
  0.15839299314152619  0.16934082799659722  0.18020495428312261  0.19137720232608213
  0.20307243425697316  0.21493888770905431  0.22598226320729348  0.23604020568537748
  0.24573640975070632  0.25523200396219403  0.26527253723085459  0.27604148968562192
  0.28726333469283971  0.29871359113763019  0.31050405149591420  0.32224808159483775
  0.33351079264863115  0.34452559019664525  0.35502780866020822  0.36606786063671320
  0.37816173349676580  0.39096427628070213  0.40419715214852647  0.41752096977806535
  0.43007337951090513  0.43901381022705777  0.44713057318726263  0.45509372356909683
  0.46305177679041848  0.47208411334892481  0.48223552963029770  0.49274976752567529
  0.50251108271711276  0.51325989533401772  0.52399286109914722  0.53532092349930860
  0.54694825013015347  0.55811594448187907  0.56959799522862220  0.58070345260908440
  0.59120516095708631  0.60042216817901573  0.60908719338710759  0.61881103412445970
  0.62692303741562050  0.63488035659124986  0.64340115547070686  0.65267120190375516
  0.66311341666661439  0.67389886784942088  0.68493420854428577  0.69591543797329436
  0.70652910350339648  0.71685202846593155  0.72738957928168479  0.73871504230044771
  0.74973301172256135  0.75991170673750819  0.76986465736460952  0.77976226382549263
  0.79093786561647894  0.80277097210898363  0.81447613786677819  0.82564104166723806
  0.83667191476102643  0.84775545856295031  0.85965166993670739  0.87178943782953422
  0.88380983123366330  0.89574505735686349  0.90711120414684221  0.91758361334882343
  0.92733655298588724  0.93764406867749073  0.94780748364783785  0.95824425139173752
  0.96891615620474481  0.97960145343154004  0.99033032858787895  1.00000000000000000
 -0.00292595437390767  0.01065340102422140  0.02243731337646494  0.03452892656414312
  0.04718453287779289  0.06058120354186651  0.07229056148826613  0.08265415883310243
  0.09239589077337847  0.10068833617430097  0.11219220915832764  0.12505555662106507
  0.13655427900007222  0.14722390515505268  0.15805544865712523  0.16910432313035154
  0.17968541098742002  0.18939155091991830  0.19873385066869895  0.20890715223018821
  0.21952077903206665  0.22940675707102526  0.23888832191915185  0.24866679683657328
  0.25999616510680851  0.27181723255337864  0.28319466200535026  0.29451611865032651
  0.30498961180024187  0.31476279378017580  0.32446754935159566  0.33385763859156253
  0.34137442457175121  0.34853185978444895  0.35622522693656039  0.36448358469933290
  0.37340251107761807  0.38425845577882650  0.39365165061705054  0.40257686926144193
  0.41193939370595778  0.42325886004017077  0.43406251429463910  0.44392187492837376
  0.45147263537072363  0.45908307775858487  0.46727948213810255  0.47732233079811742
  0.48945886184447923  0.50109354453159605  0.51258926871426880  0.52418669772790261
  0.53549359614501169  0.54661366976545522  0.55693446694458060  0.56802006802466731
  0.57943469583712937  0.59051578490036660  0.60121925972740875  0.61099555824618379
  0.62027028121560679  0.62972988338046321  0.63956955074559307  0.65014174325191987
  0.66130840658526291  0.67191845997080279  0.68231024900312642  0.69270051810088462
  0.70359044922564318  0.71489430812902000  0.72593424012148711  0.73709299701854014
  0.74836612833147231  0.75980419071031891  0.77143628127875474  0.78263582610761517
  0.79353288170651726  0.80448113380288477  0.81576551264357555  0.82661090172381979
  0.83623101073781259  0.84552664725954252  0.85561517210780624  0.86803480567004132
  0.88089774173378099  0.89350969162366267  0.90547983493374973  0.91653869770073737
  0.92739486115422998  0.93856815398799209  0.95057244506562111  0.96277596147658540
  0.97311328774886763  0.98252789464545010  0.99159185911354220  1.00000000000000000
 -0.00193833768414992  0.00778231799581074  0.01687395388281003  0.02712356031872168
  0.03795034975993340  0.04832260600840276  0.05882429770571403  0.06941766666645349
  0.07939847914290421  0.08927496267311635  0.09868294132230825  0.10890385436814409
  0.11960190361579212  0.13079551195432121  0.14240609200193563  0.15459088010319560
  0.16692936150936877  0.17956782678567446  0.19244307196430255  0.20480734184405508
  0.21596054762978667  0.22550719802621283  0.23502710714655647  0.24536285613787706
  0.25714303517196030  0.26879215072446705  0.27979089493822601  0.29080080163017641
  0.30142481890414247  0.31175706229633254  0.32146029774323681  0.33116219811762532
  0.34362357709696101  0.35544083964202605  0.36638718480116250  0.37637239137886908
  0.38574079421293461  0.39691346205341632  0.40811009027357986  0.41930718472030326
  0.42982912850089161  0.44066016011578307  0.45240104428459676  0.46482824015965019
  0.47730660270295383  0.48974145873663866  0.50179207346642074  0.51360956689644144
  0.52577332881127370  0.53728893336468075  0.54750566860389804  0.55605673835685532
  0.56289148694700475  0.56949782629580337  0.57717751558808505  0.58689310286666152
  0.59800812641485890  0.60849802785630003  0.61805206066484453  0.62680279762839208
  0.63628382118420090  0.64565369857385668  0.65431524909803052  0.66157904677109447
  0.66844785002081519  0.67565210233194273  0.68252296522620937  0.69054896370389462
  0.70101131076279333  0.71296067126384677  0.72461131483396146  0.73562892023173632
  0.74686923917636772  0.75924698975094584  0.77276094189438382  0.78671245475073359
  0.80020874489039051  0.81304950909718721  0.82532894982662697  0.83737983500871438
  0.84955865678890752  0.86170137166242422  0.87351643803560308  0.88513029480136785
  0.89623574747923240  0.90754597862068598  0.91878247905179744  0.92994861282568919
  0.94046024787955851  0.94913401994920432  0.95653574386494888  0.96472810560480116
  0.97283035082732916  0.98069979417981301  0.98927315427872264  1.00000000000000000
  0.18253920255846245  0.21299930722509122  0.24064632348365964  0.27622087756045349
  0.31943072850572418  0.36533985566185245  0.41153843935487761  0.45466872606593339
  0.49543497759523608  0.53088051704713046  0.55770385488172380  0.57855394140078698
  0.59506499371673482  0.61015086375228411  0.62541465863916645  0.63745510694543484
  0.64708328683181371  0.65450454686148007  0.65992169204328954  0.66390613824684086
  0.66712149040378976  0.67015825754901082  0.67270096744799868  0.67495936847758564
  0.67701800001331658  0.67898242309244727  0.68072524304304605  0.68233495769064856
  0.68368638440162621  0.68478957898610249  0.68575209900948286  0.68664353517106835
  0.68748469058434203  0.68828779206136859  0.68899787319512040  0.68961103592045303
  0.69018717545141584  0.69076170494473244  0.69134052139703839  0.69192272963277512
  0.69250781929276062  0.69307704117476843  0.69360364594192336  0.69411028810242170
  0.69461379440324933  0.69511988906018840  0.69560402403236821  0.69594104217602548
  0.69623232967210169  0.69653981191763603  0.69685277072165508  0.69727216916653734
  0.69770883372266157  0.69813531023653486  0.69861519268015071  0.69913699411219488
  0.69965647614960302  0.70019511337392137  0.70077303070752517  0.70134864339799907
  0.70192866072109894  0.70250622112731909  0.70308514093827401  0.70362960984389589
  0.70417427656402187  0.70472623563425441  0.70531947227947567  0.70599247649826957
  0.70670174804698227  0.70749298670125382  0.70835258863324313  0.70916423827992292
  0.70996593325440194  0.71071911809742727  0.71161671331672738  0.71275577843288340
  0.71411437993808691  0.71565350967790864  0.71730749426006613  0.71909530717282766
  0.72096817457394013  0.72297182855714148  0.72525766956058357  0.72797074700489017
  0.73115395992483978  0.73465137004153414  0.73836249375714857  0.74256683787825528
  0.74776087041177741  0.75444836479496635  0.76310415899605222  0.77354840149452464
  0.78653977245213891  0.80442689117897481  0.84580204095170552  1.00000000000000000
   2.5984220387689420E-009  -1.0000000000000000     
 F F F F F F F F F F F F F F F F F F F F F F F F F F F F F F F F F F F F F F F F F F F F F F F F F F F F F F F F F F F F F F F F
  <DiscreteSampler_grid>
  grouped_processes
  1 # 1 for a reference and 2 for a running grid.
  10 # Attribute 'min_bin_probing_points' of the grid.
  1 # Attribute 'grid_mode' of the grid. 1=='default',2=='initialization'
  0.0000000000000000 # Attribute 'small_contrib_threshold' of the grid.
  0.5000000000000000 # Attribute 'damping_power' of the grid.
 # binID   n_entries weight   weight_sqr   abs_weight
    19   10   1.179483079370906E+006   1.088508990167176E+013   1.179483079370906E+006
    22   10   1.179483079370906E+006   1.088508990167176E+013   1.179483079370906E+006
    25   10   1.179483079370906E+006   1.088508990167176E+013   1.179483079370906E+006
    28   10   1.179483079370906E+006   1.088508990167176E+013   1.179483079370906E+006
  </DiscreteSampler_grid>
