 -0.01252111530287452  0.09563851321015576  0.14556440684858304  0.18812658854721559
  0.22893704820312263  0.26066036353307781  0.28997098584630521  0.31827864905188546
  0.34291324785810012  0.36614513439504226  0.38862884886304200  0.40961125551645045
  0.43055326773182950  0.44833590371515625  0.46458012981367497  0.48191668738778171
  0.49943868928227930  0.51606466591817557  0.53119832711236858  0.54653734473720295
  0.56319055474522861  0.57913098914475858  0.59394290848492282  0.60662473248256388
  0.61852816793541687  0.63090675509357208  0.64446364226370489  0.65777926936325015
  0.67001295527700000  0.68146034710829351  0.69355842399744760  0.70591797947338286
  0.71851894512759462  0.73041279114235336  0.74115712105662290  0.75125694313695512
  0.76131594052646601  0.77115899592511328  0.77859130235709029  0.78483610238821777
  0.79117102017682406  0.79617764887982356  0.80076891903139946  0.80590504136218610
  0.81274342577873704  0.81979031522212453  0.82493300083802290  0.82968910589047018
  0.83402196347507251  0.83898899691142903  0.84541540561097228  0.85162517175086816
  0.85730220014404568  0.86272570020695327  0.86779885058729356  0.87268676921831490
  0.87781138625877242  0.88287533964783138  0.88818220781061363  0.89361152421767820
  0.89877766256748348  0.90385815898764255  0.90919409717515576  0.91432697289592313
  0.91913199309740867  0.92364616095206131  0.92794097530525610  0.93192730521123646
  0.93552709664314260  0.93892725926282861  0.94249321004391617  0.94595246554198198
  0.94948267555845889  0.95282360223420648  0.95519786373680660  0.95698296163401075
  0.95886929179309710  0.96070708567369179  0.96247212472077548  0.96472448597487792
  0.96663168984227332  0.96867553714393195  0.97063479353249305  0.97252111149029397
  0.97450207440676062  0.97640938754394258  0.97842749114642369  0.98036265801446010
  0.98219477050930570  0.98397107986532051  0.98569855269708995  0.98756562656692726
  0.98964692967966361  0.99209888120915857  0.99540185071502385  1.00000000000000000
  0.00000000000924000  0.00000000001047526  0.00000000001146467  0.00000000001237471
  0.00000000001350186  0.00000000001483519  0.00000000001632037  0.00000000001784902
  0.00000000001932716  0.00000000002069050  0.00000000002206098  0.00000000002343372
  0.00000000002480468  0.00000000002656843  0.00000000002855069  0.00000000003069209
  0.00000000003275481  0.00000000003471854  0.00000000003641201  0.00000000003824942
  0.00000000004022474  0.00000000004218172  0.00000000004403421  0.00000000004588338
  0.00000000004805262  0.00000000005089127  0.00000000005444848  0.00000000005854291
  0.00000000006212600  0.00000000006573532  0.00000000006938170  0.00000000007280804
  0.00000000007681853  0.00000000008182137  0.00000000008815743  0.00000000009406795
  0.00000000009985338  0.00000000010576012  0.00000000011213204  0.00000000011899133
  0.00000000012612710  0.00000000013340113  0.00000000014077683  0.00000000014831333
  0.00000000015600471  0.00000000016185690  0.00000000016825321  0.00000000017580751
  0.00000000018492845  0.00000000019641464  0.00000000020929326  0.00000000022208426
  0.00000000023540493  0.00000000024838332  0.00000000026042364  0.00000000027339267
  0.00000000028989209  0.00000000030782283  0.00000000033037712  0.00000000035518117
  0.00000000037543185  0.00000000039669910  0.00000000041724790  0.00000000044476571
  0.00000000048118667  0.00000000052508174  0.00000000056792190  0.00000000061014371
  0.00000000065836587  0.00000000072822570  0.00000000080268893  0.00000000088684803
  0.00000000098551736  0.00000000109922902  0.00000000124417024  0.00000000144966854
  0.00000000173932659  0.00000000213497723  0.00000000252185247  0.00000000313898409
  0.00000000416982856  0.00000000564768566  0.00000000774978987  0.00000001100602547
  0.00000001778113577  0.00000003336853684  0.00000007530854364  0.00000018557884730
  0.00000063948780759  0.00000238568681741  0.00000990153356229  0.00004822259692386
  0.00031765362019395  0.00917233073913375  0.61039468766750860  1.00000000000000000
 -0.00224319724645201  0.00770664455345582  0.01787174482885464  0.02835502703542971
  0.03845615777249221  0.04790135447694072  0.05692955782881945  0.06630845289034316
  0.07650130360277339  0.08705540924718846  0.09697424945147819  0.10740740920899219
  0.11883208583458708  0.13062694046167772  0.14221084136527137  0.15294106957906362
  0.16434421641791588  0.17605139870268616  0.18871539214953817  0.20151242766530877
  0.21434862624979353  0.22624978798033160  0.23699452861206027  0.24742097621742176
  0.25804122068969881  0.26876635901829093  0.27914230980208660  0.28968044982704211
  0.30001390501100961  0.30998405488210568  0.31985945048251480  0.32981765556570769
  0.33951165634442088  0.34935673980624615  0.35959531985256338  0.37095994477442862
  0.38293679750714610  0.39501672339277699  0.40676503074495801  0.41863759506601994
  0.42979970575692522  0.44060411900479957  0.45143368688935970  0.46193896371447518
  0.47229455274869769  0.48249208596528392  0.49271965069610013  0.50320174383354865
  0.51393499590097047  0.52514999318088718  0.53597806369772338  0.54561795188851814
  0.55507020969704268  0.56479898200625145  0.57355474865630462  0.58212427228434205
  0.58958940388536774  0.59680370672946348  0.60595394599225949  0.61530446362178970
  0.62505350105797919  0.63563935184162734  0.64720542351908839  0.65940623784677821
  0.67158376757412253  0.68364544572688812  0.69535957664850057  0.70621498465063370
  0.71638133014635819  0.72670762585702364  0.73800099448011480  0.74979990112292683
  0.76151822333557362  0.77298379290912944  0.78454082917005574  0.79615838320475618
  0.80764498547570585  0.81807320145833806  0.82691293382562048  0.83584201980301109
  0.84482453297778226  0.85418347186927934  0.86462074022637470  0.87606583226990276
  0.88757958110292723  0.89885355370544406  0.90972701807891043  0.91980220679917390
  0.92938304991506882  0.93911083483202817  0.94914498629670918  0.96068456834385763
  0.97208990942819862  0.98207151410473414  0.99106229770862553  1.00000000000000000
 -0.00255433004453962  0.00804289901716117  0.01842592768938064  0.02883733658733180
  0.03916829643119598  0.04972843690046688  0.06119619843974331  0.07191209798701984
  0.08127766682869379  0.09003019149902207  0.09908218888003788  0.10899729641740367
  0.11980960890826077  0.13098937654705414  0.14150694817838930  0.15186020172767448
  0.16201622125437840  0.17221755391869512  0.18321394791208503  0.19457011795879542
  0.20727911270010535  0.21904808203564022  0.22875364841702875  0.23853556603263712
  0.24818698677131959  0.25743892816923120  0.26706929998490514  0.27687512629503630
  0.28695578010976802  0.29771178148426680  0.30919750074883673  0.32090154118656655
  0.33243232714149218  0.34390435912565803  0.35570051311556250  0.36739374189005397
  0.37677985959569266  0.38485297011803388  0.39310780545676771  0.40139728723893359
  0.41086123737556540  0.42197339002317796  0.43316027335912388  0.44461267568243440
  0.45667370205040253  0.46790943283151942  0.47828412357244715  0.48768465989398557
  0.49750208990584777  0.50865523663444323  0.52111920195024952  0.53353804949631600
  0.54525014445339526  0.55675028883922528  0.56834635860569471  0.57955810712961786
  0.59036849916467482  0.60139969531180693  0.61287361299094489  0.62380128021865577
  0.63350600462499940  0.64315506400677358  0.65325007370155108  0.66455974075875257
  0.67665262706884399  0.68817418281347409  0.69954262594684957  0.71175848642851225
  0.72407667058632930  0.73497880091949197  0.74467973724545755  0.75461664822265961
  0.76573603206383212  0.77786462658669175  0.78878256140392933  0.79937733462035720
  0.81038404727411317  0.82040370218737024  0.82977734757164079  0.83852478167782185
  0.84802154144298147  0.85832063136728032  0.86908523434747531  0.87962107207543916
  0.89000715680932496  0.89995835795784818  0.91006823771027767  0.91984904237995324
  0.92895155362591419  0.93806976055699265  0.94843941443238433  0.95985088891723991
  0.97083574558976249  0.98096736342772772  0.99071252680296096  1.00000000000000000
 -0.00239756207756265  0.00985392263008666  0.02152568462697258  0.03483753002279340
  0.04582732773187292  0.05609082093734091  0.06641422754951529  0.07765476404454011
  0.08869105115066236  0.09924839450613571  0.10997438601111827  0.12105805521260163
  0.13307682742879781  0.14483408741600937  0.15611623342589420  0.16690704119422645
  0.17800599597475028  0.18979323024584027  0.20149225090803471  0.21328929548672740
  0.22455001720487028  0.23555237911879834  0.24666489666407532  0.25763591152936810
  0.26754263472968659  0.27726267157111301  0.28798198031075650  0.30109629213213657
  0.31460811436511599  0.32704256541948734  0.33825112608746261  0.34803297320555721
  0.35781119791266663  0.36795271010615971  0.37794539920768100  0.38726095432926333
  0.39625293614417717  0.40587988133558839  0.41608866522273663  0.42661520125866031
  0.43763238491988027  0.44931074845833763  0.46088282990327162  0.47167343494610714
  0.48179814955197003  0.49169320815510842  0.50219680064051297  0.51306801603275010
  0.52467017713262587  0.53669086786159048  0.54930188019609616  0.55872146612854379
  0.56735996231595731  0.57630690133473417  0.58517908785607475  0.59559216370666956
  0.60826692221384715  0.61971568737183913  0.63002198839117940  0.63952501044055354
  0.64982237283276278  0.66091990299907688  0.67059724521712660  0.67980622266227486
  0.68917282317245510  0.69928197221608479  0.71025657113474572  0.72129156770069458
  0.73307465209806266  0.74422907476595834  0.75358475667079261  0.76227952278061417
  0.77123314397486564  0.78072874285663407  0.79144365806978156  0.80233736804838451
  0.81338128199341009  0.82425729846402529  0.83434033918865802  0.84306264019674493
  0.85177076321354639  0.86066135853204451  0.87012051255389022  0.88078173772619583
  0.89231358335573696  0.90371801420683640  0.91462816559403515  0.92497190783815364
  0.93480470438816732  0.94464550606844278  0.95488775253010938  0.96496136747829420
  0.97515172042969767  0.98429907891027513  0.99246241521737910  1.00000000000000000
  0.18472804873579415  0.20583317602012363  0.22445997132102408  0.25105170134352311
  0.28827951778176791  0.33349412340533141  0.37803643768094730  0.41729024373888829
  0.45221664963524832  0.48455272050876719  0.51465721871660131  0.54178944403777840
  0.56523575546505822  0.58529824277708176  0.60293165490682354  0.61856305981308668
  0.63165369412793293  0.64208073183769043  0.65035346116894066  0.65667350258675372
  0.66161890289561343  0.66557068501699690  0.66880469607744197  0.67146665457104859
  0.67360014604263563  0.67548388782394564  0.67726706491778921  0.67874328186151500
  0.68048031394642283  0.68207521809863692  0.68348524461181948  0.68477830715515109
  0.68593015392102952  0.68693050953966628  0.68782281510321830  0.68862231778782179
  0.68944239210690861  0.69018175918282854  0.69088690141270159  0.69152742533884326
  0.69213174406103095  0.69269605218575503  0.69325140554933107  0.69380774601037520
  0.69437499091767885  0.69487676197568149  0.69534503859140906  0.69579638124700594
  0.69623448443172098  0.69669747914088576  0.69715003098613992  0.69761261510744732
  0.69808063698917078  0.69858506830808353  0.69909909404509729  0.69960530512096031
  0.70007923004769557  0.70052989253193099  0.70100899274875594  0.70150975635655755
  0.70204700662366326  0.70261326517031319  0.70319990267335497  0.70379957369870283
  0.70446903268183247  0.70519629897320579  0.70592881912651428  0.70666918387641486
  0.70740220186971470  0.70809814563217466  0.70872317561107490  0.70932171586040937
  0.70993364949484061  0.71068677795836488  0.71166130768935876  0.71266989597318042
  0.71370701223909183  0.71477819905288309  0.71621355765648120  0.71771287154133268
  0.71947505061568473  0.72145830400652577  0.72377707468714336  0.72643611290627985
  0.72947113609812397  0.73292900339393163  0.73684138538412647  0.74150256765282851
  0.74699513578907972  0.75324808936754506  0.76065869320786472  0.76944602141708296
  0.78155954936481031  0.79975509702783665  0.83711168136681313  1.00000000000000000
   2.6564410407059594E-009  -1.0000000000000000     
 F F F F F F F F F F F F F F F F F F F F F F F F F F F F F F F F F F F F F F F F F F F F F F F F F F F F F F F F F F F F F F F F
  <DiscreteSampler_grid>
  grouped_processes
  1 # 1 for a reference and 2 for a running grid.
  10 # Attribute 'min_bin_probing_points' of the grid.
  1 # Attribute 'grid_mode' of the grid. 1=='default',2=='initialization'
  0.0000000000000000 # Attribute 'small_contrib_threshold' of the grid.
  0.5000000000000000 # Attribute 'damping_power' of the grid.
 # binID   n_entries weight   weight_sqr   abs_weight
    19   10   6.699917074901961E+005   1.745273366447082E+012   6.699917074901961E+005
    22   10   6.699917074901961E+005   1.745273366447082E+012   6.699917074901961E+005
    25   10   6.699917074901961E+005   1.745273366447082E+012   6.699917074901961E+005
    28   10   6.699917074901961E+005   1.745273366447082E+012   6.699917074901961E+005
  </DiscreteSampler_grid>
