 -0.01220993939502529  0.09451205451135866  0.14732951803192132  0.18921651374253301
  0.22447071282580711  0.25335062889763704  0.27864790048658972  0.30428683985355204
  0.33092213366332041  0.35731009159730914  0.38128374967352530  0.40288589975742439
  0.42175345285163490  0.44055985026042155  0.45950962857645972  0.47785876504391023
  0.49592924922893922  0.51416498572094849  0.53189407583404702  0.54892656244038684
  0.56287162637163402  0.57584404789803711  0.58953458766638012  0.60439634322272839
  0.61876828114558813  0.63209234099867706  0.64518165294466523  0.65878589357225192
  0.67193414768629678  0.68404069477562723  0.69592042367300133  0.70737187568330095
  0.71750393785951561  0.72707561167984847  0.73684732647365059  0.74750613234355967
  0.75827567731583334  0.76808038317470961  0.77647002829286615  0.78426434321375704
  0.79177127342974873  0.79922630880676560  0.80689271677062646  0.81432080890217040
  0.82170446128079699  0.82911227336419069  0.83628114909806650  0.84344162632917141
  0.85031375293919853  0.85695258900834903  0.86462624011145628  0.87112742436304125
  0.87604461039010928  0.88083596047712742  0.88512638329036875  0.88935804979819466
  0.89388216327126702  0.89797320677876391  0.90209942203352589  0.90689092152723894
  0.91162879466502800  0.91605353162176228  0.92005384999825501  0.92392020604544844
  0.92770418776439567  0.93138735819364160  0.93514726188378705  0.93875281235516728
  0.94229958127444347  0.94578797176726837  0.94930960936932440  0.95280563487345860
  0.95613717459475267  0.95909695866687128  0.96161363408159850  0.96408998460096762
  0.96638196639634599  0.96833000906728528  0.96990424356987404  0.97163240895574976
  0.97346205051422308  0.97518073219439194  0.97662009970613650  0.97798095673737473
  0.97934104050843029  0.98061270440097748  0.98175481697457800  0.98299753816407787
  0.98449833530764963  0.98605128080956972  0.98756058654135814  0.98916128403249770
  0.99098575586782445  0.99304775861500960  0.99511569150069479  1.00000000000000000
  0.00000000021950678  0.00000000022947348  0.00000000023580183  0.00000000024062796
  0.00000000024484593  0.00000000024868513  0.00000000025256947  0.00000000025702524
  0.00000000026241523  0.00000000026791748  0.00000000027400116  0.00000000027992090
  0.00000000028593403  0.00000000029199565  0.00000000029852684  0.00000000030600506
  0.00000000031362760  0.00000000032133958  0.00000000032912071  0.00000000033625277
  0.00000000034376928  0.00000000034989693  0.00000000035582008  0.00000000036133945
  0.00000000036688432  0.00000000037259708  0.00000000037841115  0.00000000038403321
  0.00000000039297187  0.00000000040849721  0.00000000042530312  0.00000000044149636
  0.00000000045689277  0.00000000047148216  0.00000000048530105  0.00000000049795042
  0.00000000051110859  0.00000000052496408  0.00000000053989804  0.00000000055753490
  0.00000000057700794  0.00000000059493366  0.00000000060990502  0.00000000062510520
  0.00000000064187067  0.00000000065899696  0.00000000067724228  0.00000000069856506
  0.00000000072915274  0.00000000076167800  0.00000000079501119  0.00000000082973052
  0.00000000086428127  0.00000000090439760  0.00000000094712089  0.00000000099175257
  0.00000000103606208  0.00000000109014577  0.00000000114626617  0.00000000120489250
  0.00000000127337074  0.00000000135546449  0.00000000145391381  0.00000000156576381
  0.00000000168183254  0.00000000180035845  0.00000000192187279  0.00000000206218842
  0.00000000220903409  0.00000000237433203  0.00000000256907363  0.00000000284003270
  0.00000000315401067  0.00000000350195897  0.00000000392906393  0.00000000442779604
  0.00000000532824487  0.00000000640360926  0.00000000751531429  0.00000000902663123
  0.00000001146349723  0.00000001518817689  0.00000002124393995  0.00000003146606423
  0.00000005205798595  0.00000010119037249  0.00000023590513863  0.00000061346022116
  0.00000197331962956  0.00000598166944360  0.00002506778310898  0.00010921172474084
  0.00101480412936646  0.02330600826339386  0.61851895884498176  1.00000000000000000
 -0.00268557263833620  0.01021300277646876  0.01991090183178852  0.03101822903023123
  0.04107507046495135  0.05228105148873453  0.06249492462047401  0.07395277974597923
  0.08508652855147943  0.09616555919239765  0.10656878260112539  0.11719825388343447
  0.12740550203921136  0.13674971579363535  0.14746193323327847  0.15755155902056814
  0.16606599958240120  0.17441935392036628  0.18367402851965428  0.19352001061733695
  0.20366528628056460  0.21393976739164822  0.22456571245615525  0.23574105517405891
  0.24672228198296303  0.25715348039999303  0.26682477030832130  0.27673025308806021
  0.28693409821255500  0.29825809087054811  0.30899925612021473  0.32003724333698619
  0.33115770788287607  0.34301848298766158  0.35498335469261777  0.36673676462601656
  0.37850866634658437  0.39036585315896122  0.40258996089615667  0.41453515899821958
  0.42571241607870941  0.43618675470553581  0.44657427423777757  0.45673075333882368
  0.46698659245950314  0.47746354779714945  0.48790797315283357  0.49864766104049330
  0.50881530965603550  0.51897692998375766  0.52899532221610424  0.53949872397356924
  0.54938749443412516  0.55792325034987056  0.56550618386229556  0.57319555350639806
  0.58233667310065584  0.59280797339813307  0.60347122747544890  0.61475629394636888
  0.62658190553518567  0.63855517765906822  0.65045185380772275  0.66126132094407886
  0.67202137849961963  0.68015586033842046  0.68833599048132854  0.69722893217155757
  0.70666717217756014  0.71833309977725812  0.73004871566088603  0.74125962096646802
  0.75121054473500370  0.76131731877862219  0.77134788521851627  0.78081355447819945
  0.79005412040495682  0.79958576293471861  0.80894295824144902  0.81897740086351212
  0.82985996353712888  0.84082435506100683  0.85167358998256837  0.86259659614324691
  0.87364726419980554  0.88515429026371517  0.89709864262379646  0.90929370490490558
  0.92120381475910629  0.93251746432531779  0.94395408405660608  0.95515459084222787
  0.96670380525999300  0.97811693611064277  0.98929857278056554  1.00000000000000000
 -0.00277589041792206  0.01018661873559014  0.02245653944200445  0.03416422907738238
  0.04551405435757014  0.05664510227330405  0.06791012193257143  0.07911068484144750
  0.09001190796984204  0.10093866370274146  0.11181874874576350  0.12233167605379430
  0.13252834410308303  0.14277678184949322  0.15337152336651311  0.16416926125512205
  0.17479713627679719  0.18520770896710484  0.19538140371328325  0.20508416617044531
  0.21510391467626705  0.22551985682956804  0.23635381537703870  0.24730265576625726
  0.25819397955101520  0.26835852263221205  0.27861651527455683  0.28819480832861361
  0.29667041138176181  0.30582766764628100  0.31574566486074962  0.32650917717977057
  0.33768463554858796  0.34807335085514646  0.35835424859754506  0.36786790879931863
  0.37731657659776213  0.38658672523792781  0.39660392452600240  0.40616725782680907
  0.41583157212780614  0.42526025681306356  0.43490585433083706  0.44638178891097297
  0.45860602991800248  0.47010836776540260  0.48092359739838952  0.49136978486891825
  0.50247497540723018  0.51487306917311648  0.52769577025290315  0.53979582080725308
  0.54994296394115272  0.55950038770793442  0.56849494823302926  0.57791451603853983
  0.58786562005859166  0.59755440438208784  0.60716688029422672  0.61680069335810572
  0.62706109563360790  0.63819752793559570  0.64970406307608841  0.66086099393488629
  0.67170854030176108  0.68226639148600698  0.69261886244728199  0.70292695597369725
  0.71336576294429421  0.72466767468160909  0.73623648880023063  0.74775751452213213
  0.75905184179921703  0.76976840930583179  0.77980073717972054  0.78912693443208448
  0.79961246760127114  0.81106005603177633  0.82201484533502289  0.83216732243057001
  0.84251089302795479  0.85315642367487943  0.86467497116179981  0.87555584615176296
  0.88619917953764049  0.89721626871610216  0.90874471253825539  0.92004095992399826
  0.93084366193719215  0.94132713889551756  0.95245294978505823  0.96391265581198726
  0.97385059782823635  0.98309336866196961  0.99188376191585770  1.00000000000000000
 -0.00250246646492401  0.00930684935578048  0.01852340802976135  0.02838060485958248
  0.03802781874707954  0.04819441960571602  0.05832838743872100  0.06962021351369996
  0.08113970926274867  0.09221216742441428  0.10350086184587420  0.11408956171214531
  0.12463108762830584  0.13522749391845038  0.14630482713628865  0.15809889723648149
  0.16992154215696034  0.18251058415323465  0.19369463823606378  0.20459890674821696
  0.21520700083508504  0.22519280242306569  0.23573993652371134  0.24698774367739756
  0.25856824752770718  0.26962167037400570  0.27961578761248818  0.28946649182730400
  0.29951929845057140  0.31020921107607707  0.32160502407679498  0.33224669697345027
  0.34284430061590537  0.35315347613109682  0.36290947096122778  0.37296765982403840
  0.38363907151841170  0.39399311325918107  0.40358202739823057  0.41247601982501286
  0.42218599042438759  0.43316328947071925  0.44469503142237166  0.45606180713174060
  0.46744679339272699  0.47916306116099056  0.49104500193807687  0.50254915778174569
  0.51295220931399299  0.52273536908465490  0.53329058357096526  0.54359771264087176
  0.55378114863042960  0.56389572013341949  0.57442048242325450  0.58487117696479840
  0.59476201060929035  0.60421254252371281  0.61351983062073701  0.62246288289970275
  0.63235951127516032  0.64323737150054672  0.65382872515367019  0.66426387449978852
  0.67500806139316916  0.68627622419189294  0.69759946068129830  0.70801158811889353
  0.71758666497889079  0.72652434088722939  0.73582430705906965  0.74558397306378554
  0.75573055709895254  0.76554684427027331  0.77569544546670777  0.78620952799065569
  0.79713949489572866  0.80832417762804976  0.81943565809135133  0.83040495707585804
  0.83940389489120326  0.84818180558342438  0.85736056942011074  0.86727929986249153
  0.87967081857551965  0.89164994137725329  0.90417260162921509  0.91647597661998192
  0.92872136193763222  0.94047166390031622  0.95145838703350838  0.96120475646234915
  0.97085118364826051  0.98051014408579484  0.99075340832229652  1.00000000000000000
  0.18529902238847626  0.20621126461032788  0.22687804855830532  0.25668091793013237
  0.29730565301313355  0.34500565364411739  0.39519031531739385  0.44380443242368595
  0.48651337349620161  0.51998067865836128  0.54527670687539775  0.56538374418639270
  0.58176159814935735  0.59821834550214503  0.61251320667222220  0.62397838491507374
  0.63431257943886998  0.64251349667219260  0.64978573748877866  0.65579528292964206
  0.66099507127189649  0.66529629389508138  0.66882076521667566  0.67150711965997245
  0.67383029464460586  0.67598500655136839  0.67800432952435830  0.67992552282266738
  0.68167158971788089  0.68311850878062519  0.68431886537712350  0.68536013240880156
  0.68637993902418226  0.68732794515441775  0.68815440293901342  0.68889538945127637
  0.68960723828537918  0.69034609208647157  0.69110532628486865  0.69183649431892402
  0.69251523884211585  0.69313929253108331  0.69372198441063915  0.69426489490548737
  0.69479619484365462  0.69530393580774086  0.69580766631633528  0.69634466969250031
  0.69690653569784955  0.69746402180279410  0.69799149198692334  0.69847317328385516
  0.69893075462667709  0.69939069513811214  0.69987715326425481  0.70041445957088722
  0.70097807506458198  0.70154371266223370  0.70210380394979088  0.70267923843120550
  0.70328981090131859  0.70390474046054863  0.70450831409556269  0.70510309769677448
  0.70574391254776203  0.70646109010214175  0.70724554069007983  0.70802342773932869
  0.70876766276201308  0.70952369443707364  0.71035780678005678  0.71128089373278980
  0.71228073238954082  0.71336409816040092  0.71463014944663628  0.71601312939649686
  0.71743777180970858  0.71882862786708024  0.72026151176821451  0.72175434033928410
  0.72347303432372034  0.72540298943216719  0.72776292694242672  0.73058488012233436
  0.73374071917022954  0.73713525654344114  0.74096913832608069  0.74563569878572344
  0.75152103560442041  0.75861919851632753  0.76664402009310295  0.77624086102366796
  0.78769761359570989  0.80601260151937781  0.84385345083581553  1.00000000000000000
   2.2718407868062084E-009  -1.0000000000000000     
 F F F F F F F F F F F F F F F F F F F F F F F F F F F F F F F F F F F F F F F F F F F F F F F F F F F F F F F F F F F F F F F F
  <DiscreteSampler_grid>
  grouped_processes
  1 # 1 for a reference and 2 for a running grid.
  10 # Attribute 'min_bin_probing_points' of the grid.
  1 # Attribute 'grid_mode' of the grid. 1=='default',2=='initialization'
  0.0000000000000000 # Attribute 'small_contrib_threshold' of the grid.
  0.5000000000000000 # Attribute 'damping_power' of the grid.
 # binID   n_entries weight   weight_sqr   abs_weight
    19   10   3.393012973183818E+005   4.210878485116816E+011   3.393012973183818E+005
    22   10   3.393012973183818E+005   4.210878485116816E+011   3.393012973183818E+005
    25   10   3.393012973183818E+005   4.210878485116816E+011   3.393012973183818E+005
    28   10   3.393012973183818E+005   4.210878485116816E+011   3.393012973183818E+005
  </DiscreteSampler_grid>
