 -0.01190566297813694  0.09171382234249620  0.14450660869075121  0.18842154056932323
  0.22645560652317229  0.26033210414227842  0.29007538196306648  0.31755680034734601
  0.34325694701797838  0.36468238533941966  0.38047794869555901  0.39630042764798823
  0.41711519968508726  0.43872425426904338  0.45794932688005696  0.47479415037798023
  0.48990279062144626  0.50396838418806655  0.51922489073919931  0.53468902608666158
  0.55033958995595278  0.56452336792194591  0.57854768194969086  0.59290693624770963
  0.60644979955177825  0.61853734120193826  0.63095374432072948  0.64392804313414032
  0.65718713641726556  0.66992470930404358  0.68215846362528554  0.69403585114755173
  0.70466840316667567  0.71444228428930545  0.72404036574013042  0.73320988842174017
  0.74117773076369009  0.74868407424507633  0.75599422757824086  0.76452945357286362
  0.77406723586179882  0.78335669867512048  0.79162893601133877  0.79799920087798704
  0.80408411105585720  0.81021408382182292  0.81644986650072027  0.82277036412698634
  0.82978745096493878  0.83758648674930725  0.84487682808817155  0.85114400821531810
  0.85740348362852181  0.86401550912866665  0.87003817637836023  0.87602640818910493
  0.88192921229108079  0.88813653197966613  0.89449294844943528  0.90010203285542822
  0.90515241887251330  0.90981898641446357  0.91429080376863114  0.91912034588680791
  0.92383603761167032  0.92836610854574142  0.93276283003687921  0.93738185981581346
  0.94143836617606980  0.94432110126733071  0.94692387429595049  0.94956728452065398
  0.95237675058792948  0.95541223034830802  0.95758852784296888  0.95926826947434540
  0.96151546663138754  0.96402045462093511  0.96648738997597849  0.96892303592716256
  0.97106413115905577  0.97297116787510629  0.97473204131300106  0.97650120744546709
  0.97845674432905794  0.98002177581553274  0.98161116461536713  0.98313667106116231
  0.98463026345887483  0.98625542770795660  0.98793883134953075  0.98948820607777754
  0.99135739769383946  0.99319580227352899  0.99501956337611874  1.00000000000000000
  0.00000000000330649  0.00000000000639378  0.00000000000948107  0.00000000001380440
  0.00000000001871810  0.00000000002324507  0.00000000002719886  0.00000000003115265
  0.00000000003531513  0.00000000003963067  0.00000000004394620  0.00000000004851972
  0.00000000005309640  0.00000000005802536  0.00000000006339688  0.00000000006883870
  0.00000000007449027  0.00000000008017152  0.00000000008600031  0.00000000009198568
  0.00000000009887714  0.00000000010540865  0.00000000011147957  0.00000000011768630
  0.00000000012404136  0.00000000013054775  0.00000000013716782  0.00000000014454200
  0.00000000015225344  0.00000000016036570  0.00000000016895951  0.00000000017845768
  0.00000000018977848  0.00000000020142658  0.00000000021271176  0.00000000022387936
  0.00000000023695164  0.00000000025425897  0.00000000027424538  0.00000000029488954
  0.00000000031792187  0.00000000034225518  0.00000000036534544  0.00000000039218658
  0.00000000042014325  0.00000000044970232  0.00000000048980253  0.00000000052163859
  0.00000000055709629  0.00000000058994368  0.00000000062077839  0.00000000065438673
  0.00000000068933512  0.00000000072486560  0.00000000078715715  0.00000000086386904
  0.00000000094470191  0.00000000103827483  0.00000000114402280  0.00000000126318542
  0.00000000139801584  0.00000000155310456  0.00000000172563535  0.00000000190832313
  0.00000000212136184  0.00000000237460067  0.00000000260696446  0.00000000287657870
  0.00000000318832085  0.00000000354618529  0.00000000402094887  0.00000000465865205
  0.00000000548630839  0.00000000657490475  0.00000000788899957  0.00000000955670075
  0.00000001155440813  0.00000001399333286  0.00000001707513403  0.00000002336397966
  0.00000003393491634  0.00000005189291922  0.00000008511970684  0.00000014589586491
  0.00000030301282594  0.00000064297656938  0.00000146277146945  0.00000360811187999
  0.00000925641719636  0.00002655853274723  0.00008284025412006  0.00030057769215311
  0.00171878254929751  0.05403274267376201  0.62055282807207424  1.00000000000000000
 -0.00155502990419239  0.00694047548795654  0.01654868837144997  0.02596047774578497
  0.03577247925888016  0.04715489132591335  0.05896173916458419  0.07036083339322069
  0.08128337076101957  0.09159873609765534  0.10212886311747717  0.11182088363694345
  0.12047476698821749  0.12931432491656081  0.13829495210337164  0.14819576159643491
  0.15929884273875872  0.16877519754195050  0.17879443601286499  0.18819039826588646
  0.19858899779363307  0.20866322652705943  0.21861215887242469  0.22916989136452995
  0.23990120165898413  0.24901265422205093  0.25716898699575313  0.26563721378539462
  0.27571214356993018  0.28777222574689520  0.30009053308291711  0.31068247587794806
  0.31968768891535998  0.32809791826477469  0.33636375447594952  0.34460457326070409
  0.35315648266515759  0.36085023361919233  0.37026159564939470  0.38148119823348897
  0.39302485383500946  0.40400563695063607  0.41521387253095104  0.42706714594511963
  0.43934004910508034  0.45182494329960876  0.46358560272178495  0.47400357956412242
  0.48392261563963651  0.49373436255937436  0.50429365686214811  0.51606863223895205
  0.52824513856108390  0.53942120890806755  0.55000150275320925  0.56005625100085699
  0.57033369556146873  0.57914022603525139  0.58771919489918867  0.59614992637695940
  0.60360063545527842  0.61193442651295293  0.62235548978948474  0.63346404537233370
  0.64441311893586872  0.65498605217714434  0.66670639830979361  0.67902212928350980
  0.69219041117238200  0.70447392556420874  0.71608512413908476  0.72699668824560737
  0.73829992207200723  0.74976357791266390  0.76080267140911617  0.77228772475137575
  0.78448070015969928  0.79751777754558817  0.81059732045566202  0.82301476221415204
  0.83478800438490874  0.84647758546440854  0.85852135508493010  0.86975544625564893
  0.87962441049631079  0.88866244829167129  0.89802236280994374  0.90836576307550643
  0.91854417373684671  0.92948988152846901  0.94076988615323087  0.95341416798800427
  0.96632418232641926  0.97855510602455642  0.98978135572961368  1.00000000000000000
 -0.00158847931183997  0.00749682897637707  0.01622552891834305  0.02594241792952826
  0.03699482569284585  0.04933481888355128  0.06198989990007463  0.07317855690261044
  0.08325479028666283  0.09318041013832298  0.10414344613954428  0.11495823307964781
  0.12585884999499591  0.13565676665260923  0.14406418856230249  0.15303939667026642
  0.16167869169784824  0.17020076961180633  0.17960136510300934  0.18871644184597683
  0.19820093098103495  0.20974634975603598  0.22159174160655074  0.23313856213715103
  0.24408738385441225  0.25558525267470528  0.26751573856505567  0.27986106808307692
  0.29170941769228376  0.30352053603144369  0.31542081168816716  0.32744081957471283
  0.33768641030904367  0.34730875039008519  0.35691446195192161  0.36688774963938492
  0.37906663641385424  0.39140361668423140  0.40385822206325844  0.41603349935841172
  0.42740499918962133  0.43806679561952666  0.44937919793951586  0.46010384819995681
  0.46961126606442211  0.47866082427384249  0.48672396983875088  0.49414289024857005
  0.50163345388577285  0.51251320023828129  0.52432029745485065  0.53549305931590618
  0.54648161517758442  0.55744327829326235  0.56834951148135704  0.57846017564826568
  0.58788981840504895  0.59750903898030194  0.60795660978267074  0.61923330488306683
  0.62988170104503771  0.63909585209245734  0.64799774945905086  0.65752375087727288
  0.66727847852825906  0.67868530477738731  0.69102782161983445  0.70267184419532502
  0.71272135218192367  0.72206516302786461  0.73123217881695290  0.74135111879497062
  0.75297563117567057  0.76587822779971171  0.77822133860559939  0.78930932549204302
  0.79953339501721821  0.80969694054512975  0.82029816694076063  0.83132499809781835
  0.84278018352735196  0.85486315214169173  0.86580066500569108  0.87735869958704926
  0.88969932561408305  0.90182999005708442  0.91214425326362769  0.92264664653195516
  0.93197388601962883  0.93925702538709255  0.94778415945813377  0.95732200978874260
  0.96741376784015209  0.97793660061705534  0.98848405483469404  1.00000000000000000
 -0.00253398552672252  0.00783552667013981  0.01832487775913445  0.03089183683766569
  0.04371537129008948  0.05414310100198313  0.06355658690400164  0.07240669177713847
  0.08123408323845363  0.09191642593578722  0.10354543585995574  0.11368944003929707
  0.12422118936543532  0.13518552245112142  0.14680578520576093  0.15803110838568382
  0.16934951287441752  0.18050726497662406  0.19197683897937179  0.20258576773443046
  0.21330866310601115  0.22420546969683444  0.23608031963126011  0.24777941649112015
  0.25902169788232859  0.27004539104035530  0.28049621387938362  0.29171278871091583
  0.30286280064245202  0.31313767655184788  0.32334597484195915  0.33334686230320637
  0.34384687707626288  0.35536349740978213  0.36693638587822214  0.37730926558784361
  0.38660164394990376  0.39542872587202166  0.40416123917320640  0.41304372788232535
  0.42246527243102039  0.43298060370405245  0.44466123927232892  0.45679944171435394
  0.46738233595533929  0.47673428009857338  0.48613670810640214  0.49470585985752913
  0.50443395592895912  0.51530095220095806  0.52616248869153559  0.53736734329326907
  0.54895979265335237  0.56060512823550135  0.57255959480909624  0.58483290101579455
  0.59696636470667241  0.60867316770560098  0.61984810389828582  0.63078092880447367
  0.64188706910941939  0.65270937909277693  0.66193846191730821  0.67060672847203839
  0.67850921701347477  0.68664110710771709  0.69652263121103308  0.70802046797813689
  0.71829253677615956  0.72714704167705169  0.73450656093748212  0.74135221507114291
  0.74946533546667526  0.75926946091911063  0.77054970237307852  0.78151659345783664
  0.79157217627995136  0.80156145440097359  0.81189438569214556  0.82328763867110122
  0.83481796191648761  0.84669517190792054  0.85836253731302581  0.87130925947281679
  0.88390575574041674  0.89457482883482309  0.90427639800390092  0.91386558654565631
  0.92401375314800527  0.93532361095464844  0.94702664893605604  0.95806027172253716
  0.96773118529849722  0.97741377634432380  0.98726478731369960  1.00000000000000000
  0.18533559786435652  0.20749334002010691  0.22931788525469071  0.25391183745238921
  0.28288758118035201  0.31648779942723448  0.35702045717462011  0.41341571047304548
  0.46537532015320671  0.50704399309282433  0.53894197432242574  0.56038942069667685
  0.57969568262914117  0.59836385180153062  0.61508891686493228  0.62777209972075487
  0.63847657679366876  0.64705415761597584  0.65231336480769231  0.65674994352869509
  0.66036631310061955  0.66354919865498574  0.66687388113735335  0.66989010545549077
  0.67277206630442010  0.67542924309040953  0.67774745311861584  0.67963674146726316
  0.68120420670649118  0.68257579343369457  0.68387519189283408  0.68510892557266179
  0.68623511526690795  0.68720769322145847  0.68805242924754695  0.68879229390619734
  0.68950099649584962  0.69028793700058544  0.69101976566492729  0.69152515677700177
  0.69198710061900126  0.69247129125482365  0.69294453212055962  0.69341524837129442
  0.69390104254196128  0.69443138266296889  0.69499208367179988  0.69552855533990265
  0.69604574770352734  0.69652441676658483  0.69699897065169170  0.69747492576828563
  0.69794865471333534  0.69844954141679438  0.69897392022380656  0.69951398477976867
  0.70005711794542902  0.70059111391136641  0.70114739695646788  0.70173409241695439
  0.70237877301004958  0.70303893043835264  0.70367546233164269  0.70432872460129758
  0.70500122008395238  0.70565400597225869  0.70630201286772054  0.70701145441991309
  0.70776018169177313  0.70865911228377398  0.70946632979493718  0.71027107363112929
  0.71113915813474271  0.71213457049827511  0.71333755919186193  0.71476776986562485
  0.71623722129822276  0.71776587678601589  0.71938557799951719  0.72127240713339746
  0.72360316851437412  0.72610413478495872  0.72874721061352632  0.73156241808132039
  0.73488707200898429  0.73878864896530994  0.74320724612551170  0.74836280191473981
  0.75354061368229941  0.75922109946902827  0.76480486079167531  0.77285105721633685
  0.78343371482522139  0.80180589569776139  0.83982984108513514  1.00000000000000000
   2.6704111996308310E-009  -1.0000000000000000     
 F F F F F F F F F F F F F F F F F F F F F F F F F F F F F F F F F F F F F F F F F F F F F F F F F F F F F F F F F F F F F F F F
  <DiscreteSampler_grid>
  grouped_processes
  1 # 1 for a reference and 2 for a running grid.
  10 # Attribute 'min_bin_probing_points' of the grid.
  1 # Attribute 'grid_mode' of the grid. 1=='default',2=='initialization'
  0.0000000000000000 # Attribute 'small_contrib_threshold' of the grid.
  0.5000000000000000 # Attribute 'damping_power' of the grid.
 # binID   n_entries weight   weight_sqr   abs_weight
    19   10   1.307277325976266E+006   7.797153536784178E+012   1.307277325976266E+006
    22   10   1.307277325976266E+006   7.797153536784178E+012   1.307277325976266E+006
    25   10   1.307277325976266E+006   7.797153536784178E+012   1.307277325976266E+006
    28   10   1.307277325976266E+006   7.797153536784178E+012   1.307277325976266E+006
  </DiscreteSampler_grid>
