 -0.01574872260139118  0.11506061714446847  0.17113571562574106  0.20687675832439473
  0.24439287701300802  0.28049253959579518  0.30758531209356477  0.32858376661859384
  0.34521394214661683  0.36575279352388612  0.38975007933017103  0.41194300408938167
  0.43350071684077290  0.45445822472410663  0.47540905312588028  0.49626236010458236
  0.51446355865132942  0.53046411238751490  0.54431243232796833  0.55815007156594720
  0.57398278195645147  0.58984232695983962  0.60413016279906162  0.61683553010506553
  0.62823181262761207  0.63899779589703132  0.65089130844852705  0.66330619680986769
  0.67553555417380384  0.68774994519861654  0.69972224390358650  0.71164462432402320
  0.72265208461699126  0.73288531025300196  0.74250514543802537  0.75196088060025357
  0.76170184729862966  0.77166059309940205  0.78148855703401110  0.79123979244950127
  0.80055480173431770  0.80888370549766697  0.81665964969338212  0.82405914441840900
  0.83131524236354259  0.83840482025510787  0.84491350619814853  0.85103023154989010
  0.85691582976603953  0.86294287667047687  0.86931527049630608  0.87565726887544959
  0.88169861957248086  0.88764978188827548  0.89318905470980581  0.89857771744976656
  0.90303978812012242  0.90710973971564945  0.91099778106961626  0.91478361835055144
  0.91926803596329243  0.92370833202125491  0.92724344923193447  0.92930904108290002
  0.93109421564540673  0.93279188374855193  0.93447062342037412  0.93641255105116095
  0.93902908602151691  0.94166974377412238  0.94427040616801861  0.94661101286552873
  0.94894038410385728  0.95159055294658934  0.95461585900752777  0.95791183613952013
  0.96092260033611199  0.96368079896866887  0.96640642879103622  0.96894494300066725
  0.97126626775091407  0.97296055061312181  0.97464891768434614  0.97625014145355948
  0.97784369780905878  0.97937244612553975  0.98052942465249016  0.98162861563526171
  0.98292055265155098  0.98422106935877585  0.98552647644552882  0.98715987669400829
  0.98910577139549538  0.99174854018106706  0.99526732539972007  1.00000000000000000
  0.00000000000589673  0.00000000000679895  0.00000000000790879  0.00000000000962287
  0.00000000001136761  0.00000000001313984  0.00000000001481952  0.00000000001651387
  0.00000000001826816  0.00000000002007516  0.00000000002191378  0.00000000002378630
  0.00000000002577797  0.00000000002766323  0.00000000002948594  0.00000000003143068
  0.00000000003341256  0.00000000003542885  0.00000000003748475  0.00000000004049970
  0.00000000004349124  0.00000000004650018  0.00000000004962772  0.00000000005281280
  0.00000000005619896  0.00000000005968175  0.00000000006287864  0.00000000006566832
  0.00000000006831126  0.00000000007098291  0.00000000007357891  0.00000000007601202
  0.00000000007879963  0.00000000008186993  0.00000000008571396  0.00000000009162281
  0.00000000009694866  0.00000000010226094  0.00000000010764562  0.00000000011323292
  0.00000000011938304  0.00000000012630932  0.00000000013610613  0.00000000014599256
  0.00000000015619659  0.00000000016674897  0.00000000017552111  0.00000000018515388
  0.00000000019268608  0.00000000020036711  0.00000000020797294  0.00000000021513657
  0.00000000022206838  0.00000000022949491  0.00000000023882383  0.00000000024896126
  0.00000000026260485  0.00000000027751869  0.00000000029364424  0.00000000031150030
  0.00000000033371175  0.00000000036296984  0.00000000040467851  0.00000000045535919
  0.00000000050419879  0.00000000055452328  0.00000000061165763  0.00000000067690583
  0.00000000075352015  0.00000000084163107  0.00000000094608063  0.00000000106217236
  0.00000000119555042  0.00000000136280578  0.00000000158570784  0.00000000189595777
  0.00000000227041657  0.00000000273093114  0.00000000333102982  0.00000000405054409
  0.00000000524068303  0.00000000727547941  0.00000001015754232  0.00000001533993679
  0.00000002534030255  0.00000004978677326  0.00000011218106843  0.00000029863288355
  0.00000096462693845  0.00000331334785438  0.00001170310550206  0.00005021234720938
  0.00038911167882990  0.01476226729573732  0.60333631292345602  1.00000000000000000
 -0.00255212032024095  0.00908791889973148  0.02117177346597330  0.03239346229829102
  0.04373857058521282  0.05440221302391417  0.06421898507806499  0.07359687268137130
  0.08285100459820213  0.09264306191126923  0.10348519946233004  0.11572856096605079
  0.12801967703132203  0.14040216036784234  0.15021316234078017  0.15997193926601672
  0.16956611360784865  0.17959307088770779  0.19046577772224355  0.20090158325932089
  0.21148711256506639  0.22160123007912233  0.22961564807731882  0.23848737498288938
  0.24705624119479680  0.25520374685538627  0.26591452820505346  0.27829156792592369
  0.29085290984281265  0.30319360723280425  0.31524194888766582  0.32649952214016958
  0.33730912163176430  0.34814117480217827  0.35894837735459217  0.36948828263590383
  0.38002172722120903  0.39080630594240251  0.40199781861340167  0.41326577872714981
  0.42430843237456012  0.43491371047467459  0.44541545747987615  0.45652485257650421
  0.46786424878177152  0.47882225361355074  0.48994080611610252  0.50137138729230013
  0.51238895190733369  0.52296135974183222  0.53265024878490175  0.54125005656181879
  0.55004956631091306  0.55889527035207842  0.56819694125532871  0.57878900946935541
  0.59037762144274952  0.60138059560764423  0.61162350637406515  0.62248407741207190
  0.63293598951365837  0.64171203698824386  0.65039449018567141  0.65954309016085866
  0.66970514133201764  0.68222638856590700  0.69510751197686671  0.70732983637781455
  0.71920690208083182  0.73089514935888689  0.74215224219376974  0.75308287954952380
  0.76386095356603689  0.77506795500012182  0.78598532537467358  0.79570184741460515
  0.80482193475844244  0.81423183833724344  0.82382722370185191  0.83415661831492527
  0.84484945731107541  0.85565186171358820  0.86675448212934492  0.87684210973544807
  0.88659994362329164  0.89705495573827343  0.90755475280256437  0.91757812812342454
  0.92708149900729353  0.93619709850925026  0.94678646682301737  0.95791915942887695
  0.96861733929043969  0.97840554222695597  0.98769950222507552  1.00000000000000000
 -0.00223098102071682  0.00874127185047809  0.01925650951888068  0.02940576445534970
  0.03897489878834217  0.04838970956653056  0.05774622127110102  0.06707391665773348
  0.07420026077762991  0.07904429421878806  0.08348941627360876  0.09018274326173101
  0.09980326986326590  0.11048571055530154  0.12223392148155451  0.13190386003484109
  0.14100408509936810  0.15011021148962098  0.15898064948383608  0.16750717895590830
  0.17725403619343968  0.18797825300174489  0.19861233959190316  0.20861158538232272
  0.21890192827624988  0.23010042632152131  0.24081691328923324  0.25198587983426868
  0.26367360842663806  0.27565451834672883  0.28783777383307718  0.29920130525100563
  0.31053600284198651  0.32172194022734518  0.33313325028285357  0.34443564743797006
  0.35573350777056728  0.36699180930315778  0.37829112651307545  0.38980134538313316
  0.40103978656621453  0.41292332962043948  0.42461850652276423  0.43669710507792653
  0.44792793529548880  0.45908666190120806  0.46865842582238620  0.47932665309874828
  0.49006909306163521  0.50179889473473061  0.51413191367296374  0.52524612794314962
  0.53618611779586511  0.54733350211340648  0.55898119071163643  0.57116235856278907
  0.58321074073338330  0.59483349278273112  0.60609165792905761  0.61719501609781402
  0.62842358286581945  0.63960960141616174  0.65080936472855011  0.66153397744856579
  0.67165624038750071  0.68191847093570346  0.69282214391619756  0.70393969295869019
  0.71494795951929480  0.72588823984055395  0.73716511010986552  0.74868448542711274
  0.75996118924437461  0.77104808515141443  0.78216389893493732  0.79341521550506555
  0.80449010050621506  0.81434027808376697  0.82432375096608479  0.83461373149162310
  0.84628405371025883  0.85829285842059555  0.86960494896016982  0.88141601926193425
  0.89186248430483261  0.90288215180841702  0.91363521682656745  0.92471128060151875
  0.93439146399834561  0.94334280442608365  0.95214461476395951  0.95955669067074700
  0.96900254763656668  0.97833679242647387  0.98866053143284571  1.00000000000000000
 -0.00229676072815969  0.00913506713022998  0.02067689656510973  0.03098861272980278
  0.04079304093268019  0.05083402195833882  0.06142500454079542  0.07269054861746400
  0.08265793443614385  0.09280325426023940  0.10277639532456935  0.11317640744667762
  0.12410960030561788  0.13488252943384355  0.14521559992195338  0.15369364239849231
  0.16120600658033207  0.16850438719663194  0.17576453507664122  0.18355040179357754
  0.19368184998808693  0.20474807076602647  0.21638065063698639  0.22867871167228826
  0.24123079388379376  0.25347898217566250  0.26555794470144523  0.27584007330759713
  0.28466345035006740  0.29328895043816394  0.30254315344315036  0.31387804440483458
  0.32583105372442855  0.33654522520009011  0.34593853592355212  0.35531663456885121
  0.36423729082774775  0.37261991311013526  0.38207424319469019  0.39149917783337251
  0.40130631358121255  0.41199244245292793  0.42224924280380627  0.43197984442982695
  0.44175604057143170  0.45334884937002407  0.46524491470906459  0.47665609180529300
  0.48762220983971188  0.49821831078900414  0.50901698467276124  0.51998340689279687
  0.53057489248176559  0.54168083855067450  0.55386091337222709  0.56692494794564663
  0.57971036127715159  0.59142340720327802  0.60303622577156257  0.61477828769085396
  0.62622766149650233  0.63699730064104654  0.64740477271716823  0.65792761818364509
  0.66895885365350516  0.67939813353206102  0.68958048485998613  0.69996044120170098
  0.71212835629380733  0.72367990999041931  0.73554232883492077  0.74649717240652647
  0.75700323034121642  0.76696398807111688  0.77631019391771294  0.78553727811210150
  0.79454791425135629  0.80371585738871920  0.81410550131937787  0.82573706507706268
  0.83687520085277123  0.84719047557386651  0.85765899100536291  0.86793438783778265
  0.87985485802656183  0.89138466578699471  0.90242482471270902  0.91354551185455024
  0.92411763395933966  0.93431616231842807  0.94457524152606720  0.95517097676939200
  0.96639906996368496  0.97824677088393530  0.98935029372359262  1.00000000000000000
  0.18460723351863983  0.20666838143635533  0.22520203562261612  0.25056250936142788
  0.27974969531205396  0.31649592373167174  0.35422180319988250  0.39964226911039302
  0.44421627046289691  0.48821478791344752  0.52605536941381470  0.55745023618269052
  0.58369541292201010  0.60463979095408737  0.62060404391331137  0.63299554118166423
  0.64246915889962120  0.65028133016559364  0.65662455400813757  0.66221522876560390
  0.66672275480676024  0.67004713509445601  0.67259329573547910  0.67458114170131345
  0.67613492452221713  0.67745353373521899  0.67849244954424648  0.67961038095080795
  0.68071036469042556  0.68175650068074578  0.68296153219821765  0.68413000455574458
  0.68521870941032759  0.68629393401395888  0.68732383629096727  0.68827354442656352
  0.68914406544495943  0.68992341440725469  0.69060148845631730  0.69120282738862560
  0.69179187174066281  0.69237170543693460  0.69293768694150149  0.69349198603822015
  0.69403247474858865  0.69457124150593397  0.69508568868874887  0.69558929346049536
  0.69611240050937506  0.69665827923783752  0.69713483678295629  0.69760961489450857
  0.69798772345119642  0.69840380974837402  0.69883102420267218  0.69932686566941171
  0.69981063986077507  0.70028984432357577  0.70075443433612261  0.70121478366024514
  0.70169753692422399  0.70221273625638858  0.70276763446858137  0.70336034672681902
  0.70398965265200997  0.70464610528676497  0.70533171584736731  0.70605192349088086
  0.70681757749845253  0.70765380408809719  0.70858214843838430  0.70962541113547251
  0.71066182229684671  0.71170670649517764  0.71277517925583833  0.71391088215326304
  0.71514508048861747  0.71651787269981781  0.71804842448587625  0.71977147607900360
  0.72177497100441446  0.72381510044714992  0.72599704092891204  0.72838688309117705
  0.73121016481767831  0.73402392326165700  0.73708276505150894  0.74034101968153432
  0.74438393193277741  0.75023685110675531  0.75820976422771247  0.76904614411883798
  0.78285101848036442  0.80158406115436931  0.83880741191818631  1.00000000000000000
   2.4215204094237865E-009  -1.0000000000000000     
 F F F F F F F F F F F F F F F F F F F F F F F F F F F F F F F F F F F F F F F F F F F F F F F F F F F F F F F F F F F F F F F F
  <DiscreteSampler_grid>
  grouped_processes
  1 # 1 for a reference and 2 for a running grid.
  10 # Attribute 'min_bin_probing_points' of the grid.
  1 # Attribute 'grid_mode' of the grid. 1=='default',2=='initialization'
  0.0000000000000000 # Attribute 'small_contrib_threshold' of the grid.
  0.5000000000000000 # Attribute 'damping_power' of the grid.
 # binID   n_entries weight   weight_sqr   abs_weight
    19   10   4.294382203929216E+004   4.375862788249005E+009   4.294382203929216E+004
    22   10   4.294382203929216E+004   4.375862788249005E+009   4.294382203929216E+004
    25   10   4.294382203929216E+004   4.375862788249005E+009   4.294382203929216E+004
    28   10   4.294382203929216E+004   4.375862788249005E+009   4.294382203929216E+004
  </DiscreteSampler_grid>
