 -0.01276053377401963  0.09469489600631632  0.14706670733254376  0.19109544624805133
  0.22787843386506262  0.26200912156259043  0.29481207601780585  0.32568793090179504
  0.35474682256021273  0.38191022342658415  0.40649878498081571  0.42424884842867988
  0.44053647900620141  0.45861947903681843  0.47778745673633244  0.49542448221850399
  0.51242152030313559  0.52925289831466682  0.54566239446353859  0.56173250236907879
  0.57689207523001951  0.59129966677408186  0.60524639840563477  0.61912401969561692
  0.63285373647888055  0.64588751522586874  0.65840849566575943  0.67076867473390478
  0.68214609684825878  0.69170542399323376  0.70161580888676478  0.71194713373604734
  0.72325349983958920  0.73225420907925298  0.74086279964452029  0.74961779590794297
  0.75839214478933858  0.76694919690261576  0.77564386896022441  0.78428228258811017
  0.79249479446494242  0.80031946179104696  0.80783180543639810  0.81516206736881236
  0.82190486616473346  0.82841491502532594  0.83399313606733261  0.83936822119524934
  0.84498009249096306  0.84997336443081539  0.85476148931846263  0.85937299460602912
  0.86369349197054301  0.86875356777676305  0.87396125878186470  0.87935151960902924
  0.88469585286462249  0.88976872074051494  0.89478709745638063  0.89945856697166027
  0.90371822153584247  0.90796006410731578  0.91231162117642794  0.91658740624559987
  0.92054841254806741  0.92436393823988872  0.92846244946303902  0.93271061502624120
  0.93674131709389652  0.94052873320789976  0.94387226891476972  0.94694450706466970
  0.94949542561831990  0.95179870125467603  0.95397401706341656  0.95608002720800700
  0.95816230198700059  0.96036250921787558  0.96279887572858425  0.96522180890898723
  0.96748591921485227  0.96934103956918560  0.97079925646060095  0.97229713860131817
  0.97378193047747585  0.97502281153102377  0.97628084919823233  0.97765957751610877
  0.97908130675077543  0.98055781836616074  0.98238089038393073  0.98442866011121188
  0.98697259726979436  0.99112780756834262  0.99553341869446055  1.00000000000000000
  0.00000000002456091  0.00000000002770205  0.00000000002988702  0.00000000003178804
  0.00000000003361800  0.00000000003528875  0.00000000003694718  0.00000000003873099
  0.00000000004064661  0.00000000004259571  0.00000000004451208  0.00000000004665377
  0.00000000004887116  0.00000000005113796  0.00000000005363676  0.00000000005607144
  0.00000000005843102  0.00000000006068640  0.00000000006328460  0.00000000006625630
  0.00000000006936790  0.00000000007250163  0.00000000007566380  0.00000000007891930
  0.00000000008256396  0.00000000008647707  0.00000000009053721  0.00000000009458713
  0.00000000009779552  0.00000000010092783  0.00000000010416125  0.00000000010766619
  0.00000000011183741  0.00000000011613387  0.00000000012058222  0.00000000012520728
  0.00000000012982522  0.00000000013426956  0.00000000013872466  0.00000000014348502
  0.00000000014844560  0.00000000015359055  0.00000000015928562  0.00000000016540676
  0.00000000017225350  0.00000000017934987  0.00000000018730197  0.00000000019614070
  0.00000000020566340  0.00000000021624556  0.00000000022753327  0.00000000023926521
  0.00000000025215700  0.00000000026593786  0.00000000027894433  0.00000000029179630
  0.00000000030303987  0.00000000031377492  0.00000000032643327  0.00000000033895440
  0.00000000035630674  0.00000000037673402  0.00000000039789565  0.00000000042033248
  0.00000000044556213  0.00000000047331707  0.00000000049988523  0.00000000052988085
  0.00000000056427252  0.00000000060877377  0.00000000066789050  0.00000000072512646
  0.00000000078805378  0.00000000085518369  0.00000000094151765  0.00000000104575581
  0.00000000116335018  0.00000000129831926  0.00000000150396122  0.00000000172443200
  0.00000000197635286  0.00000000238978406  0.00000000297529255  0.00000000379776341
  0.00000000492032655  0.00000000686847285  0.00000001030546389  0.00000001860352712
  0.00000004046552853  0.00000012307489743  0.00000076228387954  0.00000588432217100
  0.00008976898021733  0.00750518323031098  0.59178047972278724  1.00000000000000000
 -0.00230228241081593  0.00896100677446590  0.02037341116200673  0.03176197505227670
  0.04237130781347579  0.05292836515449373  0.06346787752441635  0.07462577114573993
  0.08576202834308912  0.09639168623932869  0.10675459809793472  0.11718148529060152
  0.12794216272663994  0.13860980622129826  0.14960717816433466  0.16062205196952256
  0.17158045323827251  0.18246859700018606  0.19329505882950485  0.20407916711745344
  0.21492934514293743  0.22615416111460943  0.23675805156953239  0.24739075725309756
  0.25733773775534208  0.26777641414210834  0.27836915733600098  0.28840351881890813
  0.29867797775004090  0.30916067438602551  0.32014325697562979  0.33078324920279872
  0.34123193190238366  0.35211615467002255  0.36380482145978899  0.37559285585066993
  0.38604035032690515  0.39608552895251359  0.40494344354572465  0.41366456464740575
  0.42285598537004160  0.43185756781606055  0.44049137815929357  0.44873277852888094
  0.45720168210236262  0.46683636214380170  0.47735271781744348  0.48816483047198000
  0.49948899933312979  0.51127552217437522  0.52337071965973214  0.53478426399300494
  0.54538501694020969  0.55565814862816498  0.56453408189938792  0.57414776811226931
  0.58419368652439285  0.59566010169299144  0.60765357809207665  0.61891460133822940
  0.63020658364259863  0.64141872326313065  0.65211853659385899  0.66168780448170417
  0.67112627282032622  0.68112936835343330  0.69242013711727957  0.70364471960406627
  0.71406801493006333  0.72392202296872699  0.73357308067106075  0.74351702049210544
  0.75413843638890243  0.76523934923732051  0.77680434244552266  0.78841615940191878
  0.79956280955846648  0.80990807458672953  0.82011128188916449  0.83169172752026899
  0.84351143931377548  0.85430028978673089  0.86412691321688384  0.87387198401705146
  0.88459228166216630  0.89498257039599460  0.90540993841912165  0.91583283588031217
  0.92625871759944545  0.93628338661268729  0.94625108362552368  0.95700503822976202
  0.96824952313521373  0.97888944370487130  0.98970793531864720  1.00000000000000000
 -0.00285351495417616  0.00985144535374957  0.02165051575134282  0.03324250867080249
  0.04475429077523158  0.05632550420246070  0.06825582344382049  0.07885070076523290
  0.08863637353258129  0.09799809997763051  0.10635325058403064  0.11482413867054411
  0.12349170373379827  0.13329500881338049  0.14487951551146583  0.15699401138126784
  0.16859830255285729  0.17970459099106098  0.19055961878187580  0.20145948765582322
  0.21215002351735565  0.22231171904300637  0.23202846445204234  0.24136432752678785
  0.25143188207130862  0.26248424218415317  0.27424862424030377  0.28659517101069165
  0.29898271983874131  0.31140371851992366  0.32356603610897022  0.33518911592499961
  0.34633894337900667  0.35712107025277190  0.36845803306233060  0.37939244082603707
  0.39015194033771150  0.40036174925703227  0.41051707230809287  0.42106904217828089
  0.43132658867084978  0.44126232531286502  0.45082158721920246  0.46013580187983949
  0.46921460841590468  0.47783619118202153  0.48617983724450492  0.49479286347779938
  0.50321513132633888  0.51058948527397252  0.51809854090768259  0.52822839536824007
  0.53990686389586540  0.55151619537966612  0.56271470266437262  0.57288887981162628
  0.58328040527729919  0.59443365199985732  0.60606900970997668  0.61633220715423775
  0.62695581981963200  0.63756199499442978  0.64855275895838960  0.65916729901564208
  0.66995485438927482  0.68132734139221807  0.69188037007939984  0.70119054795213687
  0.71020641623951519  0.72002369604126382  0.73019395771678786  0.73978708762481504
  0.74961612116940135  0.75994537850200949  0.77103598685344732  0.78317952263474921
  0.79538375990740817  0.80699112688342811  0.81719230574292889  0.82712200301289829
  0.83711908050695882  0.84851931649061474  0.85984246822823440  0.87009199397927295
  0.87962792168822157  0.88929539625454357  0.90001549835794625  0.91125890829250089
  0.92272333830154307  0.93433703929815237  0.94554944757754544  0.95675047470241092
  0.96841524339646168  0.97921224618765723  0.99056318250007158  1.00000000000000000
 -0.00210781321214689  0.00880961629735616  0.02011251231121597  0.03039182641878417
  0.04078854849242941  0.05016856481757775  0.05894358947637870  0.06752182895917797
  0.07681796244218576  0.08613804378859127  0.09582677111804318  0.10625775225506820
  0.11751862386585731  0.12966260456646814  0.14133684242262512  0.15245154351714868
  0.16294396417590465  0.17319608602564548  0.18388924194729531  0.19484552473630271
  0.20503232718983722  0.21461374351963070  0.22440436190764809  0.23527700688556225
  0.24718465779353291  0.25940061600864744  0.27153466241995816  0.28365752449551818
  0.29571504753405253  0.30738171390850577  0.31829707487206660  0.32844162540475114
  0.33867747213308080  0.34898118824471425  0.35879717040754938  0.36847649601207960
  0.37789602884397117  0.38794107513065984  0.39856211393745017  0.40938781637591520
  0.42009064386352313  0.43110953995299062  0.44280837574525539  0.45475252815517675
  0.46647915965491327  0.47786335389610712  0.48940219137010449  0.50049198396423478
  0.51086863060489163  0.52142433769561436  0.53265341256705101  0.54461991672344423
  0.55624486801027562  0.56718094618102266  0.57758447329280083  0.58783594878737067
  0.59835404131762515  0.60895875645405340  0.61983471929721512  0.63102171523297979
  0.64240032813583103  0.65370551311282299  0.66474313238218874  0.67571136077355998
  0.68664754384792670  0.69794821100437121  0.70879841594385151  0.71790338513469520
  0.72553737337901469  0.73271489168638015  0.73995115109991794  0.74828942722599379
  0.76073529347516300  0.77111351385797500  0.78083804522608868  0.79073063940071209
  0.80164940427645959  0.81320657048371170  0.82494932801443055  0.83651286802047164
  0.84738688726975797  0.85778483046699250  0.86769270320172420  0.87777134788988953
  0.88842750091733325  0.89932214394333498  0.91026527691011871  0.92041608896060079
  0.92939982337554106  0.93856492376993728  0.94810681662598706  0.95853401287826334
  0.96970955522688762  0.98032174049937881  0.99022445117501756  1.00000000000000000
  0.18576510309884864  0.20299452318697894  0.21937171911191700  0.24462189182545063
  0.28725852079215430  0.33070694353528352  0.37004221329620124  0.41251710350758264
  0.45140662283964461  0.48356237916566325  0.51255520130474919  0.54248533694806667
  0.57072622626656278  0.59338717145146902  0.61108403060622285  0.62504723227331693
  0.63621138067296057  0.64388179270986678  0.64975721567119293  0.65481682397487884
  0.65942470887541027  0.66369257687281602  0.66712355107471866  0.67000923702415249
  0.67273214567099160  0.67521641739204641  0.67743739008122350  0.67936286500013976
  0.68108231132738051  0.68258959589714041  0.68389064666005672  0.68507490979663277
  0.68615422497468925  0.68717180409528711  0.68809912827353914  0.68894926554777114
  0.68978625494804224  0.69054987418886526  0.69128912095316830  0.69193734361584924
  0.69250899443804836  0.69305888317211506  0.69358601263343123  0.69408309363923015
  0.69453841987340570  0.69499344832019361  0.69543789177577586  0.69590273684757087
  0.69636553546420810  0.69686724681833467  0.69738359416722084  0.69790675195511498
  0.69840970337134933  0.69893320615800580  0.69945388421277910  0.69996326041272405
  0.70045660946745358  0.70097005764190135  0.70152316230338962  0.70210796143340226
  0.70267773300053149  0.70324718483703319  0.70381781179800795  0.70439668839934655
  0.70499439732939795  0.70562517485675269  0.70630343910053039  0.70705574424308204
  0.70786436700341338  0.70872606277644101  0.70967326273224507  0.71064945535499058
  0.71165315291275633  0.71272130675410117  0.71372890570031500  0.71478897932567675
  0.71600298692616382  0.71728557205927101  0.71886450438513927  0.72065787530985392
  0.72261938381457202  0.72479197411433072  0.72712328549070260  0.72971835368504157
  0.73257686245441844  0.73600728864256715  0.74025258838351671  0.74506782960649121
  0.75032884655168453  0.75610371243483643  0.76304608641606930  0.77221785426215528
  0.78459081482703430  0.80216402793321784  0.83728140759519842  1.00000000000000000
   2.6252120410712794E-009  -1.0000000000000000     
 F F F F F F F F F F F F F F F F F F F F F F F F F F F F F F F F F F F F F F F F F F F F F F F F F F F F F F F F F F F F F F F F
  <DiscreteSampler_grid>
  grouped_processes
  1 # 1 for a reference and 2 for a running grid.
  10 # Attribute 'min_bin_probing_points' of the grid.
  1 # Attribute 'grid_mode' of the grid. 1=='default',2=='initialization'
  0.0000000000000000 # Attribute 'small_contrib_threshold' of the grid.
  0.5000000000000000 # Attribute 'damping_power' of the grid.
 # binID   n_entries weight   weight_sqr   abs_weight
    19   10   1.870100654791499E+008   3.493379365544263E+017   1.870100654791499E+008
    22   10   1.870100654791499E+008   3.493379365544263E+017   1.870100654791499E+008
    25   10   1.870100654791499E+008   3.493379365544263E+017   1.870100654791499E+008
    28   10   1.870100654791499E+008   3.493379365544263E+017   1.870100654791499E+008
  </DiscreteSampler_grid>
