 -0.00608382212777819  0.02944170615297764  0.05067314875202822  0.06828923843375123
  0.08419892572599090  0.10006609498493024  0.11560456446093112  0.13076213366803158
  0.14538862103153730  0.15897098837118975  0.17215087193953074  0.18481576153713128
  0.19830638182135146  0.21154283450393910  0.22446856984455849  0.23744142721146150
  0.25036154719657561  0.26244485971050446  0.27409712186299789  0.28622188944786692
  0.29848564928778915  0.31089498943474508  0.32315053650488890  0.33516202584554422
  0.34691385730434876  0.35844412429606098  0.36976004168166909  0.38077597833012250
  0.39157452060171050  0.40214650335099067  0.41261046572586441  0.42365811133485165
  0.43520492501340680  0.44647138608428966  0.45759265425778606  0.46972540264483220
  0.48210590384239821  0.49413432535486429  0.50624417942542632  0.51840125008931071
  0.53040690167516857  0.54228944052997896  0.55407274571008014  0.56551623172529430
  0.57654634807536764  0.58768010872189558  0.59890950797710452  0.60996498166876312
  0.62082517610937915  0.63214991731128234  0.64391520550403680  0.65435196964516684
  0.66477892419488616  0.67519519411446238  0.68568615063541172  0.69580799883310629
  0.70601086622744635  0.71599591326853940  0.72583750793721191  0.73598196452468267
  0.74640019076693065  0.75717269046564284  0.76830286341126974  0.78042429259780999
  0.79224171507331775  0.80278737642400577  0.81275540497785337  0.82209592398583098
  0.83124551777826439  0.83973078517836475  0.84796103972309567  0.85600143830587638
  0.86427454307567553  0.87273188186318329  0.88114465065128267  0.88942063358810497
  0.89749938408635355  0.90535002172440326  0.91303812940272377  0.92064528101332188
  0.92824598680433112  0.93562602462658762  0.94258149000634106  0.94921009166433146
  0.95562389841950823  0.96154743211804272  0.96693846586925913  0.97207827783673195
  0.97689800865517773  0.98121417663014043  0.98507449351245258  0.98846585443634383
  0.99140924707093137  0.99384708125589583  0.99570663360844702  1.00000000000000000
  0.00089686434929506  0.00092759824584288  0.00094797255586923  0.00097745162461156
  0.00100603776199749  0.00103348138925190  0.00106019186210462  0.00108626529242077
  0.00111187639763718  0.00113844724565806  0.00116558405347652  0.00119342442100839
  0.00122183917402215  0.00125075997901881  0.00128017061967686  0.00131038336104665
  0.00134158748578291  0.00137353661039254  0.00140583294196792  0.00143865493392815
  0.00147266956218536  0.00150794133279976  0.00154428804811825  0.00158142771728905
  0.00161884764689621  0.00165641778684034  0.00169516501085062  0.00173487187232412
  0.00177648440593955  0.00182137920831404  0.00186889824890060  0.00191831213953264
  0.00196722261820548  0.00201803916467283  0.00207230256822717  0.00212817487615770
  0.00218593600310836  0.00224564049976767  0.00231051683606649  0.00237692387015335
  0.00244449348357673  0.00251416403790340  0.00258664985850753  0.00266098543773000
  0.00273677801207971  0.00282146437619779  0.00291136092891006  0.00300240998339100
  0.00309769661981845  0.00319948577954498  0.00330455928833032  0.00341259552827685
  0.00353710955976014  0.00367005618101113  0.00380300875018007  0.00393950381357415
  0.00407946813969166  0.00422700434973909  0.00438596498197306  0.00455111589574759
  0.00472533411217547  0.00492141976291893  0.00512901171169986  0.00535177088214936
  0.00559270287295781  0.00584611842635665  0.00615194713380278  0.00647735725202956
  0.00680149937477074  0.00713621658156332  0.00749360502420591  0.00787010484745329
  0.00826664066123782  0.00868072592368622  0.00914042212723534  0.00965984970257647
  0.01023133324009743  0.01087940939326275  0.01166557367272783  0.01256607988356172
  0.01353850639400440  0.01474437747471703  0.01608394618599844  0.01757613137569157
  0.01938220256407202  0.02156018863270471  0.02396097181598917  0.02638391931141853
  0.02907539610026243  0.03219751773819152  0.04022814732272498  0.04947201024018569
  0.06073755610794600  0.15440947358527771  0.32090658187745902  1.00000000000000000
 -0.00000758033339505  0.00091460233699811  0.00183678500739127  0.00275896767778443
  0.00474998057055992  0.00680374517519818  0.01081846988542466  0.01736392873890035
  0.02391681430943035  0.02831282208562697  0.03135988739960471  0.03626167270430827
  0.04651077701669885  0.05815663811271048  0.06965430663636042  0.08115480783103105
  0.09271662674032916  0.10440506438222633  0.11617536459879785  0.12771577037444809
  0.13879869808519371  0.14999934003217677  0.16169970682318660  0.17262373372877135
  0.18304663314552630  0.19369202236062494  0.20460906832485989  0.21526293162990423
  0.22580289581747040  0.23730265373048523  0.24925922768406744  0.26054426227938354
  0.27168457568864179  0.28305823216051373  0.29450948239260311  0.30615845897510946
  0.31802550777562028  0.33004150504955054  0.34179021122016540  0.35327370427280247
  0.36453040579958146  0.37575650230306712  0.38715644239367353  0.39860021594075790
  0.40994248153380430  0.42156332831430160  0.43346376053408470  0.44504706045721554
  0.45655841949705744  0.46865439433383882  0.48074482337682706  0.49228585657638241
  0.50399242615849371  0.51613376695626068  0.52692971931373700  0.53710849561776952
  0.54757614330969651  0.55827240264441746  0.56898289350970244  0.57970214604777948
  0.59110351735752464  0.60295108152329613  0.61412237518378232  0.62522097804834653
  0.63662941866562794  0.64820192991226977  0.65994834439738559  0.67144027783464022
  0.68248689177672672  0.69312818774860119  0.70340227166039793  0.71376351691341655
  0.72411386495470087  0.73527083272061378  0.74653279931598038  0.75931210853883879
  0.77189321909748299  0.78301780815373490  0.79406480928762635  0.80516095659132980
  0.81628966348925891  0.82727631806952784  0.83820289425063299  0.84912179995237347
  0.86032948546166244  0.87170594332493545  0.88341782767558674  0.89523465614314146
  0.90893057099243502  0.92389896131084503  0.93879971740799195  0.95125282499500041
  0.96364918080732642  0.97646650865415341  0.98819506512036726  1.00000000000000000
 -0.00245306496387789  0.00955559956167292  0.01980681789446857  0.03026310682184041
  0.04099401457470714  0.05057926149937698  0.06025889020628259  0.07004486229752716
  0.07987339337368402  0.08947767602825228  0.09874195710977708  0.10854660585047282
  0.11963631921143127  0.13063796871929134  0.14094209835033589  0.15042816451614335
  0.15982455048809327  0.16947845197119152  0.17985414969741295  0.19036216990275798
  0.20119945388523533  0.21220894637922533  0.22371034443625110  0.23452320449036326
  0.24472676065139801  0.25503129912527833  0.26548911452720220  0.27601284392953584
  0.28639675853418545  0.29705802063423692  0.30815069305091936  0.31895647531456106
  0.32931890497531208  0.33992947571202237  0.35058905260881446  0.36093484321964553
  0.37106061947684704  0.38130614808037844  0.39157153121876770  0.40197049754778508
  0.41238354771482799  0.42296030649975208  0.43367268804068781  0.44488086477704603
  0.45623081214052169  0.46683432716701789  0.47726048168667484  0.48894489028314825
  0.50109998692491320  0.51249890225111838  0.52380013388367386  0.53508987951433129
  0.54631914854714769  0.55729594742793220  0.56824643667305130  0.57910652687077024
  0.58963976910331306  0.59988075439880051  0.60979079886366849  0.61944423595160825
  0.62919923498528940  0.63887461136241663  0.64892472391343581  0.65953135648953487
  0.66947679832093121  0.67877031423354672  0.68817766293202476  0.69761159410399343
  0.70696284813035082  0.71606741109783789  0.72511780665557046  0.73466184712613281
  0.74470097429671922  0.75476456005784875  0.76486923391572414  0.77517526883810228
  0.78592902816411070  0.79733299100305643  0.80969240316791147  0.82328800217485165
  0.83753044533771337  0.85049522306350378  0.86211302965306436  0.87325232194157087
  0.88300269988835833  0.89291653238065050  0.90293388992768087  0.91297049477019188
  0.92302846066834310  0.93324064020467457  0.94432251016830115  0.95670574150168397
  0.96746102009136692  0.97792372412050299  0.98897589861373381  1.00000000000000000
 -0.00235656962803907  0.00953106366008314  0.01932938670408757  0.02967779092262841
  0.04008310901742017  0.05042579113095974  0.06058068004572077  0.07135063400407886
  0.08216125302905533  0.09331623504017261  0.10385350604199152  0.11779185923262812
  0.13020640364616029  0.14215492615915035  0.15383247401458572  0.16537179653682854
  0.17695432895440269  0.18818941623100588  0.19892209107693437  0.20950816015453472
  0.22018987092123485  0.23049903499339791  0.24019906172548616  0.25009798452700860
  0.26061392009674678  0.27130126121670450  0.28193176311007212  0.29282281114423375
  0.30412624476993089  0.31542032728571945  0.32661505149659453  0.33771418195251174
  0.34853802680768797  0.35903654694531417  0.36936436476483075  0.37972225024547418
  0.39015422549994949  0.40068727010883393  0.41133872777839203  0.42208305504765364
  0.43296652712070549  0.44410249358945947  0.45534612627164794  0.46630856536205911
  0.47696594113250573  0.48728567085724522  0.49724955525404407  0.50674637071676443
  0.51587024960119210  0.52517114349068639  0.53437006673319842  0.54391447735653564
  0.55376337637992878  0.56454866689846550  0.57616969911489324  0.58725386234749333
  0.59743226406282257  0.60739856043249063  0.61739440328440309  0.62774533532970200
  0.63828797366235335  0.64916763233564090  0.66052325577607107  0.67202413163274766
  0.68347384072890560  0.69487121551076181  0.70604700326939496  0.71678526129955855
  0.72722554735625700  0.73764282456638741  0.74794760703509144  0.75785492768199880
  0.76765961272982131  0.77785597827423825  0.78844062497392697  0.79925545238318385
  0.80999054426730333  0.82052795008646118  0.83103131427871368  0.84138748548329390
  0.85203527599400397  0.86217273791029292  0.87181145135556903  0.88157643042346778
  0.89127899538178335  0.90077989813184556  0.91011412582376461  0.91955797251832350
  0.92906576323803525  0.93863396001009247  0.94842276550473670  0.95819179704821766
  0.96828954405572676  0.97799897373335742  0.98896806820292871  1.00000000000000000
  0.99972514956391723  0.99972854646727638  0.99973138410709406  0.99973419474344161
  0.99973698974393199  0.99973975878510601  0.99974250574003343  0.99974524535569753
  0.99974797637479995  0.99975069127644167  0.99975339593867274  0.99975611230814865
  0.99975883955807010  0.99976157060605197  0.99976429680039303  0.99976702322165145
  0.99976974162684829  0.99977244667827470  0.99977514179792171  0.99977784187779162
  0.99978054208068223  0.99978322289135269  0.99978587595406687  0.99978851426633653
  0.99979115525473394  0.99979380313873334  0.99979644315932625  0.99979907052723704
  0.99980169354384574  0.99980431630900368  0.99980693623377115  0.99980955348909117
  0.99981216075188883  0.99981493540144672  0.99981777465311006  0.99982054479607074
  0.99982329824917859  0.99982605466018082  0.99982886043581554  0.99983165774516847
  0.99983444817569989  0.99983723535454572  0.99984004032882345  0.99984284802942935
  0.99984565192601382  0.99984842712496580  0.99985120045671405  0.99985397487651906
  0.99985675512116923  0.99985953475036515  0.99986230438667600  0.99986507206475650
  0.99986783284418057  0.99987059959434421  0.99987336672474370  0.99987613160524591
  0.99987889857800039  0.99988166495782926  0.99988444128348264  0.99988722247786410
  0.99988999355512420  0.99989276431491014  0.99989553891023297  0.99989831905931736
  0.99990112048189650  0.99990392376766246  0.99990673532107455  0.99990956697382172
  0.99991239003503396  0.99991521186530163  0.99991802751955383  0.99992086175614625
  0.99992371938725122  0.99992659551808083  0.99992947370782681  0.99993235186069374
  0.99993524201274198  0.99993815331461455  0.99994108006769955  0.99994401918480114
  0.99994697640494556  0.99994995826389488  0.99995296280117041  0.99995598353382853
  0.99995903758302007  0.99996214299642372  0.99996530888907376  0.99996853283682896
  0.99997181487730014  0.99997515585990537  0.99997858320531252  0.99998214306561772
  0.99998589808962557  0.99998990189279147  0.99999439813235702  1.00000000000000000
   8.7001089404760412E-005  -1.0000000000000000     
 F F F F F F F F F F F F F F F F F F F F F F F F F F F F F F F F F F F F F F F F F F F F F F F F F F F F F F F F F F F F F F F F
  <DiscreteSampler_grid>
  grouped_processes
  1 # 1 for a reference and 2 for a running grid.
  10 # Attribute 'min_bin_probing_points' of the grid.
  1 # Attribute 'grid_mode' of the grid. 1=='default',2=='initialization'
  0.0000000000000000 # Attribute 'small_contrib_threshold' of the grid.
  0.5000000000000000 # Attribute 'damping_power' of the grid.
 # binID   n_entries weight   weight_sqr   abs_weight
    19   10   7.119449414330837E+006   1.658255736452929E+014   7.119449414330837E+006
    22   10   7.119449414330837E+006   1.658255736452929E+014   7.119449414330837E+006
    25   10   7.119449414330837E+006   1.658255736452929E+014   7.119449414330837E+006
    28   10   7.119449414330837E+006   1.658255736452929E+014   7.119449414330837E+006
  </DiscreteSampler_grid>
