 -0.00995457897712842  0.08796279080472438  0.14120631443686477  0.18363454262711343
  0.21995433057687003  0.25322295842847675  0.28148720248448289  0.30912796672800363
  0.33336310194560193  0.35497295672325074  0.37576517923494235  0.39523929940536889
  0.41363017020627318  0.43206428396224261  0.45128652434606270  0.47014579884979019
  0.48722875851510622  0.50276420604866678  0.51828396988786551  0.53388792793900630
  0.54903609149247434  0.56440290281648242  0.57988558384418831  0.59483067189648808
  0.60840530611382571  0.62147119226243441  0.63393533512539013  0.64601532250644844
  0.65793547576229605  0.66975164731732273  0.68124658335555688  0.69166217398622543
  0.70184469209967582  0.71148581473277772  0.72125405426718614  0.73075625534519739
  0.74039206255533685  0.74945841474773889  0.75779192483834201  0.76604073928995431
  0.77532439433361411  0.78356225977369032  0.79121957587019009  0.79868178773470988
  0.80677697386524427  0.81507848289313944  0.82357546717203345  0.83085312818498758
  0.83655197050632435  0.84222071045531621  0.84768805316283158  0.85327498593742090
  0.85920955051979409  0.86532117106954631  0.87059862778465491  0.87535023340401663
  0.87996214730573430  0.88491994347076119  0.89041099456330608  0.89586292128043943
  0.90081580307645792  0.90535701737641661  0.90975655661885690  0.91428359266127102
  0.91906535905676578  0.92385676387942606  0.92861948760417434  0.93304382124298324
  0.93669502912863245  0.93949821822312496  0.94205723834399857  0.94464266957558229
  0.94726938948140038  0.94986894288205725  0.95244168987128086  0.95489513898764533
  0.95755064665521883  0.96044301700398349  0.96372103843113477  0.96676049714924484
  0.96946115115902620  0.97151527838664109  0.97328694895648127  0.97500383141588520
  0.97658380323967597  0.97835769007385631  0.98021064352242404  0.98205624052729490
  0.98391273394435785  0.98561852565480412  0.98736266134426975  0.98926171811816666
  0.99133438942368635  0.99335958405213376  0.99507551941016725  1.00000000000000000
  0.00000000029734526  0.00000000031087929  0.00000000032051079  0.00000000032820048
  0.00000000033558396  0.00000000034181585  0.00000000034931189  0.00000000035805470
  0.00000000036707502  0.00000000037632501  0.00000000038620990  0.00000000039621710
  0.00000000040617685  0.00000000041751891  0.00000000042772755  0.00000000043753905
  0.00000000044811543  0.00000000045886411  0.00000000046989790  0.00000000048252032
  0.00000000049613092  0.00000000051015134  0.00000000052453669  0.00000000053971147
  0.00000000055437256  0.00000000056963583  0.00000000058592090  0.00000000060342572
  0.00000000062429483  0.00000000064504576  0.00000000066301507  0.00000000067773173
  0.00000000069304960  0.00000000070842119  0.00000000072485267  0.00000000074524116
  0.00000000076564354  0.00000000078588865  0.00000000080468766  0.00000000082233128
  0.00000000084052210  0.00000000085974694  0.00000000088224186  0.00000000091445719
  0.00000000094800382  0.00000000098493523  0.00000000102571953  0.00000000106798470
  0.00000000111650924  0.00000000117638010  0.00000000124250056  0.00000000129964588
  0.00000000134300062  0.00000000138419902  0.00000000143002519  0.00000000147798677
  0.00000000153022496  0.00000000159506548  0.00000000168028951  0.00000000176735793
  0.00000000185500200  0.00000000195298849  0.00000000205748366  0.00000000217398433
  0.00000000230419495  0.00000000242408523  0.00000000261594395  0.00000000281803222
  0.00000000304617200  0.00000000329848052  0.00000000358344909  0.00000000392961465
  0.00000000433598862  0.00000000487117618  0.00000000555651371  0.00000000635637082
  0.00000000733352166  0.00000000853183410  0.00000000996179614  0.00000001187205145
  0.00000001449939443  0.00000001803857438  0.00000002395605215  0.00000003496270864
  0.00000005231575311  0.00000010190750002  0.00000023790898152  0.00000060241869187
  0.00000169661587985  0.00000563536490560  0.00001845972489839  0.00007937508692780
  0.00039816297418928  0.00712217749682671  0.32476699449685775  1.00000000000000000
 -0.00247341847076302  0.01030380685262929  0.01889644149717024  0.02829690674687516
  0.03771632016391716  0.04831154830290444  0.06000033629336187  0.07130546934102669
  0.08207889612881603  0.09247840669692005  0.10266689466500736  0.11248007188880979
  0.12204991246218901  0.13131584581758068  0.14022987129790002  0.14921555421981736
  0.15823638182257305  0.16785875498007513  0.17789515743017870  0.18789941291708900
  0.19752726587256061  0.20722062794917495  0.21720561153252413  0.22675297736451738
  0.23565365803854943  0.24522289043289630  0.25566015309229539  0.26678023965177433
  0.27786607431522098  0.28830638623614524  0.29871211423986138  0.30949170261009190
  0.32039712027889466  0.33115067656443808  0.34195856787319440  0.35316174695260261
  0.36413177989426604  0.37478986584937179  0.38567750206239271  0.39595602483731118
  0.40573947044008357  0.41582077182839722  0.42592678033566861  0.43594020287338403
  0.44600547859760148  0.45673517278775128  0.46801133066473682  0.47930727898092290
  0.49040692001602282  0.50166463117276416  0.51326915808951890  0.52397103628961827
  0.53442573376024527  0.54498842641612832  0.55604722836720177  0.56755638827298649
  0.57904050871820245  0.59053788733784685  0.60188192448652689  0.61312675388179516
  0.62453035412111801  0.63597253870840997  0.64803156791506200  0.66010744233241236
  0.67187950622165482  0.68270277392337064  0.69212918526883582  0.70215955919053541
  0.71215076670950395  0.72283991508164591  0.73399283811363603  0.74516298935706005
  0.75623563126318183  0.76761168462603591  0.77924478677735887  0.79088818009786477
  0.80257918188779154  0.81402373876144296  0.82522488999823784  0.83685378884728068
  0.84852721776401441  0.86013540991268334  0.87132346628805946  0.88169079834768171
  0.89176018592836626  0.90185890230876886  0.91176202337072021  0.92138425718136230
  0.93075540829471859  0.93979036251500736  0.94883129138761046  0.95927378282881615
  0.96977971150376918  0.97978745381083077  0.98942834598549512  1.00000000000000000
 -0.00228146248421159  0.00707211728110787  0.01679941204295371  0.02708003781765042
  0.03828438683085506  0.04975930183002201  0.06080242084729573  0.07140977318295506
  0.08187014120822550  0.09282633645132882  0.10432512843098275  0.11603804742350449
  0.12733628203833677  0.13805964304063831  0.14857085845468984  0.15933339439759209
  0.17017595533074195  0.18114732921579718  0.19268306828004111  0.20464923711189881
  0.21610297668014986  0.22624360224627071  0.23598991389852950  0.24664465341872488
  0.25781633433457812  0.26741633228027262  0.27635809966250680  0.28473935445811827
  0.29463066409564648  0.30533105125138854  0.31646728135039004  0.32751140562156567
  0.33835890421807924  0.34923865048733138  0.36027379624704975  0.37095906283856350
  0.38097466096554095  0.39065546748214519  0.40052418545142082  0.41069298520416436
  0.42102001655742899  0.43140697030464792  0.44104902573076465  0.44987354636239824
  0.45909044871781368  0.46953600420999397  0.48065837106018711  0.49180957193930114
  0.50273297149123808  0.51383756649959123  0.52507655516593699  0.53687602385337296
  0.54883477301141659  0.56070974235959914  0.57214042331389181  0.58310549340604789
  0.59376699540140909  0.60391299967269418  0.61391615901711294  0.62420716594096781
  0.63514590967174034  0.64658715815769230  0.65786319512909386  0.66811337291119788
  0.67809045475856033  0.68688081744083307  0.69601951272949081  0.70599266862585353
  0.71682484090203913  0.72722827208392760  0.73790601570833236  0.74889628825525612
  0.76043886372987912  0.77123765948627732  0.78081041453970601  0.79064554274497012
  0.79894711603437896  0.80751760115012261  0.81658308644103050  0.82552926310514640
  0.83762063732456393  0.84840375449501937  0.85915132040866538  0.86880596719433878
  0.87895501196399461  0.88871161916163910  0.89922187095502404  0.90965493708481260
  0.92058903260929081  0.93213072134226937  0.94482160918727687  0.95629796215789808
  0.96690193625991816  0.97795954987054534  0.98779063440423187  1.00000000000000000
 -0.00227078828088147  0.00913623895672010  0.01954350613833969  0.03022673457168982
  0.04183445152558420  0.05419502382087205  0.06652034199245578  0.07797250246940651
  0.08784084484058784  0.09700695651574501  0.10613824703444111  0.11586895277259719
  0.12626430389891161  0.13692944472493837  0.14835387361136981  0.15923574013177250
  0.17010323803382216  0.18084573430669437  0.19216133742966007  0.20387188442833612
  0.21509689034788199  0.22606571955604565  0.23679453721935431  0.24766079878629210
  0.25791971862465601  0.26849724949371606  0.27910418849157403  0.28981791658312517
  0.30023410346498036  0.31038157088817764  0.32095680584119479  0.33135274700723882
  0.34182608305884155  0.35247740171754732  0.36257266541797384  0.37252397403694387
  0.38267974678646399  0.39268047569354303  0.40308632426207541  0.41453264411612400
  0.42621647000886081  0.43749998405119828  0.44851651961980232  0.45909299234711343
  0.46943135643295847  0.48062019430479480  0.49096824914738058  0.49958418558079282
  0.50885240372399987  0.51860245933395555  0.52891718532474885  0.54024014548139554
  0.55120956246843300  0.56127970413267891  0.57169104393287329  0.58306525794401487
  0.59467737342054827  0.60558619715715811  0.61571037410546481  0.62545585218591970
  0.63535131324104721  0.64568740633822597  0.65629558857599413  0.66702480023266864
  0.67707308264677979  0.68702003441438775  0.69751061935519343  0.70779630848331465
  0.71827910649832871  0.72850297088791427  0.73885138796048400  0.74930751539952067
  0.76004316593821075  0.77123839909840064  0.78328570246105100  0.79556052906161967
  0.80740325229866627  0.81849583528945569  0.82896718926123514  0.83924035927033325
  0.84942291095730504  0.85910475870947167  0.86866097945850629  0.87860082814887108
  0.88970551354843364  0.90156738032773820  0.91333821518248326  0.92415321828067654
  0.93358493678413823  0.94255279632469446  0.95203981611188737  0.96221679895441048
  0.97248582478967627  0.98219975192277575  0.99147661802883658  1.00000000000000000
  0.18745535337933467  0.20263863528381082  0.21443063432513013  0.23374280852179039
  0.26794880512883618  0.30885294949150616  0.36030468775853536  0.41598158764965676
  0.46195707603227643  0.49468402534086892  0.52717333735257887  0.55895461465182816
  0.58585751235608130  0.60326350754992097  0.61333653334146987  0.62085323984702645
  0.62844483071778823  0.63723103966296357  0.64540981042281309  0.65149963765994823
  0.65628686222064281  0.66050234131989838  0.66427750044519918  0.66796810039783283
  0.67130170791106070  0.67415654835708283  0.67654250205451838  0.67844195420705755
  0.68003063166020639  0.68149732413689457  0.68286653656912299  0.68414995467869932
  0.68529519952735884  0.68629789841020727  0.68725259708625108  0.68819897696357468
  0.68909761519054513  0.68991002625439213  0.69063197605826221  0.69127813540029670
  0.69188197822278541  0.69246727465743851  0.69304896815083783  0.69362747639012734
  0.69418768795582331  0.69473921898667612  0.69529580253496437  0.69584872307100765
  0.69639017467539788  0.69691882841318586  0.69742567539044198  0.69791547129559650
  0.69841727489403804  0.69893584933764641  0.69947254240622414  0.70001402822553749
  0.70053969315405695  0.70104922260090108  0.70155627647431940  0.70208924486226798
  0.70265648950313409  0.70325199047406362  0.70386497762117428  0.70447779316288639
  0.70513625603114827  0.70583692400132048  0.70658277430896377  0.70736369524442644
  0.70816028302855794  0.70898131931456354  0.70988517336273582  0.71091616147443804
  0.71198030984100347  0.71302338069782945  0.71413123987264537  0.71528848745611506
  0.71662707955684701  0.71806001287108068  0.71960159214329966  0.72130547498458730
  0.72323984949365638  0.72540663085907986  0.72782279729955879  0.73066161091313253
  0.73398244026792325  0.73763600903808324  0.74153294276478654  0.74578755194194646
  0.75075999253988979  0.75720196778980731  0.76514287504896361  0.77498508029071156
  0.78793879997452621  0.80603618609711114  0.84253190682128631  1.00000000000000000
   2.3231269320860579E-009  -1.0000000000000000     
 F F F F F F F F F F F F F F F F F F F F F F F F F F F F F F F F F F F F F F F F F F F F F F F F F F F F F F F F F F F F F F F F
  <DiscreteSampler_grid>
  grouped_processes
  1 # 1 for a reference and 2 for a running grid.
  10 # Attribute 'min_bin_probing_points' of the grid.
  1 # Attribute 'grid_mode' of the grid. 1=='default',2=='initialization'
  0.0000000000000000 # Attribute 'small_contrib_threshold' of the grid.
  0.5000000000000000 # Attribute 'damping_power' of the grid.
 # binID   n_entries weight   weight_sqr   abs_weight
    19   10   2.810102338387556E+005   4.187406537694952E+011   2.810102338387556E+005
    22   10   2.810102338387556E+005   4.187406537694952E+011   2.810102338387556E+005
    25   10   2.810102338387556E+005   4.187406537694952E+011   2.810102338387556E+005
    28   10   2.810102338387556E+005   4.187406537694952E+011   2.810102338387556E+005
  </DiscreteSampler_grid>
