 -0.01289052867688069  0.09733793269970045  0.14946735412442999  0.18978848304880203
  0.22668760208520636  0.25575622080322202  0.27842702955025639  0.30296049038798090
  0.33004370964081636  0.35202932350675181  0.37094718455436415  0.39100817323552844
  0.41255305179592677  0.43241682014511729  0.44906727316812206  0.46526798102752176
  0.48134231176309683  0.49609318638677607  0.51145910636798797  0.52825301502022959
  0.54516688147786641  0.56162757409986330  0.57778296891267544  0.59097499212293103
  0.60264927492831377  0.61331071626518430  0.62633183827172134  0.63944400006821489
  0.65177323745371940  0.66407509304130141  0.67638624232750733  0.68737504547346284
  0.69659340730799224  0.70542836183148316  0.71448239286729676  0.72404287213865504
  0.73362730436703638  0.74274946567789579  0.75163344298393209  0.76037121120861328
  0.76891746767817404  0.77713254044651237  0.78512577525608918  0.79345468748437664
  0.80197840317577207  0.81016648398928570  0.81833427802648850  0.82655130433513802
  0.83446973313212591  0.84107001462467545  0.84712420281461509  0.85328801646017360
  0.85942725308249657  0.86542895589697066  0.87167679037223533  0.87784345256206575
  0.88347026467277745  0.88825865989483177  0.89288673614370684  0.89750217178154756
  0.90205887733227730  0.90682671326860087  0.91130029378282429  0.91547907241279958
  0.91953268003265698  0.92333433202362680  0.92715313352542739  0.93091515245514500
  0.93440018766908806  0.93755284080278012  0.94054039799265776  0.94367066798134969
  0.94705473259608075  0.95052819299518743  0.95421550774879038  0.95691435322983986
  0.95908786301313109  0.96120998474966191  0.96337853680583740  0.96561590084480498
  0.96752740009033034  0.96987710156693585  0.97214009014538760  0.97402239505327770
  0.97565620411973342  0.97737416195001237  0.97897278316989522  0.98059819085434530
  0.98238605581749638  0.98397304425101162  0.98567614549952476  0.98748178464014424
  0.98939730462374031  0.99180037042707003  0.99555867429156142  1.00000000000000000
  0.00000000000838505  0.00000000000999538  0.00000000001160570  0.00000000001320432
  0.00000000001482067  0.00000000001680052  0.00000000001890240  0.00000000002107875
  0.00000000002311923  0.00000000002508369  0.00000000002699726  0.00000000002891925
  0.00000000003094044  0.00000000003315270  0.00000000003541426  0.00000000003772858
  0.00000000004011946  0.00000000004288644  0.00000000004529088  0.00000000004746109
  0.00000000004965652  0.00000000005187282  0.00000000005408577  0.00000000005629439
  0.00000000005901393  0.00000000006235996  0.00000000006519891  0.00000000006800969
  0.00000000007080722  0.00000000007334639  0.00000000007614450  0.00000000007937887
  0.00000000008310496  0.00000000008655449  0.00000000009026225  0.00000000009417431
  0.00000000009828214  0.00000000010309568  0.00000000010871152  0.00000000011469261
  0.00000000012140699  0.00000000012921282  0.00000000013796981  0.00000000014684430
  0.00000000015639912  0.00000000016688546  0.00000000017799598  0.00000000018897901
  0.00000000019940483  0.00000000021029873  0.00000000022212351  0.00000000023552963
  0.00000000025118084  0.00000000026863405  0.00000000028912542  0.00000000031304703
  0.00000000033862353  0.00000000036603233  0.00000000039357745  0.00000000041847126
  0.00000000044401431  0.00000000047039086  0.00000000050257997  0.00000000054175833
  0.00000000058323445  0.00000000062928085  0.00000000067576182  0.00000000072141613
  0.00000000080129210  0.00000000089098655  0.00000000099315994  0.00000000109722201
  0.00000000121559641  0.00000000135374964  0.00000000153703037  0.00000000179063926
  0.00000000212945719  0.00000000252485472  0.00000000297708663  0.00000000352920895
  0.00000000427947845  0.00000000529461738  0.00000000707803882  0.00000000960696145
  0.00000001374094047  0.00000002084820868  0.00000003681587512  0.00000008965212072
  0.00000030330774373  0.00000132390386138  0.00000610189515645  0.00003425299464863
  0.00026113501785561  0.00950504038020767  0.57265289493701321  1.00000000000000000
 -0.00247823876311756  0.00935490680356762  0.01995276165334417  0.03031714455102345
  0.04076245154961036  0.05125483553545741  0.06295109437430471  0.07516388428473776
  0.08706439295755011  0.09865075990138007  0.11005084483019154  0.12020919161364958
  0.13028490414923027  0.14011555344069887  0.15059646509259980  0.16117433017184393
  0.17162569389910665  0.18214126259987043  0.19346208894291242  0.20451558487149671
  0.21519602775804869  0.22508997419392732  0.23549223475673489  0.24574631707169939
  0.25506318052951865  0.26351832659799607  0.27104130474772792  0.28034261494222401
  0.29117968224749990  0.30291080780343338  0.31526023150759369  0.32606010602070001
  0.33659071183690953  0.34720967449152496  0.35716014253452549  0.36648475359946181
  0.37580377846147306  0.38535672887314915  0.39599442834077409  0.40706659281339064
  0.41814817068239457  0.42818219895154008  0.43728359035359388  0.44671826929200104
  0.45716110347509276  0.46871501419412759  0.47990863363101638  0.49166367290097601
  0.50411306871324235  0.51679308086572862  0.52797607490878506  0.53856470856909466
  0.54902650268163511  0.55941474102348487  0.57035632256884050  0.58169280809607082
  0.59309748659779571  0.60464064543042606  0.61600953155084259  0.62697661469418653
  0.63747073473150373  0.64745258939190797  0.65730719241688385  0.66742776333077258
  0.67816249031987719  0.68951982218451724  0.70119865032473294  0.71247788029762171
  0.72323952040601347  0.73384884579989207  0.74544984113631418  0.75726749107348268
  0.76792826099628009  0.77764569368057357  0.78698749574627258  0.79648591620255726
  0.80651298589407483  0.81734125719501449  0.82877741324606680  0.84011816943852857
  0.85074993209389649  0.86103141946824491  0.87108028341021138  0.88147694816295208
  0.89127970172222892  0.89965017011187143  0.90770168689722364  0.91552866148377798
  0.92466709415584880  0.93457298374247888  0.94583150577429898  0.95709081129832696
  0.96814709018091738  0.97899331576941295  0.98971533103271703  1.00000000000000000
 -0.00142671793893175  0.00618832911619117  0.01541223966265417  0.02494937238859519
  0.03497676622216167  0.04474101689115472  0.05412884983761119  0.06355797752603451
  0.07337406562239854  0.08373430262335391  0.09341798018799706  0.10310346680306615
  0.11337127360332039  0.12488502695804006  0.13662190130377652  0.14675228837726248
  0.15517584552887942  0.16329200020398538  0.17278447460720939  0.18392263202801790
  0.19522537544210500  0.20617818455467343  0.21710144874384379  0.22843617292682133
  0.24018870715593027  0.25207142746222827  0.26361623986788052  0.27479805690161130
  0.28594361264585355  0.29709437372733116  0.30833128395093157  0.31933583927036036
  0.33004340084716993  0.34015945266750114  0.35029424322823810  0.36078238987128636
  0.37191683739609960  0.38371319112371488  0.39504880784837604  0.40591008768128667
  0.41686498919981690  0.42726962037638927  0.43732732343172992  0.44715990250395038
  0.45730553943471675  0.46891947674126239  0.47967941745109594  0.48972786083607228
  0.49999328587097580  0.51054601008593792  0.52118035508503346  0.53113829562304038
  0.54118503148198494  0.55142463914186857  0.56202518426086456  0.57289357647490458
  0.58378288500878550  0.59524766179733812  0.60501752034039635  0.61454163121374261
  0.62385928822324499  0.63363380393179169  0.64369786506753590  0.65350509288432912
  0.66369587981909350  0.67413224496135449  0.68462586039555673  0.69523483433065925
  0.70743632715069193  0.71968850064131240  0.73102464017805668  0.74198698403655405
  0.75327419763285652  0.76525221997343007  0.77743792952592672  0.78907273609231710
  0.80074552420439027  0.81198264429256295  0.82281018540546602  0.83339172150540752
  0.84415602535953393  0.85508799401143509  0.86637533768182129  0.87711235770999918
  0.88631016656245476  0.89484402269525820  0.90307923205408247  0.91302759129883337
  0.92448496514300582  0.93640954895059925  0.94781780717358488  0.95810173958340827
  0.96773035682562103  0.97812068662653340  0.98890615511285551  1.00000000000000000
 -0.00265601919546419  0.00927567106596979  0.02131203990553501  0.02940632372060267
  0.03732062342151684  0.04509040336008146  0.05436471645371153  0.06612092114117364
  0.07766602102431061  0.08837194435900264  0.09835550047039819  0.10841613345474033
  0.11923456310631225  0.13082939984190500  0.14294636320722093  0.15469073605075517
  0.16641853243237817  0.17769633225839671  0.18798737770909901  0.19778262089394721
  0.20765543402426323  0.21846931812484485  0.23022979204743771  0.24212964027132078
  0.25409346625036316  0.26632446048707675  0.27885899873691444  0.29061467680902792
  0.30173715395842843  0.31261175466070873  0.32321667011509198  0.33385544323718941
  0.34449549911053018  0.35553245425164348  0.36557254869723343  0.37570225123778617
  0.38616675251015770  0.39737152534773418  0.40917834284975579  0.42090794604624360
  0.43203184392287375  0.44291770904749894  0.45299043803897598  0.46297104430519714
  0.47349126768008487  0.48468735811194386  0.49606491777824036  0.50633649425915483
  0.51582315498683173  0.52501598695661955  0.53497279256140573  0.54580196795243063
  0.55659052171722234  0.56729888106633630  0.57764910678686798  0.58779940472166758
  0.59803545327775409  0.60762769360586877  0.61772720638935452  0.62858354283108619
  0.63956266942371887  0.65035063026624651  0.66110351840818871  0.67251328295860147
  0.68405063306777414  0.69521588450785232  0.70605531308084046  0.71629617091719522
  0.72586615990880354  0.73475169058143253  0.74356669302593958  0.75275143119100818
  0.76299967498422450  0.77330216958078679  0.78405340471820917  0.79556883511548293
  0.80692673298638051  0.81806505982065891  0.82919692913260046  0.84030175929090367
  0.84989528655617208  0.85944377080732448  0.86895225668315645  0.87716838419982956
  0.88492402244192847  0.89283953823284379  0.90141269994779671  0.91190803879352578
  0.92213182334904764  0.93302744428989981  0.94486753242358246  0.95663250936691469
  0.96755919192720108  0.97842792005915302  0.98863892684692467  1.00000000000000000
  0.18831024487487033  0.19196894999310052  0.19650323544479006  0.20248878782118765
  0.21821667619194260  0.24459155105033165  0.28407263299965468  0.33273957903297119
  0.38134390055249212  0.42361563776870487  0.46228837178534365  0.49714236728679545
  0.53298937958550230  0.56538498020902894  0.58920627409046045  0.60949786063193434
  0.62448658845045457  0.63569348579454599  0.64467484411656895  0.65207436408112618
  0.65813850349526681  0.66282917895621318  0.66654897801177382  0.66965578464310260
  0.67232473573937590  0.67462234318506586  0.67653836590067296  0.67820208141967742
  0.67975974554657392  0.68131726264608006  0.68273770412011270  0.68404212245940843
  0.68522640572921389  0.68624527396560386  0.68703243912453293  0.68775400818582122
  0.68843221437186375  0.68914687849267575  0.68993879322108265  0.69071589626657837
  0.69141256957256114  0.69201659760907863  0.69256906679181174  0.69311098326593590
  0.69366920541354982  0.69423064876565799  0.69476928383399628  0.69525525718663950
  0.69569855865740560  0.69612942507938724  0.69657182723214317  0.69706409566767435
  0.69756244026838454  0.69810060227559079  0.69866879813091110  0.69920608109644489
  0.69966183567926110  0.70011852652134521  0.70058175533518041  0.70105906954002950
  0.70161775749842126  0.70220699446127099  0.70281422514861969  0.70338053670940359
  0.70392394348481524  0.70449675527269828  0.70511543269581822  0.70579323182181097
  0.70650149320680100  0.70727573451905890  0.70812615034980753  0.70902414204261799
  0.71001655904212935  0.71111153545572503  0.71227768920128920  0.71348393398868792
  0.71472419877430615  0.71606439839227842  0.71760150595826344  0.71929278704308353
  0.72108616556410443  0.72306464348318944  0.72521674025440797  0.72769498077190953
  0.73053244798098127  0.73373181051252401  0.73740854147090951  0.74179057749905830
  0.74710839550719865  0.75369183144689811  0.76133087567768531  0.77074109041836292
  0.78304596976424989  0.80112625175041485  0.83664686817947886  1.00000000000000000
   2.5421848381333256E-009  -1.0000000000000000     
 F F F F F F F F F F F F F F F F F F F F F F F F F F F F F F F F F F F F F F F F F F F F F F F F F F F F F F F F F F F F F F F F
  <DiscreteSampler_grid>
  grouped_processes
  1 # 1 for a reference and 2 for a running grid.
  10 # Attribute 'min_bin_probing_points' of the grid.
  1 # Attribute 'grid_mode' of the grid. 1=='default',2=='initialization'
  0.0000000000000000 # Attribute 'small_contrib_threshold' of the grid.
  0.5000000000000000 # Attribute 'damping_power' of the grid.
 # binID   n_entries weight   weight_sqr   abs_weight
    19   10   4.338125979125892E+005   8.338607858640828E+011   4.338125979125892E+005
    22   10   4.338125979125892E+005   8.338607858640828E+011   4.338125979125892E+005
    25   10   4.338125979125892E+005   8.338607858640828E+011   4.338125979125892E+005
    28   10   4.338125979125892E+005   8.338607858640828E+011   4.338125979125892E+005
  </DiscreteSampler_grid>
