 -0.01342012884398379  0.09844686755335494  0.15182196276437318  0.19313811566246603
  0.22845183032605787  0.25766762514612734  0.28615928209699520  0.31292575062531303
  0.33566103128384706  0.35724623061346228  0.37970554314875643  0.39952887755010713
  0.41915112787211561  0.43866342126707858  0.45750969953243537  0.47305875009776555
  0.48793147353046523  0.50293637268424429  0.51869163850530198  0.53390506895046552
  0.54871992061272434  0.56355143012152664  0.57863471374424447  0.59286662183190597
  0.60613496006431922  0.61844515881058526  0.63018205134214811  0.64265185560866456
  0.65531284312088867  0.66662834906664581  0.67782923871771650  0.68862303145545400
  0.69921668652972413  0.70951480551554658  0.71949707065094426  0.72895428478983593
  0.73817448493203008  0.74706757437364846  0.75623506204098401  0.76566085725309885
  0.77451076739147440  0.78258413552366923  0.79038301171541914  0.79784746289091346
  0.80454477082665010  0.81080085589098250  0.81706650123581304  0.82372996169238266
  0.83032166772659244  0.83673649568284225  0.84311666107146421  0.84953690432592266
  0.85599039816351863  0.86228664578783720  0.86821545445078074  0.87370796274792106
  0.87879317086976627  0.88384340915009574  0.88909339986334501  0.89411701082050810
  0.89868565933398115  0.90285744224718589  0.90716102829472400  0.91167456456006635
  0.91640863521176619  0.92106309993245394  0.92528030166500586  0.92906291930895146
  0.93255758548734502  0.93567764937368902  0.93870511509388244  0.94150681966682137
  0.94436137109038254  0.94727982582028636  0.95016264317260690  0.95309720530556052
  0.95616379641534455  0.95930442842803176  0.96231451192865058  0.96501940158766608
  0.96762846269809433  0.96987244231601544  0.97175900097481505  0.97350408722320736
  0.97535458697396160  0.97725962390435217  0.97909528044609073  0.98081089534853194
  0.98246334511102806  0.98414687345749829  0.98588312462574978  0.98770024371857135
  0.99006033378469527  0.99294597949958008  0.99500387804294510  1.00000000000000000
  0.00000000017210061  0.00000000018323194  0.00000000019059376  0.00000000019614456
  0.00000000020183462  0.00000000020726043  0.00000000021183652  0.00000000021652979
  0.00000000022114900  0.00000000022566180  0.00000000023003578  0.00000000023470296
  0.00000000023970895  0.00000000024495529  0.00000000024993298  0.00000000025492057
  0.00000000025987210  0.00000000026477884  0.00000000027265802  0.00000000028149365
  0.00000000029109988  0.00000000030113801  0.00000000031107345  0.00000000032140003
  0.00000000033157485  0.00000000034218695  0.00000000035274912  0.00000000036307723
  0.00000000037385732  0.00000000038417186  0.00000000039612871  0.00000000040863446
  0.00000000042144830  0.00000000043568083  0.00000000045224910  0.00000000047012915
  0.00000000048819767  0.00000000050777279  0.00000000052885319  0.00000000055212643
  0.00000000057351697  0.00000000059610665  0.00000000061889647  0.00000000064493377
  0.00000000067136058  0.00000000070519599  0.00000000074604733  0.00000000079102222
  0.00000000083930645  0.00000000088221801  0.00000000092277894  0.00000000095750606
  0.00000000099280266  0.00000000102808489  0.00000000106449981  0.00000000110786476
  0.00000000116377160  0.00000000123778222  0.00000000133506983  0.00000000145571249
  0.00000000158244889  0.00000000171328497  0.00000000185645196  0.00000000202617845
  0.00000000222186996  0.00000000243134303  0.00000000264718778  0.00000000290547104
  0.00000000322402368  0.00000000367048621  0.00000000417709019  0.00000000477266604
  0.00000000547741581  0.00000000629470092  0.00000000730155090  0.00000000852862283
  0.00000001013101974  0.00000001274056829  0.00000001640133872  0.00000002221998888
  0.00000003194474076  0.00000004683040371  0.00000007244660021  0.00000012657752610
  0.00000025015208404  0.00000050306566746  0.00000109358502816  0.00000256153886136
  0.00000639026622803  0.00001686823390015  0.00004611797475014  0.00015371848816487
  0.00064608411287571  0.00462067623908190  0.25780801873837444  1.00000000000000000
 -0.00230713617387073  0.00925366513456333  0.02001071673871458  0.03116622758071728
  0.04236120092870871  0.05296601736725326  0.06218078572445451  0.07139898317716972
  0.08043459913516612  0.08961464975293307  0.09950618628623584  0.10925956536943383
  0.11991817279586973  0.13026723250168806  0.14179057158462252  0.15323321534440484
  0.16434876144715863  0.17577980733224896  0.18729249080188506  0.19763857593188713
  0.20702934362939668  0.21626278014065423  0.22639312784453935  0.23702754604156595
  0.24717973462966988  0.25714512868216294  0.26675102721608890  0.27633603456355282
  0.28629948993397397  0.29626389591827540  0.30714234595421275  0.31788229360439124
  0.32860935104738614  0.33899569889564435  0.34954618659651299  0.35963651569082689
  0.36970739888162407  0.37921348801214710  0.38905054640110653  0.39898915644745914
  0.40936902045299206  0.42001172165101541  0.43101129956332979  0.44236956755085810
  0.45408794520851770  0.46555731057654132  0.47643294986269857  0.48674549163252684
  0.49661161034802276  0.50646322055864268  0.51653781479076444  0.52714027111579354
  0.53813413234497687  0.54919002819475604  0.56040378736014540  0.57172757970729393
  0.58263027392902034  0.59344958167833584  0.60397926352272568  0.61450100606486424
  0.62440992264849382  0.63457754354509011  0.64479440758437956  0.65631031905293835
  0.66845329232484219  0.68050709438308421  0.69202963412657859  0.70259446800595882
  0.71357774337721513  0.72447766778364153  0.73516570453506280  0.74575681946817551
  0.75602130014455349  0.76636305406526850  0.77759597772971312  0.78827767078349242
  0.79929628749560544  0.81024221203123370  0.82038620353147196  0.83086713399997014
  0.84176983673310035  0.85309016900794965  0.86405779847669451  0.87443362099403077
  0.88431717618760941  0.89481578166677367  0.90532612987626015  0.91629119355201982
  0.92767800492587837  0.93815403523551333  0.94794502850971629  0.95754444724057342
  0.96750166611649424  0.97800447741373553  0.98917147820823459  1.00000000000000000
 -0.00228339981948033  0.00759144464662369  0.01801019245197732  0.02758747552427347
  0.03797408185568196  0.04883289322847234  0.06016367859618735  0.07210816576948630
  0.08416051231790916  0.09561888273494826  0.10656878826697916  0.11677883483399917
  0.12609818201509476  0.13470543837540741  0.14290786003985437  0.15155233838536047
  0.16261237880142618  0.17426340264885209  0.18549277933566555  0.19648075248095689
  0.20785247695716663  0.21856066413608766  0.22925427783149421  0.24014204251112481
  0.25162961597784472  0.26259721957031895  0.27310486780825477  0.28352516043603437
  0.29395128171307455  0.30483206573966320  0.31604967274699863  0.32775642560949036
  0.33974982757514555  0.35166023269122143  0.36318147317985122  0.37370107537626684
  0.38244819825555143  0.39065446111106278  0.39915204740662424  0.41005709886395619
  0.42144815743063085  0.43266009062064692  0.44336973999803991  0.45397634345612919
  0.46481606239212137  0.47601634074725913  0.48764216606822253  0.49937171676685865
  0.51054955952730374  0.52111525276277570  0.53153745452837842  0.54208340271590250
  0.55331498324192052  0.56526708983275409  0.57712169778579270  0.58840036510470917
  0.59934577663658573  0.60989531799046948  0.61984854771753273  0.62954568596151173
  0.63971580858858990  0.64995649903684460  0.66004069261853582  0.66996199030582881
  0.67973566063921487  0.68944092668074064  0.69895559546290331  0.70870882981025074
  0.71918593861467861  0.73030109334356774  0.74175547356897631  0.75274430937260106
  0.76352801456188790  0.77477570842205878  0.78593918894677162  0.79628323283786950
  0.80590129950053857  0.81565959612002226  0.82548323286592895  0.83532273548208069
  0.84541827910866196  0.85593790766192546  0.86696231809102642  0.87830692744869066
  0.88915329449150582  0.89973932024352499  0.91027375367383401  0.92004383631700548
  0.92990204479692984  0.93962922214550559  0.94959927602142480  0.95958370352319355
  0.96872100645633497  0.97799995843856968  0.98702591689195984  1.00000000000000000
 -0.00197125947926390  0.00810378556976070  0.01818004102856305  0.02763290342473796
  0.03723288668294607  0.04709393924888532  0.05765706416568650  0.06901906996419503
  0.08004067177016755  0.09074502366814520  0.10117379527275290  0.11208395178675906
  0.12394616312324655  0.13589624459167346  0.14744633898969550  0.15800863482753918
  0.16787486452977399  0.17809011870080549  0.18849919787012540  0.19898419974472781
  0.20913262783176575  0.21924690566736649  0.22906950919186672  0.23948300971299524
  0.24978072575844215  0.26005253180938998  0.26949392083877988  0.27975628957477727
  0.29103729361297048  0.30286390469725877  0.31456423908324460  0.32647983940474340
  0.33825987109115663  0.34962352314161954  0.36089498734235165  0.37166526726430793
  0.38137544837354120  0.39074659590566874  0.40008160522292352  0.41197674176697480
  0.42322096118471586  0.43388877678622373  0.44445399454044066  0.45584303593199493
  0.46595332686381502  0.47612884076798923  0.48704291600580740  0.49838292630433889
  0.50898082948257972  0.51940413061937007  0.53026169175596949  0.54195922769867166
  0.55350394681162196  0.56333120172661799  0.57206474153027731  0.58054020746999513
  0.58942657468900472  0.59882476534211126  0.60885493594106910  0.61888395501949678
  0.62999282224970909  0.64157503188208664  0.65341672883971402  0.66510981219082754
  0.67627327953544192  0.68713284950215203  0.69772090513463947  0.70743296980050518
  0.71656158245435986  0.72560977889985134  0.73543042098744815  0.74601153469049719
  0.75689537971829091  0.76804495276673324  0.77954570223677377  0.79127857584187500
  0.80223721933811221  0.81205027368017491  0.82122469059854375  0.83055862438835770
  0.84064471821575137  0.85143169119915196  0.86215013955114506  0.87219554246163911
  0.88186136370976487  0.89162529406521407  0.90221291119245783  0.91261437208650642
  0.92231484987569312  0.93224980607697050  0.94280235686058744  0.95414794418018867
  0.96560086363876019  0.97645428269222534  0.98779985021339112  1.00000000000000000
  0.18614767444359082  0.20303164060151166  0.21836945440937031  0.23782783100951291
  0.26030758944512672  0.29293509352847191  0.33037592312689179  0.36694775907939015
  0.39932446739263938  0.43876309658967344  0.47331622386621564  0.50153149427127930
  0.53191834606571209  0.55788561196085951  0.58064319162122346  0.60045889244105621
  0.61535015965263762  0.62814524430727303  0.63876045940511350  0.64764877457650316
  0.65460715215874987  0.66009145854803353  0.66464887794873651  0.66834447936080699
  0.67137557910668733  0.67364240242988194  0.67554490732328398  0.67731154920995029
  0.67902377516806589  0.68067835292012857  0.68220081290172985  0.68360409933076127
  0.68491526300475558  0.68607317706184745  0.68709771756120197  0.68792923146597496
  0.68874290323386833  0.68953897334181702  0.69028725653947820  0.69095899492775081
  0.69155950383176490  0.69215900971207989  0.69278968955242837  0.69338878867550036
  0.69397071781139830  0.69450863239425320  0.69508256455110362  0.69557891294370155
  0.69606890036402891  0.69651991491338738  0.69697313443862952  0.69745138000561713
  0.69795888115770155  0.69844941021184304  0.69898067951847731  0.69953448306788835
  0.70007932995644739  0.70060072389753847  0.70112075390349959  0.70166056521895159
  0.70222580447617888  0.70282484555740354  0.70344798682903864  0.70405402504174530
  0.70466171947665679  0.70524308623998111  0.70600586512771002  0.70676919601168930
  0.70757346973276158  0.70838456473440115  0.70923585555946267  0.71008969076831585
  0.71092601284519596  0.71183763335843497  0.71286917029188079  0.71409331802769371
  0.71550618684041845  0.71703274197713829  0.71863568117819598  0.72041840009376223
  0.72229266434437489  0.72437290790247333  0.72663651455601697  0.72929147976966924
  0.73240447479659765  0.73583789861312887  0.73957881807893211  0.74379300107888580
  0.74880158275948150  0.75505834926760962  0.76307615977047694  0.77304536742927144
  0.78602756793963902  0.80548496085638743  0.83791424113310575  1.00000000000000000
   2.3784079491803741E-009  -1.0000000000000000     
 F F F F F F F F F F F F F F F F F F F F F F F F F F F F F F F F F F F F F F F F F F F F F F F F F F F F F F F F F F F F F F F F
  <DiscreteSampler_grid>
  grouped_processes
  1 # 1 for a reference and 2 for a running grid.
  10 # Attribute 'min_bin_probing_points' of the grid.
  1 # Attribute 'grid_mode' of the grid. 1=='default',2=='initialization'
  0.0000000000000000 # Attribute 'small_contrib_threshold' of the grid.
  0.5000000000000000 # Attribute 'damping_power' of the grid.
 # binID   n_entries weight   weight_sqr   abs_weight
    19   10   6.198865816052629E+006   1.303947329376042E+014   6.198865816052629E+006
    22   10   6.198865816052629E+006   1.303947329376042E+014   6.198865816052629E+006
    25   10   6.198865816052629E+006   1.303947329376042E+014   6.198865816052629E+006
    28   10   6.198865816052629E+006   1.303947329376042E+014   6.198865816052629E+006
  </DiscreteSampler_grid>
