 -0.01228465159934417  0.09391894544862306  0.14815800981307564  0.18980584352112945
  0.22555078665226216  0.25217795693886885  0.27647371037403473  0.30247191319184336
  0.32858814805699033  0.35243791562800697  0.37347733488306722  0.39290686519158452
  0.41090564838632171  0.42800501870795216  0.44535461612155064  0.46365631769374926
  0.48194261598126392  0.49892633110333723  0.51532833932740219  0.53158364992882867
  0.54770082773043727  0.56266113879801483  0.57562680483540507  0.58803394170493783
  0.60080665831015989  0.61418321726672898  0.62715506602958138  0.63961246660466686
  0.65181347036984383  0.66399885426679406  0.67607689667178272  0.68752631036361012
  0.69822321459671677  0.70808726130077915  0.71759103102024868  0.72686828264931180
  0.73652947981079697  0.74642645789291084  0.75636279018312014  0.76583237731310394
  0.77436811437134967  0.78232133669834891  0.79036802745543511  0.79824285256852656
  0.80623870342703052  0.81372041192914102  0.82053120455982187  0.82729112751803813
  0.83398104608226464  0.84116798546308191  0.84870343097779566  0.85576897098488347
  0.86053794147583751  0.86514453436563421  0.86962331108223934  0.87401696483333124
  0.87919973257896944  0.88455197101718197  0.88955541369145141  0.89450929836837212
  0.89928040168754975  0.90339747648696012  0.90713270479529651  0.91117422450171748
  0.91540297316768682  0.91996382310660307  0.92517094007418832  0.93006398455396266
  0.93404789296609514  0.93736458429327352  0.94067815186131676  0.94407261391695863
  0.94760030277851903  0.95130600669020959  0.95471744339566200  0.95800993045260063
  0.96100508108887817  0.96403494996793582  0.96693681055849678  0.96966040522906771
  0.97241359089229606  0.97516197861072607  0.97781304204095820  0.98017456399994085
  0.98204363413370588  0.98351199880422824  0.98477683073898392  0.98582811045887753
  0.98691218122887203  0.98810139284456144  0.98933838425213816  0.99061004171493772
  0.99199663179578057  0.99356117759867169  0.99487008824232825  1.00000000000000000
  0.00000000007918348  0.00000000008389346  0.00000000008744471  0.00000000009098089
  0.00000000009449143  0.00000000009798465  0.00000000010103408  0.00000000010402861
  0.00000000010683723  0.00000000010970587  0.00000000011276845  0.00000000011595755
  0.00000000011949741  0.00000000012357485  0.00000000012809593  0.00000000013283316
  0.00000000013793742  0.00000000014311846  0.00000000014799621  0.00000000015306911
  0.00000000015817440  0.00000000016312121  0.00000000016906618  0.00000000017566540
  0.00000000018259971  0.00000000019082790  0.00000000019887434  0.00000000020688019
  0.00000000021496367  0.00000000022302728  0.00000000023106127  0.00000000024157479
  0.00000000025255312  0.00000000026451348  0.00000000027667859  0.00000000028853691
  0.00000000030073230  0.00000000031216033  0.00000000031992054  0.00000000032774203
  0.00000000033561631  0.00000000034457315  0.00000000035482736  0.00000000037249585
  0.00000000039238588  0.00000000041077806  0.00000000043044361  0.00000000045286798
  0.00000000047407484  0.00000000049561062  0.00000000052376011  0.00000000055645702
  0.00000000059302910  0.00000000063183291  0.00000000067136844  0.00000000071161205
  0.00000000075339339  0.00000000079864013  0.00000000085390049  0.00000000092838888
  0.00000000101334045  0.00000000109022751  0.00000000117595433  0.00000000127640294
  0.00000000140771441  0.00000000153417574  0.00000000164640606  0.00000000177295151
  0.00000000192708855  0.00000000213111262  0.00000000236275513  0.00000000262555651
  0.00000000296054735  0.00000000336129243  0.00000000381066344  0.00000000438805237
  0.00000000525618944  0.00000000636737072  0.00000000773650460  0.00000000949173330
  0.00000001209648679  0.00000001547437977  0.00000002130716922  0.00000003119652510
  0.00000005739900572  0.00000013509619320  0.00000031310721752  0.00000085808077122
  0.00000267459218442  0.00000845267140054  0.00002894015601952  0.00012448940714747
  0.00088348860818412  0.05684454796759845  0.62415858170192628  1.00000000000000000
 -0.00173645534391248  0.00750463561276586  0.01698266710402938  0.02734636073782694
  0.03818833494856590  0.04840200737702736  0.05894346909214931  0.06952016074688502
  0.08063933511415647  0.09185083454829734  0.10361804403076806  0.11538837959408045
  0.12732241756153703  0.13966561267516123  0.15103319107184265  0.16140017341381885
  0.17111938834828042  0.18086607589279541  0.19115251046281148  0.20146593188352213
  0.21127124614822895  0.22165424740367842  0.23202099169350987  0.24208169950403402
  0.25182449716068600  0.26116636212059641  0.27072131107830122  0.28100349723530399
  0.29130195874190934  0.30183160541443815  0.31288749830455265  0.32451658625690705
  0.33628558945127884  0.34759940760359825  0.35853081451963331  0.36918506326795397
  0.37929241248710677  0.38895477250603777  0.39932079832653494  0.41075528157193703
  0.42135352002190052  0.43001726170412735  0.43815246390876939  0.44723399880895198
  0.45726725246917294  0.46752009793175481  0.47783956420257162  0.48787693214225375
  0.49826388408733674  0.50868301487576029  0.51932497188710980  0.52989681544941059
  0.54017477567838101  0.55058156284566628  0.56124928220223624  0.57220957482917534
  0.58301942604104784  0.59357636447226525  0.60415824180335587  0.61492819509084529
  0.62491226413486245  0.63399915102093773  0.64328979082205140  0.65366021093919735
  0.66461847382310035  0.67603090563339263  0.68804987464131839  0.69989240363311711
  0.71118601002279569  0.72201521951212122  0.73276710924867128  0.74290220670414120
  0.75334393510035791  0.76388862396508694  0.77500723018179352  0.78674762614080673
  0.79845130608677939  0.80956689844022878  0.82016314302100135  0.83077260888837701
  0.84152732819554110  0.85244181074156822  0.86318684013744040  0.87351972447635218
  0.88349341483209587  0.89308809374920761  0.90284088510190574  0.91293251919080531
  0.92355400123851583  0.93485712891578820  0.94611146995436046  0.95713538206685000
  0.96735125830403212  0.97786737112399202  0.98893753078162860  1.00000000000000000
 -0.00278868483902254  0.00640731456168751  0.01533332741998015  0.02433032376138086
  0.03500617674448070  0.04486262870629752  0.05459758705861643  0.06542648147485118
  0.07596214748982652  0.08644247886087482  0.09797573562141260  0.10992520464885094
  0.12172272578747032  0.13332320914273427  0.14468605136504217  0.15541142211426984
  0.16556081531435435  0.17550434752960026  0.18547331610793635  0.19575527707809798
  0.20652489147795089  0.21741258033713318  0.22746299297277300  0.23661023208595877
  0.24556355579656411  0.25522179881121981  0.26601033386165035  0.27707901650157363
  0.28784430447796372  0.29832230528435860  0.30847378962890531  0.31846819812948007
  0.32875545172903003  0.33924667302348027  0.35019539174733499  0.36124900019378486
  0.37256954188423402  0.38333432648537824  0.39317515718267093  0.40239896408845116
  0.41191107026903412  0.42216331796028050  0.43271335180390003  0.44345738225677539
  0.45396322056080213  0.46481808925757695  0.47575316588113842  0.48595224157998823
  0.49630371508198995  0.50642703686758472  0.51717174599292881  0.52841115066712885
  0.53996589056147148  0.55186459626925921  0.56331613073402953  0.57443261707963211
  0.58540910769666532  0.59649104356336091  0.60784185941308211  0.61905813779967211
  0.63004148205385124  0.64093697830270469  0.65202294881562084  0.66296619486414032
  0.67318479077023041  0.68208160337670398  0.69100226062101644  0.70042910327225283
  0.71107004243826522  0.72247033271009387  0.73385944808953019  0.74472304416285895
  0.75523567753637399  0.76601819297515750  0.77711396379913300  0.78804006071230159
  0.79870077225739355  0.80914001438552041  0.81907989058305697  0.82877208644480638
  0.83888886239965299  0.85073548259335552  0.86220465858588091  0.87206876375468390
  0.88115735233328529  0.89106997964011714  0.90174316554825040  0.91231144992244873
  0.92241363690277589  0.93194884051889337  0.94291262552431365  0.95398283276459883
  0.96548289639872331  0.97642896011650149  0.98778643333417360  1.00000000000000000
 -0.00265606775967377  0.01078813783210883  0.01948214858471772  0.02896444344940675
  0.03794195614352087  0.04603081481755893  0.05542093244087752  0.06672486323131753
  0.07742683623737096  0.08751137874825847  0.09774502409919272  0.10830452721233476
  0.11919209540284560  0.13000774244017407  0.14132979104013180  0.15322824176388902
  0.16545892312934068  0.17756290694570312  0.18951897600887618  0.20136022541555085
  0.21294369939876656  0.22412350725277477  0.23510032147362198  0.24580143304189622
  0.25650669007085991  0.26696447437687115  0.27743311030657652  0.28765475482031594
  0.29785870703742917  0.30768850084844462  0.31759455629501726  0.32743055350478772
  0.33845882962914398  0.34929404944283104  0.35911098434221056  0.36870527527265978
  0.37808763231337411  0.38786914169793146  0.39831760914742231  0.40938518236655252
  0.42049269090021046  0.43120592308185179  0.44106842921306977  0.45075673804476035
  0.46047784025075433  0.47070251834047716  0.48148647591121868  0.49245017337269203
  0.50334542101495283  0.51408240082505141  0.52297419137279788  0.53099032422121162
  0.53916370959366378  0.54826236841018172  0.55920472419306577  0.57067134882867732
  0.58226176365955606  0.59384886030880180  0.60510180807129899  0.61611242779346664
  0.62704345402965633  0.63817954021269652  0.64954150183613169  0.66102742426759498
  0.67207445388057863  0.68327836540820752  0.69399885878005951  0.70558557554494561
  0.71715717744968743  0.72924353717805446  0.74093935147599721  0.75230465737108743
  0.76362240892770428  0.77473731494140063  0.78544632784396073  0.79567568323023408
  0.80508047785745818  0.81437534479834428  0.82393517310445674  0.83369710716750456
  0.84370679548657157  0.85390718427433754  0.86469548965789023  0.87556785755073119
  0.88640187993328889  0.89676847823799366  0.90770241127032902  0.91814379259425882
  0.92920616244054222  0.93947437551234247  0.94824750392328683  0.95787681469902564
  0.96857945357220587  0.97961303546727685  0.98967750963472523  1.00000000000000000
  0.18544490218174470  0.20052129552363723  0.21510009880577857  0.23272322246008997
  0.26005428470866770  0.30232625852406864  0.34709629879754339  0.38831310537543801
  0.43136915473625992  0.47016993543894958  0.50710254614376737  0.53953117128370709
  0.56527881665379753  0.58599646862898624  0.60380014808064286  0.61824240744867809
  0.62962481474104115  0.63854185522863760  0.64602884030261432  0.65252762456234503
  0.65775081409490743  0.66201802103902729  0.66565414217422725  0.66895255322455927
  0.67201668304537909  0.67464898332998391  0.67689114148793494  0.67882656443004863
  0.68051731893645495  0.68198975064256584  0.68338730528645830  0.68462845972197284
  0.68572726275019746  0.68667313396677343  0.68752510681431422  0.68830638115602283
  0.68908518917768247  0.68989830587397161  0.69065031088672169  0.69140009841087002
  0.69208326644034213  0.69269389977611751  0.69321542812013437  0.69368641601264547
  0.69415873688347030  0.69464105518251174  0.69514511229879339  0.69566205027818073
  0.69617332713843960  0.69668420121612040  0.69720607575599491  0.69774749116082457
  0.69827144799711061  0.69874794920815286  0.69920757014117130  0.69968771442329059
  0.70017606166087099  0.70068651350825906  0.70125174603841711  0.70183148167487863
  0.70241111780588361  0.70302521213882341  0.70365739187257259  0.70428920930187167
  0.70493482513561445  0.70561997031829204  0.70635708430359501  0.70715300542955195
  0.70796780732750952  0.70880106130446752  0.70971057190936138  0.71067504857279418
  0.71170849729822117  0.71283826074907342  0.71410614519187021  0.71546764786706241
  0.71678920219806175  0.71815347762115012  0.71958419728626599  0.72133304890109617
  0.72329464031714230  0.72531062258931811  0.72761334163755409  0.73031306873692026
  0.73355365035317421  0.73726864064640674  0.74141954928415554  0.74621337847223335
  0.75197426001446199  0.75917535804760783  0.76810587430006649  0.77977249705534968
  0.79606712837265348  0.81783542145431531  0.86029009461095751  1.00000000000000000
   2.3629222543729844E-009  -1.0000000000000000     
 F F F F F F F F F F F F F F F F F F F F F F F F F F F F F F F F F F F F F F F F F F F F F F F F F F F F F F F F F F F F F F F F
  <DiscreteSampler_grid>
  grouped_processes
  1 # 1 for a reference and 2 for a running grid.
  10 # Attribute 'min_bin_probing_points' of the grid.
  1 # Attribute 'grid_mode' of the grid. 1=='default',2=='initialization'
  0.0000000000000000 # Attribute 'small_contrib_threshold' of the grid.
  0.5000000000000000 # Attribute 'damping_power' of the grid.
 # binID   n_entries weight   weight_sqr   abs_weight
    19   10   2.677701040531623E+006   3.020992952287371E+013   2.677701040531623E+006
    22   10   2.677701040531623E+006   3.020992952287371E+013   2.677701040531623E+006
    25   10   2.677701040531623E+006   3.020992952287371E+013   2.677701040531623E+006
    28   10   2.677701040531623E+006   3.020992952287371E+013   2.677701040531623E+006
  </DiscreteSampler_grid>
