 -0.00585685923639327  0.02850813771578740  0.05086664376003421  0.06921493397002014
  0.08666619212697393  0.10348969758158988  0.11904120447359906  0.13354993682547689
  0.14742060735171356  0.16069459199774019  0.17412679711771345  0.18775212172673991
  0.20119841720955076  0.21517353589063420  0.22955210601934709  0.24342063889180707
  0.25652660138993955  0.26923863423142563  0.28122895231915623  0.29297616913061370
  0.30516964528769913  0.31758117184974005  0.33009928075842920  0.34180256368839285
  0.35336167712261507  0.36569229213358534  0.37776985539681868  0.38891221777997864
  0.40013630292745556  0.41150838801427603  0.42259133356236261  0.43348144693534757
  0.44496866162313609  0.45689542719282317  0.46990155901314729  0.48320573660832405
  0.49627183495536281  0.50862314680322318  0.52027088289463796  0.53133197150850975
  0.54213929936372518  0.55295684707386472  0.56371595396438945  0.57449031090745484
  0.58535152803950885  0.59632850829937900  0.60742325862783020  0.61867478374684914
  0.62985990860573504  0.64078126715108441  0.65158333799221169  0.66233721841194448
  0.67306793958696076  0.68380966117670816  0.69480411433501155  0.70612079050004117
  0.71757698647742141  0.72904240500002693  0.74031178793407859  0.75112850290004607
  0.76126382413826199  0.77107410464972881  0.78079051228406693  0.79028964690052428
  0.79951278105450918  0.80852646525102378  0.81748903752675806  0.82644723050024149
  0.83521332167666518  0.84370111147934768  0.85201348479384575  0.86022322838215126
  0.86835382493497770  0.87631202889247717  0.88405104236080290  0.89164879221177318
  0.89960618114926427  0.90775568891503899  0.91578429427862129  0.92348176086983547
  0.93084018409143365  0.93806472118718076  0.94520881119501854  0.95218377312738411
  0.95865718117867482  0.96426625338439853  0.96932290696062040  0.97418773591433105
  0.97868281503965260  0.98269223327609301  0.98626380041987649  0.98937929081921383
  0.99208900382036269  0.99421017665535749  0.99565148658073888  1.00000000000000000
  0.00085438668795764  0.00089279306092085  0.00091947631516406  0.00094370542839599
  0.00097127608816381  0.00099828219120073  0.00102484115517344  0.00105162717378825
  0.00107906185546542  0.00110685173474469  0.00113471841349281  0.00116292200931993
  0.00119190097151613  0.00122169610734773  0.00125229418134125  0.00128326435408513
  0.00131464662446499  0.00134724603451140  0.00138028618468700  0.00141290240753344
  0.00144621545618655  0.00148089479769240  0.00151692773873830  0.00155462356922165
  0.00159318360510332  0.00163334900699834  0.00167500897430936  0.00171772960473738
  0.00176124420537779  0.00180694452736660  0.00185475705234391  0.00190345363940250
  0.00195252225601505  0.00200295680119433  0.00205585133316644  0.00211047016429048
  0.00216552891651102  0.00222254740748771  0.00228423813093800  0.00234945583469437
  0.00241542294531327  0.00248343298084031  0.00255756086121415  0.00263449207682099
  0.00271330696364704  0.00279817424678133  0.00289542060474548  0.00299384825740195
  0.00309626811116816  0.00320597877742665  0.00331788704480089  0.00343310817089487
  0.00355357554831717  0.00367720193876011  0.00380766301244003  0.00395061026801242
  0.00409995575079906  0.00426027972076337  0.00443535780398072  0.00461696925623712
  0.00481557030667462  0.00502981861766674  0.00525251102291861  0.00548111706893329
  0.00571522913333691  0.00596580590417460  0.00623383145699341  0.00652098867597312
  0.00683723808199177  0.00716801410734709  0.00753602518739739  0.00792256842616309
  0.00834513214861429  0.00878318449373915  0.00926071043835660  0.00982234703347065
  0.01047545045764487  0.01126331346742963  0.01213335916424642  0.01304133066726856
  0.01401243679826276  0.01510857274951892  0.01642792509681566  0.01797807591016381
  0.01981195247687477  0.02185444158287623  0.02403760867176994  0.02692880879733818
  0.03043424641830861  0.03461698403134861  0.03967962891720696  0.05130481299782879
  0.06074054028276368  0.15753952826242285  0.41090211737879512  1.00000000000000000
 -0.00250579125037811  0.01054047212042708  0.02099482142098830  0.03194831398009605
  0.04276302042454130  0.05329538299112851  0.06372290580307566  0.07375781533783231
  0.08380680262607314  0.09420093532779994  0.10446242067066848  0.11578770843144774
  0.12713187433580844  0.13916173067866131  0.15041257263690919  0.16134635343619125
  0.17220802571655699  0.18290562669556659  0.19404528152692474  0.20565008637016491
  0.21803098507469806  0.22960223363497315  0.23947690269825733  0.24895246454250697
  0.25859956466874445  0.26827031594292655  0.27777854964922771  0.28695425903071681
  0.29728994572017159  0.30835687504964343  0.31932705239469478  0.32978730233282949
  0.34231445365309354  0.35438415067278617  0.36561919024321882  0.37632031851976111
  0.38676817328967217  0.39684530522306077  0.40659885210181246  0.41646122429904459
  0.42680323762220090  0.43652439022360412  0.44623308758671321  0.45602621787558323
  0.46653529812018274  0.47731753572192442  0.48786655407488283  0.49836563442236598
  0.50870665583724073  0.51895323882494193  0.52957338379934260  0.54019238522636837
  0.55075661179841817  0.56143439743641155  0.57238461300696342  0.58328240975615786
  0.59391003755568905  0.60435713387355039  0.61473303714206151  0.62498020846343005
  0.63524275458739077  0.64530084377386954  0.65492423903088104  0.66435371264219945
  0.67421747667987142  0.68405127674878741  0.69405319747495708  0.70406545612711735
  0.71455980837914101  0.72553120525221371  0.73630320876831956  0.74682915002839578
  0.75794417280525472  0.76937152230961670  0.78056347864035769  0.79180043668526190
  0.80278964699450372  0.81367862900986365  0.82387686210616706  0.83429712032614756
  0.84484540811925757  0.85538912808050083  0.86537719220523290  0.87510119273631604
  0.88601945137720572  0.89667367644473439  0.90695737285138245  0.91740618410047170
  0.92776877844260230  0.93817806168064177  0.94793717026471624  0.95767011088133058
  0.96793069410378907  0.97825937887725634  0.98917693371945392  1.00000000000000000
  0.00128879759145624  0.00211056111554075  0.00295700722082343  0.00538918469285875
  0.00813764197269487  0.01316362558882189  0.02215383744361391  0.03189395716505540
  0.04159524954973439  0.05216332882957224  0.06272273616287417  0.07377559899006228
  0.08524499447675637  0.09727069900114267  0.10894812383934088  0.12025153425524318
  0.13163671919067296  0.14298530809580706  0.15400803105151967  0.16491109819094027
  0.17591613197800343  0.18705514491113107  0.19867892255591010  0.21050885340033593
  0.22183280442283462  0.23312770215454431  0.24448197219058995  0.25551135507960715
  0.26610259800020802  0.27703477288397527  0.28813967779354011  0.29926530929796480
  0.31090519264352934  0.32343000809545175  0.33681225361702444  0.35025805127574017
  0.36271769500115214  0.37439102079823161  0.38520583865148639  0.39588100696133705
  0.40679363968264221  0.41774495483388835  0.42853050469968290  0.43921247633974364
  0.44916220390828754  0.45911808986639380  0.46896864609614897  0.47884772665692305
  0.48862992677051931  0.49836641169838852  0.50861889368543955  0.51904388764736631
  0.52933870647788994  0.53958361999929783  0.54920813020418102  0.55875338395923768
  0.56814245915290773  0.57753845255387237  0.58704926622462661  0.59658580683508988
  0.60676581869946322  0.61813609483365217  0.62994859869974051  0.64184577084158001
  0.65379401279155103  0.66553700598139498  0.67667376305663796  0.68771718049472708
  0.69904474252569526  0.71018071199922272  0.72090455939634657  0.73168309304822010
  0.74301661512238826  0.75477032252557319  0.76679615836647341  0.77868596769505705
  0.79030994501403284  0.80150247218316106  0.81279337803455465  0.82447792015174615
  0.83653424757915151  0.84865679387739146  0.86030637628287587  0.87140622741301221
  0.88216441434795001  0.89255207576582785  0.90300400221791477  0.91359922405381055
  0.92429178100758758  0.93507644129618617  0.94601612953513481  0.95702181520676499
  0.96770017596310787  0.97833547871889892  0.98913681781922302  1.00000000000000000
 -0.00209170884049136  0.01501238174040401  0.02714559287675187  0.03918088144002229
  0.05104011198366627  0.06280906224509417  0.07451806181831724  0.08615601469625965
  0.09764773779568058  0.10886825612324529  0.11975992566394197  0.13002461226819217
  0.13973098017367436  0.14932305125443343  0.15888765226084270  0.16856531286057982
  0.17829639815638690  0.18815390120246397  0.19831870531570886  0.20853894450283170
  0.21863551976609608  0.22879469658666851  0.23913038621757890  0.24952923139004049
  0.25979061581964047  0.27011662926783603  0.28127792618839792  0.29236851129374375
  0.30298570082228965  0.31349985042843570  0.32413901547124768  0.33480826298093341
  0.34549872727224384  0.35633158088634787  0.36712930188713444  0.37838025797688923
  0.38993165908766458  0.40130271522209332  0.41239203908837263  0.42332815293822285
  0.43403840649563746  0.44436265641744777  0.45449336318545031  0.46405631656470159
  0.47296217321040090  0.48202780655775840  0.49176094557083549  0.50170780792542780
  0.51142164640930565  0.52127631236315009  0.53120533882769994  0.54102700540369975
  0.55051064697110363  0.55977796714324501  0.57050435193265203  0.58136502632739029
  0.59241853085058738  0.60353156907534899  0.61478053841515978  0.62638259701042931
  0.63832152336891135  0.65019837381207957  0.66174368213090762  0.67295584329106672
  0.68358203651113036  0.69298150156246585  0.70153355344333901  0.71011468179144421
  0.71878825921221423  0.72754219286022548  0.73650851854816002  0.74530799825359351
  0.75463397680180144  0.76547773758777327  0.77601377759342471  0.78655453012968324
  0.79702323362150385  0.80724345602530023  0.81745523730044889  0.82767142006237426
  0.83793087372325448  0.84818107955728428  0.85882311519044829  0.87044751793075870
  0.88161023294024377  0.89256270275844340  0.90324298045386053  0.91380095573976672
  0.92451343376741846  0.93516980880108358  0.94582678900037553  0.95640192735205920
  0.96762594253830525  0.97916223721644535  0.98944044937559417  1.00000000000000000
  0.99972437952814508  0.99972775216267806  0.99973057353559658  0.99973337272599982
  0.99973615182947773  0.99973893609426556  0.99974172512256865  0.99974453055599299
  0.99974733335844157  0.99975012521911089  0.99975289554653457  0.99975564180944054
  0.99975837175929438  0.99976109723849826  0.99976382314311540  0.99976653895672474
  0.99976923534120798  0.99977192169235607  0.99977460009310748  0.99977726867304884
  0.99977993154870548  0.99978259403194270  0.99978526725375616  0.99978794982647790
  0.99979063165956250  0.99979330171369962  0.99979595758035078  0.99979860144744825
  0.99980123854912994  0.99980386800154808  0.99980649613125583  0.99980912063726046
  0.99981172892749282  0.99981445591118312  0.99981732618459029  0.99982016164038068
  0.99982296363155088  0.99982575256991424  0.99982854327366955  0.99983136637383230
  0.99983418089661180  0.99983699669066017  0.99983978834432352  0.99984258962729899
  0.99984539117114513  0.99984820263977003  0.99985101855743919  0.99985383905365577
  0.99985665511381294  0.99985946214656718  0.99986226426915314  0.99986505708410434
  0.99986784852496413  0.99987063377907381  0.99987343310755339  0.99987623442640605
  0.99987902135986995  0.99988178620259061  0.99988452711631948  0.99988727559879165
  0.99989003063756277  0.99989280036241679  0.99989558241079890  0.99989836776973851
  0.99990116828101183  0.99990397298282330  0.99990677527411653  0.99990958487163739
  0.99991240039342011  0.99991522150193790  0.99991804813736240  0.99992087937371710
  0.99992372886336967  0.99992658469227469  0.99992945379832432  0.99993233695506090
  0.99993523190929900  0.99993813645640128  0.99994104673085282  0.99994396940336672
  0.99994691088347254  0.99994987711293637  0.99995288462894061  0.99995593524258108
  0.99995902781461443  0.99996215558986590  0.99996532162976959  0.99996853044179546
  0.99997179161092908  0.99997512296440738  0.99997856548993003  0.99998215420858005
  0.99998594179671896  0.99999000114631353  0.99999453546618711  1.00000000000000000
   8.8244249847844078E-005  -1.0000000000000000     
 F F F F F F F F F F F F F F F F F F F F F F F F F F F F F F F F F F F F F F F F F F F F F F F F F F F F F F F F F F F F F F F F
  <DiscreteSampler_grid>
  grouped_processes
  1 # 1 for a reference and 2 for a running grid.
  10 # Attribute 'min_bin_probing_points' of the grid.
  1 # Attribute 'grid_mode' of the grid. 1=='default',2=='initialization'
  0.0000000000000000 # Attribute 'small_contrib_threshold' of the grid.
  0.5000000000000000 # Attribute 'damping_power' of the grid.
 # binID   n_entries weight   weight_sqr   abs_weight
    19   10   7.402340982606502E+006   1.319032245562804E+014   7.402340982606502E+006
    22   10   7.402340982606502E+006   1.319032245562804E+014   7.402340982606502E+006
    25   10   7.402340982606502E+006   1.319032245562804E+014   7.402340982606502E+006
    28   10   7.402340982606502E+006   1.319032245562804E+014   7.402340982606502E+006
  </DiscreteSampler_grid>
