 -0.01352072719183160  0.10269888513751380  0.15344068144336329  0.19384608908363951
  0.22635849043961651  0.25942540618104137  0.28932897141574604  0.31530103413450694
  0.33946973297627725  0.36176388049425046  0.38396765125453142  0.40403180513432074
  0.42359539781722688  0.44299034640324869  0.46092364953824172  0.47982408640490154
  0.49874963451941934  0.51673735256522413  0.53185509021185484  0.54364377326710389
  0.55478465829490675  0.56913342166670278  0.58594533874646604  0.59892115726286521
  0.61100235452635487  0.62371693350365098  0.63736201872619369  0.65151643472867737
  0.66542163771982410  0.67830952223589658  0.68937329707820016  0.69982387132239088
  0.71030099290758952  0.72161312606083938  0.73190642747050716  0.74155908412624549
  0.74972843561176605  0.75697080432112129  0.76429640626329198  0.77206990056917979
  0.78118760517524055  0.79052202982947206  0.79937199727412167  0.80806847325101794
  0.81630323142872530  0.82388513877407454  0.83099195739616138  0.83834954210100632
  0.84506586202863387  0.85122329212151582  0.85739498574451289  0.86346173419442995
  0.86938055456632435  0.87475674771807688  0.87950521322543185  0.88420799157654628
  0.88828650309734336  0.89233106579989907  0.89670248358002469  0.90172810323724750
  0.90641074898279683  0.91049960413116660  0.91425288345241640  0.91796989414754449
  0.92178324102301623  0.92567268587647633  0.93037758909724155  0.93560348561921269
  0.93943915636451036  0.94263983499726733  0.94561496473426077  0.94847448284286218
  0.95092142509506805  0.95308450716027104  0.95461862290930732  0.95607223175192579
  0.95753101125863271  0.95902014373802758  0.96088011022743613  0.96385322032860843
  0.96678688660275403  0.96956628646412224  0.97223842848477571  0.97487270247815339
  0.97725703953464316  0.97955648053505850  0.98157663574361553  0.98332217091694540
  0.98485461385673589  0.98620029663727904  0.98763814744262601  0.98913603007699447
  0.99104207172614545  0.99312529943985450  0.99532729953226773  1.00000000000000000
  0.00000000000386759  0.00000000000647142  0.00000000000830944  0.00000000000947090
  0.00000000001074540  0.00000000001214997  0.00000000001357072  0.00000000001483853
  0.00000000001584407  0.00000000001677547  0.00000000001773929  0.00000000001881275
  0.00000000001986421  0.00000000002091114  0.00000000002187366  0.00000000002284227
  0.00000000002379744  0.00000000002475140  0.00000000002579031  0.00000000002696389
  0.00000000002823741  0.00000000002980161  0.00000000003180778  0.00000000003406704
  0.00000000003624675  0.00000000003833378  0.00000000004016079  0.00000000004190741
  0.00000000004355758  0.00000000004523074  0.00000000004758581  0.00000000005013206
  0.00000000005307427  0.00000000005635170  0.00000000005941559  0.00000000006229172
  0.00000000006558209  0.00000000006932065  0.00000000007321613  0.00000000007740410
  0.00000000008175494  0.00000000008645749  0.00000000009192553  0.00000000009690978
  0.00000000010208940  0.00000000010722025  0.00000000011236636  0.00000000011782246
  0.00000000012331621  0.00000000013176325  0.00000000013922645  0.00000000014694288
  0.00000000015628837  0.00000000017051148  0.00000000018579567  0.00000000020229795
  0.00000000022071967  0.00000000024267977  0.00000000026685190  0.00000000029388481
  0.00000000032429915  0.00000000035580123  0.00000000038626830  0.00000000041700623
  0.00000000045068785  0.00000000048384725  0.00000000051979533  0.00000000055327673
  0.00000000058944669  0.00000000063278623  0.00000000067894299  0.00000000073740411
  0.00000000081020523  0.00000000090101537  0.00000000099520867  0.00000000110676690
  0.00000000127044731  0.00000000145531147  0.00000000170293857  0.00000000204363340
  0.00000000249966127  0.00000000297160119  0.00000000357771885  0.00000000463294425
  0.00000000631487826  0.00000000915216409  0.00000001585030542  0.00000003194950255
  0.00000008438882809  0.00000030066749963  0.00000136445396003  0.00000708399535876
  0.00004768198455377  0.00057930589859841  0.09645751893931243  1.00000000000000000
 -0.00262211240033061  0.01008386775822947  0.02276619873244806  0.03449310600333910
  0.04675883206019222  0.05553445798102137  0.06485626879887811  0.07360982264458914
  0.08555392702014042  0.09798019964377072  0.10939586753622661  0.11861185629227773
  0.12786910356405809  0.13706242021113269  0.14728505199991673  0.15783897792616997
  0.16886285911303600  0.18019701384372508  0.19057676407678711  0.20117584144952341
  0.21235720067352432  0.22398557297590041  0.23322150294919353  0.24165479621822306
  0.25140833924319544  0.26199322739978764  0.27180651343157258  0.28107605902040528
  0.29098037798251314  0.30059370470112434  0.31109051975328139  0.32291497509705741
  0.33552106365112988  0.34836660490574983  0.36153797541544469  0.37293797083237823
  0.38506138509755805  0.39670488139156046  0.40774511132219499  0.41731872577455636
  0.42530326973578675  0.43372505474258011  0.44414633234639644  0.45515944962865601
  0.46691563363754424  0.47841566326304835  0.49124245168532316  0.50361669476868065
  0.51339010525774531  0.52314678140761361  0.53253798522286511  0.54196466670079180
  0.55190172116320413  0.56199445945291493  0.57186266386229478  0.58262830044779101
  0.59403031392774330  0.60571713728814425  0.61746163008940480  0.62902840010257710
  0.64104059986388251  0.65279320146550857  0.66403580665913808  0.67445311291137788
  0.68369105891463333  0.69276967784427201  0.70297473376134068  0.71356831427363221
  0.72319113056591688  0.73257653940537548  0.74245141818656557  0.75326411491028122
  0.76510189415792573  0.77701296629438776  0.78761836486365278  0.79741596218186073
  0.80823801715778953  0.81874397213165218  0.82990557498549677  0.84194776006790739
  0.85465129279733321  0.86720636138807949  0.87755307736229160  0.88681969437440089
  0.89581444166696811  0.90289679741389062  0.91172247490398528  0.92128523037386489
  0.93017585636081979  0.93968923976356578  0.94924273232645429  0.96001830035596858
  0.97077922049352572  0.98165557243527302  0.99092130167678738  1.00000000000000000
 -0.00253981386454786  0.00895117932396797  0.02105569191452848  0.03262076646863947
  0.04411252498068316  0.05610326013019485  0.06838543929834343  0.07985755500109529
  0.09013244145693558  0.10046738714874820  0.11020567560075871  0.12011660871817285
  0.13004152647407910  0.13921534316700232  0.14843074708837359  0.15869151564024830
  0.16883583535725830  0.17938124655132415  0.19117002321237705  0.20322878251985188
  0.21459560798103472  0.22519593834297646  0.23583525377614728  0.24685342203321398
  0.25650125767384524  0.26637016837297867  0.27548138226233204  0.28462953276211156
  0.29388347916692353  0.30497825784627547  0.31710287979691137  0.32847849928072098
  0.33994268358355550  0.35044879430473780  0.36141725180257639  0.37287181155391441
  0.38428675792998301  0.39599202801556577  0.40590121745334046  0.41602552378611585
  0.42594587005531714  0.43580745783498781  0.44622825866655069  0.45572846872063516
  0.46470367644194993  0.47298853554666831  0.48182257529822742  0.49121203186612883
  0.50106543959168748  0.51218563758563906  0.52333541614226053  0.53467675094793521
  0.54593393427298920  0.55755550871822535  0.56922220273704083  0.58029939103782180
  0.59059347121692574  0.60062670768073378  0.61101208789139627  0.62220084606537274
  0.63342530827681953  0.64350579752749870  0.65355184572539760  0.66449795764491093
  0.67635306747676949  0.68815706645320573  0.69969511183544675  0.71133018384902158
  0.72286480546270626  0.73458873769428756  0.74596014338939953  0.75628631347939079
  0.76601756878912386  0.77575277861168179  0.78658571421556744  0.79824539864716659
  0.81004671411756413  0.82023031758343035  0.82880177969763191  0.83747748742366523
  0.84687700250560682  0.85745120545869868  0.86802763167589481  0.87748457094183718
  0.88546946230552337  0.89299712169318857  0.90294563922758730  0.91373169805837029
  0.92439584856321177  0.93570088774282600  0.94590382632709957  0.95661538463096829
  0.96745678837646554  0.97891690875404813  0.99002030350508641  1.00000000000000000
 -0.00269986343800177  0.01023951810961228  0.02361327866016664  0.03424258609751234
  0.04414650306535989  0.05373520334360671  0.06390447961709056  0.07694472020945856
  0.08975238855366627  0.09835916554161453  0.10731174620701939  0.11538318747325464
  0.12463807475553894  0.13508548465436121  0.14721823135215323  0.15990053836675636
  0.17229607577398873  0.18497955644340025  0.19641828308469919  0.20717179265641658
  0.21537445830469984  0.22535848107630763  0.23547449372049323  0.24599371493818173
  0.25818004522722943  0.27017213603196116  0.28269000188712501  0.29500282254508764
  0.30644129794294789  0.31752872406403365  0.32820954072854430  0.33929636170602706
  0.35037624034705156  0.36125453608136326  0.37220948925877601  0.38259035763342686
  0.39220388233436432  0.40251943345922492  0.41249691846146030  0.42118822758424879
  0.42951884538695301  0.43763022699085985  0.44628032050609107  0.45632120641531981
  0.46773473268172405  0.47824984219900840  0.48784058256398205  0.49811336583036087
  0.50948904539556594  0.52012649375951370  0.53137380423331726  0.54230468421997302
  0.55360146558928669  0.56488724984256489  0.57595628046213143  0.58764399536444512
  0.60027994801108175  0.61247799288928106  0.62299776045752009  0.63276378436211311
  0.64213515345154260  0.65176396540583215  0.66128034054328200  0.67044807405422768
  0.68049865470247861  0.69059088044024053  0.70091664281298249  0.71136877584731550
  0.72163253486931367  0.73212255578491903  0.74278176783860850  0.75424287143501212
  0.76610334732187257  0.77732226686412476  0.78806251970150687  0.79789099370177641
  0.80703938574858025  0.81624647662136574  0.82626176585298350  0.83725544655747985
  0.84649650691619382  0.85463165215447023  0.86277748819109079  0.87157588141366582
  0.88195993336131240  0.89377190955507091  0.90612730433045530  0.91812206518934458
  0.92871287447748618  0.93803908670125324  0.94720474838251600  0.95656299974627823
  0.96661966027366841  0.97679514080076668  0.98745562160936862  1.00000000000000000
  0.18563808174073140  0.20335425897289619  0.22203603656324181  0.25029616071636679
  0.28715866348285318  0.32693795129909803  0.37029501568279211  0.41009086840044795
  0.44755205266128811  0.48762265088159806  0.52520800817756153  0.55425919608879426
  0.57729093301320655  0.59874129444804780  0.61642184629959729  0.63105006231827743
  0.64163678473511365  0.64842449488602227  0.65370995473798188  0.65886216745768522
  0.66338213138314517  0.66671004500870223  0.66939180463369874  0.67191383438934515
  0.67434375666483426  0.67658429483163707  0.67848612368054184  0.67991219577872386
  0.68115635305520650  0.68227913309022870  0.68330316722382378  0.68435951650835680
  0.68532055071778730  0.68628001267117222  0.68723330216914758  0.68806057131602749
  0.68879298009205225  0.68948034191743035  0.69010747683916496  0.69083763889505312
  0.69145302643151851  0.69203455614164644  0.69260268394746849  0.69314809969822111
  0.69366261517294170  0.69415629180948490  0.69462103148128196  0.69510381679962419
  0.69561552963238615  0.69614735606923184  0.69666894166183047  0.69713083033540391
  0.69754493461089917  0.69793732814043674  0.69835330533546991  0.69874840508262404
  0.69921562077646571  0.69975565421411901  0.70029646760297060  0.70084954768302754
  0.70139755980332641  0.70198578872338879  0.70256290669694832  0.70318645178865180
  0.70382209881554159  0.70448685105413966  0.70516602532212291  0.70580708060757424
  0.70641090238269388  0.70709771579115532  0.70790298999978474  0.70887085998910704
  0.70993982605594830  0.71104959661530587  0.71220905011162727  0.71339478515041055
  0.71468156648952041  0.71616713720671332  0.71776124698894650  0.71936724156901077
  0.72103398035991506  0.72291127368650954  0.72505833778178153  0.72746406551440246
  0.73004367630893408  0.73345356453079036  0.73794769393806181  0.74289022482428491
  0.74768909307214992  0.75284630619486381  0.75909082197335120  0.76778488423436264
  0.78068852671842637  0.79899256953531417  0.83743526948895708  1.00000000000000000
   2.6059894295789884E-009  -1.0000000000000000     
 F F F F F F F F F F F F F F F F F F F F F F F F F F F F F F F F F F F F F F F F F F F F F F F F F F F F F F F F F F F F F F F F
  <DiscreteSampler_grid>
  grouped_processes
  1 # 1 for a reference and 2 for a running grid.
  10 # Attribute 'min_bin_probing_points' of the grid.
  1 # Attribute 'grid_mode' of the grid. 1=='default',2=='initialization'
  0.0000000000000000 # Attribute 'small_contrib_threshold' of the grid.
  0.5000000000000000 # Attribute 'damping_power' of the grid.
 # binID   n_entries weight   weight_sqr   abs_weight
    19   10   4.035308060162405E+006   1.075924674863590E+014   4.035308060162405E+006
    22   10   4.035308060162405E+006   1.075924674863590E+014   4.035308060162405E+006
    25   10   4.035308060162405E+006   1.075924674863590E+014   4.035308060162405E+006
    28   10   4.035308060162405E+006   1.075924674863590E+014   4.035308060162405E+006
  </DiscreteSampler_grid>
