 -0.01163701621566717  0.09151022922653022  0.14606293446774080  0.18613165430709888
  0.21672968936568887  0.24906317343131387  0.27669726315443860  0.30106883123680633
  0.32458042606835874  0.34899360454510386  0.37116496258526310  0.39203872756281366
  0.41152875646835985  0.43203997860386900  0.45269415002388708  0.47238430032099282
  0.49113128613213247  0.50744558031369824  0.52201661701679491  0.53607955250337969
  0.54996823210222578  0.56437902837003839  0.57904771032814017  0.59312414473658792
  0.60699752057633816  0.62044031221652973  0.63329821730750280  0.64552155475038986
  0.65734916035571800  0.66875074956194347  0.67959069952973794  0.68958581375833039
  0.69912471324773240  0.70879590461182496  0.71911270324996091  0.73012486401740107
  0.74099054990095126  0.75119767648293301  0.76092984313707168  0.76904623792904547
  0.77605020988056339  0.78261771318525852  0.78936874917335020  0.79634795227071586
  0.80412322449498097  0.81208567241594398  0.81964287420814763  0.82716837841134028
  0.83422023618732566  0.84139052985562612  0.84850777341315498  0.85539415076502479
  0.86227826270541053  0.86767043730904136  0.87182996741455920  0.87604076593262592
  0.87990558537536956  0.88375529507710426  0.88843864122389005  0.89376385116200152
  0.89892616738164310  0.90398125025561460  0.90900706967421496  0.91395790468323879
  0.91878878916387918  0.92298643979369843  0.92671879927367029  0.93031285142044240
  0.93380703204638382  0.93737179505911339  0.94121825368634615  0.94509439102817083
  0.94883069022871458  0.95136669746019020  0.95313853699737083  0.95485419225850865
  0.95682366696946508  0.95864757821239843  0.96038515264508584  0.96245289752945495
  0.96472141877353523  0.96694766322165160  0.96900806573743381  0.97091441474150997
  0.97288761437230720  0.97473232351892469  0.97655332981013576  0.97836223247831955
  0.98018212363637558  0.98204301939128480  0.98443105792728836  0.98706556805882473
  0.99003914806270543  0.99382070560292013  0.99557789326633483  1.00000000000000000
  0.00000000017610176  0.00000000018326736  0.00000000018823156  0.00000000019257892
  0.00000000019662298  0.00000000020063370  0.00000000020461890  0.00000000020857999
  0.00000000021302720  0.00000000021759067  0.00000000022200805  0.00000000022611073
  0.00000000022970527  0.00000000023330519  0.00000000023716226  0.00000000024149179
  0.00000000024624700  0.00000000025042921  0.00000000025482026  0.00000000025927013
  0.00000000026375457  0.00000000027020112  0.00000000027814040  0.00000000028638862
  0.00000000029587590  0.00000000030611252  0.00000000031714676  0.00000000032805254
  0.00000000033840459  0.00000000034846073  0.00000000035888448  0.00000000036983894
  0.00000000038062434  0.00000000039237905  0.00000000040616344  0.00000000042182209
  0.00000000043790263  0.00000000045004842  0.00000000046106449  0.00000000047282696
  0.00000000048446990  0.00000000049531346  0.00000000050784123  0.00000000052873655
  0.00000000055080687  0.00000000057206118  0.00000000058893030  0.00000000060551816
  0.00000000062374131  0.00000000064581151  0.00000000067422433  0.00000000070746761
  0.00000000074352244  0.00000000078091759  0.00000000081734966  0.00000000085515441
  0.00000000089514011  0.00000000093807629  0.00000000098263875  0.00000000102750446
  0.00000000107434848  0.00000000112922628  0.00000000120971848  0.00000000130642894
  0.00000000140280544  0.00000000151559031  0.00000000164517709  0.00000000178475228
  0.00000000192850281  0.00000000205826624  0.00000000218495007  0.00000000233936281
  0.00000000254297793  0.00000000279950754  0.00000000307320109  0.00000000341681989
  0.00000000386798740  0.00000000441043455  0.00000000514581893  0.00000000623508975
  0.00000000769192757  0.00000000960279392  0.00000001223086709  0.00000001659290877
  0.00000002667349176  0.00000004493997692  0.00000009208580688  0.00000022401573982
  0.00000085195851425  0.00000278705338485  0.00001347181751767  0.00007205423674971
  0.00059504926053716  0.01851387497177422  0.57815231656256794  1.00000000000000000
 -0.00251900533793767  0.00935047485987976  0.02107710870066162  0.03242577365991497
  0.04447460635722114  0.05569835774534695  0.06657198493359173  0.07711310974177824
  0.08785416143491633  0.09827401961462395  0.10872921676142155  0.11890564858604961
  0.12980546900997697  0.14126527190343638  0.15274989988144883  0.16388177899037840
  0.17523393648415625  0.18601394859528039  0.19693578029423101  0.20711563384863013
  0.21725003868320661  0.22772341347021349  0.23844901365976259  0.25028652229178822
  0.26198463713549797  0.27388764999179971  0.28591637806411846  0.29803820151581267
  0.30975177690368244  0.32065904904651599  0.33125697056248010  0.34194417248208303
  0.35235773435532691  0.36280225216373824  0.37350146742848139  0.38444445582807124
  0.39575248384613354  0.40637270741844739  0.41682891468660699  0.42766986804878981
  0.43831357794876646  0.44917625646853548  0.46028256841989668  0.47153014891194045
  0.48226800482834059  0.49246441798998741  0.50297137327635033  0.51409639029450471
  0.52540973591896956  0.53667716962091228  0.54748254751828151  0.55811767337660934
  0.56911122239430989  0.58034696795140051  0.59167420443769903  0.60280351131835441
  0.61383491109955068  0.62465134422874036  0.63579123296496953  0.64671531748837430
  0.65667072559138107  0.66664792502240344  0.67679890989390001  0.68724011394711670
  0.69741719096931609  0.70756515846709978  0.71805810761365862  0.72909615857204957
  0.74050871829941911  0.75099586658912476  0.76063280411395895  0.77060326936779766
  0.78105090932034571  0.79328308026355687  0.80389021125241067  0.81354453682648431
  0.82262107052522404  0.83036871221174713  0.83852000314470121  0.84759258046811581
  0.85753943147596723  0.86744465459886733  0.87650177633634652  0.88535834609885444
  0.89410450407694630  0.90323635705297733  0.91337238844115765  0.92417825389385422
  0.93491552917136056  0.94541453772066064  0.95560927612725888  0.96544416609681050
  0.97499530319898731  0.98396287274266336  0.99244175808646184  1.00000000000000000
 -0.00246806450726681  0.00987905819970653  0.01924884375490258  0.03002664099829071
  0.04101086199397569  0.05095171932307576  0.06073727196499944  0.06976526049646821
  0.07968173408753325  0.09089443012458912  0.10240463724086643  0.11302020533715135
  0.12220449348563808  0.13092689057241924  0.13958810097234792  0.14952232376257896
  0.16085976053779574  0.17153510630355970  0.18099905510871761  0.18966066949967850
  0.19786775788926592  0.20752475823144476  0.21810441422741630  0.22905685831242892
  0.23946517570133102  0.24910716194245730  0.25885297036090377  0.26924006034396730
  0.28013852474469664  0.29159307428234021  0.30340453780268706  0.31525191592686902
  0.32727792886722445  0.33916790015979276  0.35134618413384344  0.36294841100509651
  0.37300419844027716  0.38142693879155160  0.38883729840629522  0.39663047341557567
  0.40453183862465630  0.41423831836764480  0.42505719625750576  0.43695586238651185
  0.44889581458983141  0.46016532141627031  0.47100101636470176  0.48180971102573977
  0.49300735119927913  0.50482922203562952  0.51672586201027959  0.52845443495575672
  0.53997697058008631  0.55130685668569324  0.56213962978796073  0.57260757015236385
  0.58334560364508103  0.59387147193203749  0.60359459905114321  0.61278182752342647
  0.62299146174225883  0.63493719851424568  0.64740529874815278  0.65907175865343381
  0.66963487148505152  0.67992869558680613  0.69047820243160807  0.70130760315546914
  0.71202717213097400  0.72253061001817842  0.73326958482329818  0.74429987810350029
  0.75535331471771083  0.76644347148840886  0.77738327757082026  0.78792748795259959
  0.79857076373800384  0.80875380966487143  0.81937058413388975  0.83060518205513312
  0.84041969534570471  0.85079294078446166  0.86055601267142878  0.87060958422640145
  0.88091414872405072  0.89174358933011522  0.90309820935050944  0.91471848177145276
  0.92543994058258217  0.93592826508312854  0.94628726460801360  0.95761178242796163
  0.96928980278662680  0.98042773564753904  0.99046427532646231  1.00000000000000000
 -0.00204541518409180  0.00841774260222666  0.01916808205011247  0.02970043546701964
  0.04087362302698488  0.05235761005769998  0.06372665496635234  0.07517194741169275
  0.08619130941997449  0.09631371037304212  0.10549180415441058  0.11493608592032344
  0.12585481041834179  0.13713989406282964  0.14867278464528094  0.16029239317238983
  0.17231095807483462  0.18406641369071530  0.19549405987192503  0.20653723104222899
  0.21728638011646725  0.22819048974297756  0.23929502267660316  0.25024106293087733
  0.26093661139829694  0.27128041265589892  0.28236389384587474  0.29329602820743883
  0.30408926665875707  0.31436361679526259  0.32433695706641968  0.33451622308300699
  0.34506557604202365  0.35593612408593084  0.36720703753948836  0.37844685730385208
  0.38887760612931471  0.39894257958622725  0.40909800871678331  0.41971485782843654
  0.43030682744073112  0.44052786325101456  0.45073352858160609  0.46127052274059771
  0.47220051988464112  0.48375140059856275  0.49554762284871756  0.50679552830234986
  0.51747566710963233  0.52787431600357060  0.53800955156257180  0.54797958330594587
  0.55810972525100266  0.56907087949716195  0.58016442217141562  0.59079986779471461
  0.60119538438640852  0.61132133706597780  0.62114984275659069  0.63110611686374107
  0.64104966718782996  0.65167102757363593  0.66146358015510809  0.67004371450886302
  0.67813445630271996  0.68691461093733863  0.69689100732333231  0.70791716187412057
  0.71958831705078186  0.73033815700989346  0.74079437317707264  0.75120859585592814
  0.76199534648086820  0.77281151972032980  0.78292175575862688  0.79249988205176591
  0.80134250451801248  0.81080233940901969  0.82056213072004636  0.83102993169734163
  0.84218063502361662  0.85327762107729677  0.86396618038813555  0.87466076817205241
  0.88546828422868262  0.89565288132814846  0.90526705083950687  0.91538812858982865
  0.92675155958749322  0.93815977521839355  0.94847305748464195  0.95870784699568490
  0.96810974112021264  0.97748549071046853  0.98898339729610762  1.00000000000000000
  0.18406941045619832  0.20984478096553230  0.23366337818622696  0.27194928407186925
  0.31362171486311402  0.35502268984702090  0.39545493518169872  0.43608505423032251
  0.47747442483301872  0.51212634871236085  0.53956485015736833  0.56065484337404226
  0.57641335538196636  0.59226043183784571  0.60634148822295464  0.61897173995069665
  0.62978892594014013  0.63910485088255076  0.64521850446880324  0.65039044255376266
  0.65486271807018570  0.66012565300691595  0.66514948384053951  0.66898696512776934
  0.67199668415868075  0.67430324701720379  0.67645892433328203  0.67833819891792890
  0.68014652256309405  0.68153677296114912  0.68276135573804375  0.68390602748406670
  0.68506200929480543  0.68621563470227165  0.68721966635828269  0.68808135273754578
  0.68882703892538999  0.68951159449068244  0.69019005988305004  0.69090156511630096
  0.69160013948355803  0.69226546875895112  0.69287814696511685  0.69347433715547480
  0.69407557186174129  0.69466980017433955  0.69524379918360912  0.69583665567886288
  0.69639892780369772  0.69689501986370073  0.69736984795390089  0.69784514718160828
  0.69835051804211568  0.69884587321902680  0.69933543083539651  0.69984508275226853
  0.70039974034719410  0.70096022558633186  0.70151266316721972  0.70205974932916992
  0.70260540815364858  0.70316387587607454  0.70374114909823415  0.70437747818291796
  0.70510431152795883  0.70587732330239628  0.70668689229756498  0.70743157101199661
  0.70813713076530937  0.70887867258751380  0.70969411831109386  0.71066968406500419
  0.71174734421473973  0.71293148588860344  0.71421161732550642  0.71555979332990205
  0.71686580652989740  0.71819552084267413  0.71956259205505246  0.72113588902704528
  0.72326086473948559  0.72558478292203832  0.72810655134228219  0.73088399008728744
  0.73400906326693771  0.73764923916485270  0.74186968899578809  0.74652253496841769
  0.75135293687397153  0.75708724674174444  0.76415857309575719  0.77335381111910417
  0.78552066384989894  0.80335349609752205  0.84001996582458016  1.00000000000000000
   2.2884894752135305E-009  -1.0000000000000000     
 F F F F F F F F F F F F F F F F F F F F F F F F F F F F F F F F F F F F F F F F F F F F F F F F F F F F F F F F F F F F F F F F
  <DiscreteSampler_grid>
  grouped_processes
  1 # 1 for a reference and 2 for a running grid.
  10 # Attribute 'min_bin_probing_points' of the grid.
  1 # Attribute 'grid_mode' of the grid. 1=='default',2=='initialization'
  0.0000000000000000 # Attribute 'small_contrib_threshold' of the grid.
  0.5000000000000000 # Attribute 'damping_power' of the grid.
 # binID   n_entries weight   weight_sqr   abs_weight
    19   10   2.865889120522989E+008   4.495174786394514E+017   2.865889120522989E+008
    22   10   2.865889120522989E+008   4.495174786394514E+017   2.865889120522989E+008
    25   10   2.865889120522989E+008   4.495174786394514E+017   2.865889120522989E+008
    28   10   2.865889120522989E+008   4.495174786394514E+017   2.865889120522989E+008
  </DiscreteSampler_grid>
