 -0.01450288857665492  0.10370812920720507  0.15810010464317598  0.20032829645669192
  0.23456561904117096  0.26757438385521459  0.29797296030123671  0.32457849914112541
  0.34987544116238800  0.37251153866155273  0.39420361694399625  0.41618148096887519
  0.43651613845544818  0.45458511079048008  0.47174114933704459  0.48926187021753503
  0.50639865260273809  0.52169763012307124  0.53482785782592690  0.54644475326697184
  0.55998432758334515  0.57374968785629188  0.58549877535712525  0.59694294865531827
  0.60885015881378923  0.62174840117832153  0.63480300991251326  0.64683829220058697
  0.65879000668679699  0.67000365547055618  0.68235121524236697  0.69255015198625691
  0.70101826596876038  0.70916131579456931  0.71895375713925580  0.72794968650446146
  0.73664376322987102  0.74443346119277420  0.75243995307859912  0.76144954388174313
  0.77096634857188273  0.78078446551449543  0.79076002870655704  0.79980659611480931
  0.80797243424770970  0.81468679877635708  0.82028499762437646  0.82602116890219368
  0.83155937884618614  0.83768145143163364  0.84435629625213915  0.85096337279877077
  0.85742281132394493  0.86346847242051283  0.86914362081863605  0.87483760797164190
  0.88095794988074583  0.88710514420628739  0.89240322136110539  0.89771299469245891
  0.90296117069392590  0.90847167489354286  0.91396669054878998  0.91912500278807818
  0.92377906512352559  0.92770652437500278  0.93125567584153590  0.93485415423455165
  0.93852526901115230  0.94203163487920227  0.94542529885312487  0.94836859243257421
  0.95110922333922376  0.95359820627741620  0.95621333378754469  0.95890406715067078
  0.96140057042199700  0.96391441707559422  0.96623828879130613  0.96849963724879784
  0.97084458498013515  0.97329754718222605  0.97564409141936914  0.97746343310331374
  0.97928184668978369  0.98091010579688087  0.98242876005517754  0.98403140747153939
  0.98551431970305503  0.98671813381037377  0.98818925730535412  0.98997270890467337
  0.99208016025401868  0.99408089283347134  0.99483751225781547  1.00000000000000000
  0.00000000000166261  0.00000000000371844  0.00000000000581939  0.00000000000856640
  0.00000000001131341  0.00000000001346268  0.00000000001560419  0.00000000001777033
  0.00000000001998846  0.00000000002220660  0.00000000002457220  0.00000000002698753
  0.00000000002977264  0.00000000003315004  0.00000000003699853  0.00000000004062131
  0.00000000004325109  0.00000000004585941  0.00000000004833875  0.00000000005081809
  0.00000000005361478  0.00000000005646562  0.00000000006043379  0.00000000006538703
  0.00000000007054986  0.00000000007578002  0.00000000008110038  0.00000000008688672
  0.00000000009296631  0.00000000009942105  0.00000000010588962  0.00000000011242752
  0.00000000011909653  0.00000000012569019  0.00000000013383448  0.00000000014312072
  0.00000000015254173  0.00000000016328192  0.00000000017469514  0.00000000018665867
  0.00000000019917891  0.00000000021298661  0.00000000022943788  0.00000000024581839
  0.00000000026155309  0.00000000028082773  0.00000000030348533  0.00000000032690655
  0.00000000035035589  0.00000000037461582  0.00000000040300831  0.00000000043846212
  0.00000000047791500  0.00000000051886448  0.00000000055226403  0.00000000057821838
  0.00000000060528559  0.00000000063272369  0.00000000066341214  0.00000000071353811
  0.00000000076747677  0.00000000082566916  0.00000000087597963  0.00000000092488023
  0.00000000098987989  0.00000000106774967  0.00000000114955986  0.00000000126416397
  0.00000000139624443  0.00000000154636075  0.00000000172988550  0.00000000193850271
  0.00000000219206183  0.00000000254231229  0.00000000293172892  0.00000000342138600
  0.00000000409874250  0.00000000500251184  0.00000000612643551  0.00000000768905750
  0.00000001009171922  0.00000001374638368  0.00000001967999091  0.00000003029196867
  0.00000005267605223  0.00000010397427910  0.00000024437803731  0.00000065242309111
  0.00000190918788936  0.00000588628921536  0.00002126360673007  0.00009269371632782
  0.00054364360959922  0.01271821184442430  0.58756560274419545  1.00000000000000000
 -0.00257588849170680  0.01034178986015539  0.02094175900157174  0.03151390933452727
  0.04172104215225048  0.05259573184269940  0.06439488032193055  0.07697959405400200
  0.08919834645495484  0.10067967812492984  0.11151463629697847  0.12210142979994223
  0.13253568028972854  0.14324839937275419  0.15421183245060968  0.16697990897714313
  0.17905308175872886  0.19002484397265221  0.19882118453174702  0.20796639237510381
  0.21748275121962046  0.22705042909128942  0.23624958092364098  0.24571011533349099
  0.25591962429224824  0.26725665125406239  0.27833674660341684  0.28883424702950183
  0.29924463771198589  0.31054187967958774  0.32260713855326706  0.33383152954749751
  0.34467860051430543  0.35447137100793191  0.36342233390580075  0.37274659996814868
  0.38137443859488962  0.39086441145416378  0.40064892562335452  0.41001908399486520
  0.42031212278013752  0.43194768699680686  0.44285824686029379  0.45380600037592372
  0.46483542533629324  0.47659816179233527  0.48884004272828391  0.50072313865170992
  0.51168547920383922  0.52198672290039372  0.53244428029825241  0.54355379062448073
  0.55384481571281041  0.56308710556325914  0.57187228889194697  0.58045722316744364
  0.59055766195020265  0.60017079112726157  0.60977542662799644  0.61922402891391881
  0.62934033411506918  0.64034396651494963  0.65125811822486335  0.66246023474438065
  0.67351273421597024  0.68457711783140296  0.69538400509446552  0.70505714317644819
  0.71556991578181217  0.72662177123691218  0.73863152130052023  0.75049175117660227
  0.76162002626032088  0.77003088996242453  0.77779645872152459  0.78618376162077774
  0.79453570137349983  0.80499921219472115  0.81642794300844623  0.82753613517750335
  0.83806347929677638  0.84846432197990063  0.85895062940087896  0.86970079014846902
  0.87949921203409342  0.88799930611794553  0.89821353838845963  0.90979545742931489
  0.92104760617446502  0.93187951819171999  0.94348809959858948  0.95443766192991253
  0.96628658480127638  0.97785402511982633  0.98891081652491064  1.00000000000000000
 -0.00250403749931105  0.00600558162952320  0.01392605135214408  0.02130609283971361
  0.02850298720004404  0.03836266353321437  0.04910543072326516  0.06066779464979468
  0.07192293753222304  0.08196621078852667  0.09194792585015645  0.10229798387160691
  0.11158595952390099  0.11970854811900419  0.12750709669454338  0.13638377073228902
  0.14714539789684380  0.15859873938987773  0.17026606350942255  0.18205317379219313
  0.19398371241059692  0.20612810841517124  0.21772243230456106  0.22901037135251823
  0.24037280857283475  0.25182021593471104  0.26292904482142693  0.27374581195494163
  0.28418960786189934  0.29416929182031570  0.30374296074971380  0.31377447724747876
  0.32437725224449004  0.33446287162042238  0.34392697371476433  0.35287400628749793
  0.36381383518657268  0.37528324892328202  0.38648277177365042  0.39804842026432935
  0.40839816152607489  0.41739613648212742  0.42725596698006230  0.43785254606389273
  0.44881609808548695  0.46073767823741263  0.47311789502056439  0.48356065011956828
  0.49322849853060646  0.50278884498754428  0.51255301333736103  0.52352266773345790
  0.53426260845935114  0.54480026247403068  0.55606539409195299  0.56785195011529022
  0.57887965449631484  0.58905365930190767  0.59935326547407641  0.61042110198895982
  0.62219326899083727  0.63369975144074175  0.64454868741670990  0.65406127078756282
  0.66269280018228827  0.67208782644603193  0.68136998013593242  0.69256397864292274
  0.70315356154873532  0.71290440446012082  0.72245492459962024  0.73251229354751468
  0.74411058114615836  0.75535495092159011  0.76579860134328914  0.77537680679791743
  0.78579342250955253  0.79690484644730308  0.80868400068878077  0.82058966413942414
  0.83249356861850665  0.84458794091412426  0.85682708971295718  0.86884717776352538
  0.88048975880200053  0.89141727499217849  0.89990523311828896  0.90895994106276068
  0.91804477276516161  0.92917755903312071  0.94071363843132738  0.95254158119637067
  0.96465197143342463  0.97642410124329659  0.98649249437613373  1.00000000000000000
 -0.00284960196336235  0.00993600220888978  0.02185059444024725  0.03373745064476101
  0.04584196497271392  0.05722203266381196  0.06752410449796657  0.07743625941963056
  0.08744363778957322  0.09718993285899059  0.10727486453902224  0.11803213669869909
  0.12945762522193896  0.14148584616900570  0.15357309932539545  0.16564992459430139
  0.17727528793184852  0.18843205642684333  0.19965954190252128  0.21061665883912462
  0.22193420394715713  0.23269964390525241  0.24223854139364254  0.25119029726180186
  0.25987540745390503  0.26820748957339458  0.27671621087790732  0.28591520907943857
  0.29513651298183052  0.30456461529467876  0.31495011154954788  0.32539119014349444
  0.33482398414609571  0.34388128201687440  0.35427848771774467  0.36629839650940921
  0.37876363703637228  0.39044857056999249  0.40239354992486381  0.41435777768001619
  0.42601583868203707  0.43685058083454203  0.44743270976970706  0.45729476415982973
  0.46541325463581201  0.47285149051674785  0.48089271124993732  0.49111163238028910
  0.50280786477775463  0.51389094823109582  0.52452146607606065  0.53539101148838042
  0.54641013095483693  0.55651399440097571  0.56594179748526596  0.57467939839189286
  0.58268423541292425  0.59084781183235746  0.59954570485837755  0.61049581704778677
  0.62205506036091751  0.63328343202634130  0.64430994103378836  0.65543862949432097
  0.66759218796638442  0.67998613015006193  0.69200905112232214  0.70422091871003067
  0.71608176963363990  0.72787480133471805  0.73916491130106443  0.75052921055868371
  0.76164196414073260  0.77269892975894350  0.78355588943959098  0.79417446163398020
  0.80430214653051324  0.81466047906478578  0.82522204582082781  0.83638882608562737
  0.84738243555831061  0.85821339358508686  0.86898461975911223  0.87961141745217364
  0.88955261033286104  0.89983243477049768  0.91030439430486165  0.92082907037356487
  0.93315734863508315  0.94516402064286598  0.95669076375694773  0.96474757544463530
  0.97310245158203690  0.98135973963167034  0.98891112224849753  1.00000000000000000
  0.18543385976353860  0.20624086441870490  0.22662766426383021  0.25488295107846731
  0.29073063823976486  0.33434797160571389  0.38644080846367446  0.43529060163702465
  0.47666794231933785  0.51568612596075558  0.54887415106848314  0.57437423565523882
  0.59284505662338649  0.60718567516060418  0.62028449309819267  0.63059378334600125
  0.64053675556148570  0.64769139284427180  0.65381264956042118  0.65760650018485423
  0.66111371365704275  0.66435422481431272  0.66728401687624328  0.67052399161198961
  0.67323973443539764  0.67547879488523432  0.67747583800879230  0.67935130786107956
  0.68094107176217467  0.68235414882229128  0.68366394147352849  0.68475898494246890
  0.68575347628561290  0.68669148817208026  0.68762586685664928  0.68852723829533324
  0.68935939848336114  0.69011359528266714  0.69080894553080208  0.69144150860396369
  0.69203533527580730  0.69260976933521834  0.69316745976786875  0.69371428074618602
  0.69422764829326389  0.69471873464114031  0.69518262195279024  0.69564115410636040
  0.69611736838320415  0.69659714367763348  0.69704642348161094  0.69745800888105547
  0.69784760487003439  0.69824280646111025  0.69866860525945529  0.69912753218688073
  0.69959891730883883  0.70009478610373665  0.70063534621260326  0.70119821852961972
  0.70176616466633335  0.70234532466127786  0.70292403669142078  0.70349288707811719
  0.70407032186665919  0.70464875693216056  0.70523345797022230  0.70593364918543833
  0.70669209253413645  0.70752077040117234  0.70845520546450591  0.70951699985120842
  0.71057985702604709  0.71155197192057251  0.71254435558383900  0.71357055475439557
  0.71475679716342511  0.71609806075755622  0.71761602163208815  0.71933492129075371
  0.72132898411663782  0.72356376768853792  0.72605317972117445  0.72892781957894082
  0.73212026094839666  0.73567535395896078  0.73972527214012673  0.74428710682334331
  0.74946628802919157  0.75543187066633821  0.76294564998594228  0.77271909062171917
  0.78604011014602659  0.80511148188120252  0.84124629648528859  1.00000000000000000
   2.8392385629271238E-009  -1.0000000000000000     
 F F F F F F F F F F F F F F F F F F F F F F F F F F F F F F F F F F F F F F F F F F F F F F F F F F F F F F F F F F F F F F F F
  <DiscreteSampler_grid>
  grouped_processes
  1 # 1 for a reference and 2 for a running grid.
  10 # Attribute 'min_bin_probing_points' of the grid.
  1 # Attribute 'grid_mode' of the grid. 1=='default',2=='initialization'
  0.0000000000000000 # Attribute 'small_contrib_threshold' of the grid.
  0.5000000000000000 # Attribute 'damping_power' of the grid.
 # binID   n_entries weight   weight_sqr   abs_weight
    19   10   8.776529627394432E+006   3.885286886095668E+014   8.776529627394432E+006
    22   10   8.776529627394432E+006   3.885286886095668E+014   8.776529627394432E+006
    25   10   8.776529627394432E+006   3.885286886095668E+014   8.776529627394432E+006
    28   10   8.776529627394432E+006   3.885286886095668E+014   8.776529627394432E+006
  </DiscreteSampler_grid>
