 -0.01202983181384457  0.09602173764879464  0.15597413102489233  0.19880061242968511
  0.23296790354959468  0.26715920751031524  0.29817241508643866  0.32650693966577510
  0.35148250939710046  0.37590718963901548  0.39876694073676677  0.42010032510767209
  0.44038113488495617  0.46118778718128545  0.47758427545878684  0.49239616729621360
  0.50822765410263360  0.52567708990111794  0.54129722228549548  0.55441665931055051
  0.56747652218527589  0.58075489323035356  0.59316708439687305  0.60536840753040333
  0.61850941486576738  0.63172148098515102  0.64441783977376466  0.65671032219565673
  0.66881719773475545  0.68053450854963715  0.69125649436412528  0.70104801969078312
  0.71096031822790029  0.72092249365985084  0.73026799533391085  0.73873688931802783
  0.74655931403480214  0.75415591715555763  0.76213322545727802  0.77090608453791754
  0.78004372415060164  0.78853762658796778  0.79652230657302225  0.80419283753733328
  0.81181597324214616  0.81866171316177849  0.82533932196731874  0.83186729670264858
  0.83881428875400221  0.84573141096812754  0.85163984888381261  0.85680752559311824
  0.86216469767693105  0.86766010270329630  0.87368967490912675  0.87997783835379606
  0.88570420622139034  0.89109319876195303  0.89568116779347351  0.89974343363733311
  0.90343636370690861  0.90687362532737037  0.91111566216004958  0.91513460022842297
  0.91917489108231343  0.92344959446064190  0.92743697071612852  0.93117069933484153
  0.93477363124531110  0.93835397854909031  0.94193030012140833  0.94528785288056438
  0.94818427218846402  0.95108692697738395  0.95398039220006670  0.95673076736717932
  0.95869454729398162  0.96030262808684586  0.96185004114744499  0.96335296071691723
  0.96484709160082394  0.96633241686707139  0.96838052679438869  0.97081853625258430
  0.97279433987133856  0.97455687446110073  0.97622048799111139  0.97780362940740739
  0.97947302863311525  0.98133271651394105  0.98311689019424719  0.98504201849538187
  0.98706354304032373  0.99045228231239080  0.99464662253755920  1.00000000000000000
  0.00000000004851823  0.00000000005041423  0.00000000005164234  0.00000000005268259
  0.00000000005366671  0.00000000005460209  0.00000000005553995  0.00000000005675763
  0.00000000005810274  0.00000000005954284  0.00000000006116857  0.00000000006280637
  0.00000000006425372  0.00000000006575232  0.00000000006727717  0.00000000006863425
  0.00000000007006589  0.00000000007175995  0.00000000007354985  0.00000000007534445
  0.00000000007724672  0.00000000007963427  0.00000000008233696  0.00000000008471809
  0.00000000008699492  0.00000000008920480  0.00000000009198916  0.00000000009490806
  0.00000000009797697  0.00000000010131967  0.00000000010490073  0.00000000010859671
  0.00000000011237479  0.00000000011668867  0.00000000012155448  0.00000000012658450
  0.00000000013185179  0.00000000013744876  0.00000000014285857  0.00000000014812320
  0.00000000015352323  0.00000000015945838  0.00000000016588227  0.00000000017240618
  0.00000000017925231  0.00000000018645556  0.00000000019431489  0.00000000020261033
  0.00000000021169568  0.00000000022119127  0.00000000023161743  0.00000000024183786
  0.00000000025167563  0.00000000026206184  0.00000000027328051  0.00000000028782996
  0.00000000030377411  0.00000000032133522  0.00000000034002260  0.00000000036104530
  0.00000000038589129  0.00000000041678044  0.00000000045094477  0.00000000048379163
  0.00000000051550571  0.00000000054848589  0.00000000058812125  0.00000000063107695
  0.00000000067865750  0.00000000073614888  0.00000000079440371  0.00000000085355788
  0.00000000091770543  0.00000000098775812  0.00000000107757092  0.00000000119359146
  0.00000000130859709  0.00000000143812933  0.00000000161569121  0.00000000183215715
  0.00000000210784343  0.00000000248864527  0.00000000301133415  0.00000000378029087
  0.00000000493410284  0.00000000665068845  0.00000000927985160  0.00000001629671139
  0.00000003916348503  0.00000018654260670  0.00000133293640849  0.00000903039361662
  0.00011430311276852  0.00803091300845601  0.60493246686727598  1.00000000000000000
 -0.00277109227113349  0.01049123216553462  0.02193486875679734  0.03319543075691346
  0.04376961854186665  0.05393728548619722  0.06490913554758625  0.07645921010129877
  0.08783792375016185  0.09907392714590875  0.11076104684564228  0.12305895715750681
  0.13539017246736207  0.14685449861125427  0.15795047870965823  0.16855946648771897
  0.17912812329663697  0.18923006229677233  0.19913113972166185  0.20917866535484014
  0.21885033241842231  0.22868270252237938  0.23884205694113392  0.24934858159529441
  0.26052412782701168  0.27201875213211818  0.28299204539723216  0.29344956355066859
  0.30414695560123428  0.31374403830000358  0.32400122342745774  0.33348135032709864
  0.34372009428968259  0.35414456853867482  0.36498187761889367  0.37577337553835322
  0.38676655485721578  0.39790415824721631  0.40876664366173682  0.41952846770953262
  0.42986509279983581  0.44008344021573709  0.44974076845704081  0.45966198103447509
  0.46839971676666170  0.47931255954333601  0.49030891740384891  0.50164381173916162
  0.51233778905601646  0.52248349344832390  0.53185946203374213  0.54141980202881779
  0.55093661360989232  0.56095743396100861  0.57115753257989377  0.58195845148770886
  0.59265725342097297  0.60265501421670242  0.61263813970653902  0.62242956172221342
  0.63217756587292384  0.64195435502082510  0.65182223745851131  0.66211514155213724
  0.67293388852194025  0.68433508198480664  0.69622305058059630  0.70778177388686614
  0.71868206687290048  0.72828347939219451  0.73705680918488647  0.74594177743166312
  0.75565113515314930  0.76695491879394562  0.77862461746789036  0.78979153753577735
  0.79985507245826004  0.80915267665091994  0.81860097267679022  0.82856212153209274
  0.83956423523252988  0.85068076222674638  0.86236358892746467  0.87324302875024018
  0.88365284773671882  0.89431509688467437  0.90360810852017315  0.91331983471805545
  0.92296262469974011  0.93409985550939800  0.94417896376059096  0.95420967381038080
  0.96546424646171825  0.97691243430655461  0.98866742516515127  1.00000000000000000
 -0.00259847318237192  0.01038815697026348  0.02104869677769872  0.03286051756724562
  0.04280610562001125  0.05149970066165610  0.06127296096292661  0.07177695646549741
  0.08294028580847904  0.09392020825105180  0.10438475421013034  0.11536157851925040
  0.12668137480990174  0.13763459242069087  0.14883794501609360  0.16023678410927494
  0.17150057931951437  0.18235236685654968  0.19244472313599825  0.20210273669769899
  0.21188163530139720  0.22111313389653386  0.23024087973707613  0.23950458957008830
  0.24890973963435872  0.25945035409197792  0.27048405404931797  0.28136659203213976
  0.29191147941325873  0.30202481061754943  0.31168600432616300  0.32097986480557744
  0.33026166564943560  0.34022157514169477  0.35123662588168630  0.36201602265109217
  0.37152308467453909  0.38077132887424109  0.39061587919750285  0.40106679820095670
  0.41233361335891033  0.42398675522067042  0.43482833471709520  0.44553433227448408
  0.45638479352687888  0.46702986961947368  0.47735631860261946  0.48750577259800620
  0.49840869899964541  0.50973705042047535  0.52076139759973639  0.53131427075248483
  0.54191121047248025  0.55247743194129717  0.56281688887778303  0.57297846998643986
  0.58361353806450855  0.59520615826196133  0.60690192925169983  0.61845410684388225
  0.62866556135070251  0.63832031126768540  0.64782268596426018  0.65742028860390334
  0.66792697311041971  0.67871659389864269  0.69040685150151360  0.70262360594274076
  0.71429917869978188  0.72516927320203950  0.73552279036322721  0.74554446595941537
  0.75537758384917719  0.76545318751014324  0.77663809625555158  0.78841021236009012
  0.79973664760675844  0.81028299373581336  0.82053525811076367  0.83097079123477580
  0.84152978292979619  0.85203788414127890  0.86265395753701934  0.87303241337508319
  0.88288192713485258  0.89201609427309381  0.90101320712294775  0.91059447490089118
  0.92081913191206222  0.93171343384615413  0.94264661098648794  0.95449499806671811
  0.96573858351557240  0.97699621704480888  0.98791334144935183  1.00000000000000000
 -0.00192927105472181  0.00854095675134608  0.01913353492390927  0.03053627663001938
  0.04094121194798074  0.05097396031519272  0.06093618596919761  0.07116405641829421
  0.08132180546782949  0.09170361064629740  0.10186030654991543  0.11228268735459825
  0.12374889352147889  0.13455586139815109  0.14527710115876263  0.15552524313916155
  0.16651310641291800  0.17777871025096567  0.18928976255805988  0.20109711171469702
  0.21261462909523907  0.22363259823220133  0.23436596793761116  0.24439878463223275
  0.25496416574224645  0.26451059966035068  0.27410210374584243  0.28422827369213677
  0.29473095603934046  0.30539065833557238  0.31553115995305547  0.32576243974871189
  0.33566179415750097  0.34583063415238235  0.35573254370472362  0.36594372370532990
  0.37680848885272322  0.38831502300150261  0.40024381170282497  0.41200005513801197
  0.42358779078941472  0.43498428169527126  0.44584137963386777  0.45628770487864212
  0.46682595094833940  0.47648569051508366  0.48604624951463116  0.49457076567414726
  0.50421567671164302  0.51419554574551918  0.52544187665807440  0.53637379277272068
  0.54705054366705674  0.55714505822118798  0.56733884970213833  0.57769238618173946
  0.58943892500095441  0.60149490405235950  0.61337051266800602  0.62466629534781948
  0.63530703214203421  0.64580282903829123  0.65617616558353853  0.66693214097905706
  0.67838645396115482  0.68986682478180161  0.70105466023750707  0.71180522548227421
  0.72143710867207800  0.73083692856460336  0.74088154180306065  0.75108611773502998
  0.76213073544907506  0.77314250528859807  0.78449019468628256  0.79489484204498240
  0.80541865463230755  0.81509263737322335  0.82446525541260640  0.83503410124860011
  0.84613363921666374  0.85750202689170474  0.86871573138222213  0.87931343077162938
  0.88899994451308662  0.89784602169792116  0.90743714132630982  0.91721964359242292
  0.92839486526455972  0.93972204630828593  0.95087129112077440  0.96126315024584874
  0.97083078086365182  0.98037313077959554  0.98953751252472955  1.00000000000000000
  0.18442007103388713  0.20934412298319199  0.23035559264787689  0.26098146623269219
  0.29195070952126090  0.32622755961858790  0.36594105167290059  0.41351237385828393
  0.45422806774424801  0.49004040663473664  0.51908970437228308  0.54784582063682097
  0.57245637247538650  0.59339253205198239  0.60914134157504451  0.62243248233983672
  0.63289624742782191  0.64117585102834584  0.64851132108950993  0.65461451089008316
  0.65965717251190825  0.66383810499541773  0.66746909901793594  0.67068015933901470
  0.67346144738081359  0.67589872527617667  0.67802892931833869  0.67984724153439202
  0.68137662859620041  0.68268555757280347  0.68386856400204898  0.68497251154294403
  0.68601333177004320  0.68700955082867432  0.68795341984209801  0.68884124067010044
  0.68964623522127277  0.69038061358483371  0.69106233625636304  0.69169780438357853
  0.69229955626162398  0.69286208969496621  0.69340533431932472  0.69394275795662674
  0.69445027251346803  0.69495620326117991  0.69541587386182657  0.69584540714719390
  0.69626664578224562  0.69669450235412755  0.69712296625511605  0.69760030764881553
  0.69810045229622852  0.69856434799090994  0.69902301791555743  0.69944537394606821
  0.69993094287430435  0.70043950268752331  0.70095756976269907  0.70152637824396580
  0.70212339272731028  0.70271475761148583  0.70327768276097435  0.70386807190465750
  0.70448856440951269  0.70512276360553239  0.70577114657352613  0.70642196691201953
  0.70714389838265490  0.70795055969003262  0.70887743251232238  0.70985581548870691
  0.71085490375593918  0.71187429303906369  0.71301076751251213  0.71423851585025211
  0.71552184969839461  0.71692282357708004  0.71849923672590910  0.72032551896419061
  0.72225568522487371  0.72418179454615417  0.72626914502453477  0.72872231401618759
  0.73178452220988344  0.73532281594202287  0.73933394917322437  0.74407958363247761
  0.74981878295841142  0.75635018763978867  0.76342166420280400  0.77198740974774605
  0.78300516846471868  0.80091344405265863  0.83626922576281626  1.00000000000000000
   2.5434950590708757E-009  -1.0000000000000000     
 F F F F F F F F F F F F F F F F F F F F F F F F F F F F F F F F F F F F F F F F F F F F F F F F F F F F F F F F F F F F F F F F
  <DiscreteSampler_grid>
  grouped_processes
  1 # 1 for a reference and 2 for a running grid.
  10 # Attribute 'min_bin_probing_points' of the grid.
  1 # Attribute 'grid_mode' of the grid. 1=='default',2=='initialization'
  0.0000000000000000 # Attribute 'small_contrib_threshold' of the grid.
  0.5000000000000000 # Attribute 'damping_power' of the grid.
 # binID   n_entries weight   weight_sqr   abs_weight
    19   10   8.416671302652080E+005   3.412043434069212E+012   8.416671302652080E+005
    22   10   8.416671302652080E+005   3.412043434069212E+012   8.416671302652080E+005
    25   10   8.416671302652080E+005   3.412043434069212E+012   8.416671302652080E+005
    28   10   8.416671302652080E+005   3.412043434069212E+012   8.416671302652080E+005
  </DiscreteSampler_grid>
