 -0.01576561851651776  0.11369243398393247  0.16775856070209030  0.21206121834220323
  0.25117393049360870  0.28585339175132268  0.31748299925951773  0.34783316367550254
  0.37578846058568499  0.39959827006563692  0.41751282387867278  0.43368912678891192
  0.45099277032252311  0.46897699346724947  0.48605588144515127  0.50253674721526354
  0.51720349515665864  0.53178762936854096  0.54641601860655209  0.56098666087945892
  0.57542854404717159  0.58954173430672185  0.60283460590452764  0.61501911122049124
  0.62609456873504155  0.63687173656860541  0.64734828954752399  0.65820151199642629
  0.66934346360111474  0.68007436449043113  0.69029680091622192  0.70044712996511427
  0.71080321516534573  0.72121016775410784  0.73091133713398848  0.73966867756642807
  0.74711245577892671  0.75433887241484898  0.76135487455317929  0.76886773113087326
  0.77722675513403583  0.78530389002737455  0.79329537925440285  0.80141652053758494
  0.80949877751822963  0.81720308326587388  0.82397979282108791  0.82980557108883612
  0.83500862494243455  0.84038128226163455  0.84573285472896409  0.85115032007291358
  0.85655279656033478  0.86225841393544633  0.86854293470590693  0.87490512363848916
  0.88106356882481274  0.88680927472333182  0.89180659706105536  0.89622966784178093
  0.90037653486310099  0.90447407083246467  0.90874573537737791  0.91309399082216258
  0.91742421732681600  0.92180027836917944  0.92608389204242858  0.93044017694390790
  0.93479933252287373  0.93890801629675480  0.94262435813981160  0.94610438335193692
  0.94939952514286163  0.95190893413221067  0.95402564467580564  0.95604449406234593
  0.95803890820901683  0.96018315427117085  0.96240477076447684  0.96463261024583813
  0.96686129633809625  0.96918992714894026  0.97159454131359568  0.97400616318981026
  0.97637900736660566  0.97846852861603417  0.98016584681607599  0.98154301711027181
  0.98284977244429816  0.98423117379373037  0.98571079188519839  0.98773876302096342
  0.99053060154169170  0.99322164962043746  0.99519303619829258  1.00000000000000000
  0.00000000002511134  0.00000000002633465  0.00000000002710653  0.00000000002768426
  0.00000000002833887  0.00000000002901842  0.00000000002972765  0.00000000003043973
  0.00000000003100458  0.00000000003147991  0.00000000003197448  0.00000000003242589
  0.00000000003285609  0.00000000003337072  0.00000000003404412  0.00000000003490155
  0.00000000003581256  0.00000000003691661  0.00000000003807056  0.00000000003918509
  0.00000000004023817  0.00000000004130100  0.00000000004233132  0.00000000004323113
  0.00000000004411553  0.00000000004502936  0.00000000004595574  0.00000000004701477
  0.00000000004817338  0.00000000004955809  0.00000000005117079  0.00000000005331617
  0.00000000005527666  0.00000000005733427  0.00000000005953304  0.00000000006187791
  0.00000000006436208  0.00000000006696468  0.00000000006968101  0.00000000007260431
  0.00000000007563439  0.00000000007853065  0.00000000008113831  0.00000000008364293
  0.00000000008629905  0.00000000008912872  0.00000000009233515  0.00000000009569177
  0.00000000009928149  0.00000000010365293  0.00000000010825599  0.00000000011323523
  0.00000000011845402  0.00000000012369695  0.00000000012965581  0.00000000013664609
  0.00000000014454692  0.00000000015329322  0.00000000016275716  0.00000000017252796
  0.00000000018292426  0.00000000019471640  0.00000000020681232  0.00000000021895482
  0.00000000023096825  0.00000000024352550  0.00000000025679585  0.00000000027097163
  0.00000000028708103  0.00000000030136744  0.00000000031879545  0.00000000034061825
  0.00000000036744553  0.00000000039741580  0.00000000043185185  0.00000000046833579
  0.00000000050508354  0.00000000054381998  0.00000000059586797  0.00000000065711246
  0.00000000073266029  0.00000000082652720  0.00000000092143041  0.00000000102276086
  0.00000000116498397  0.00000000138283103  0.00000000177130448  0.00000000232907661
  0.00000000321852913  0.00000000488670886  0.00000001038786151  0.00000003320745501
  0.00000046828665819  0.00001023466005559  0.00445427916736716  1.00000000000000000
 -0.00229283473304576  0.00899942858350939  0.02037238798913291  0.03151410176265818
  0.04462369279761418  0.05309802421751173  0.06161176926359944  0.06982695524209137
  0.07689319668018904  0.08466173199068303  0.09427412524866073  0.10517084191561851
  0.11699073933740209  0.12895218414526921  0.14028963576328524  0.15085207568649814
  0.16089487937466385  0.17104456506131033  0.18144080920252267  0.19223419179985848
  0.20181150530282280  0.21021303956884238  0.21886647719864782  0.22744552789448313
  0.23558071925698457  0.24576537978001811  0.25732340824877969  0.26810536573298660
  0.27840320353394427  0.28948362178949433  0.30146097436928976  0.31333695837143705
  0.32454828294266397  0.33536882852022731  0.34616800462030783  0.35715518665104418
  0.36806349955313084  0.37831952296856092  0.38832638166435746  0.39833142782652226
  0.40855560353267090  0.41821683067887960  0.42721937303631052  0.43660510299803768
  0.44624006360059165  0.45595725402973653  0.46572354563036272  0.47571725757096189
  0.48613035582726527  0.49729098181081577  0.50904223611212129  0.52055412473625917
  0.53163232145908668  0.54265900726402250  0.55362688596781251  0.56436607199987043
  0.57502505853870567  0.58591079697033566  0.59639050457468412  0.60735726540827228
  0.61892834916589123  0.63091585451436782  0.64295426275519929  0.65461999440660845
  0.66607987735872487  0.67747091226129474  0.68944041096085540  0.70157371128730805
  0.71302669672684904  0.72370234290944080  0.73383610368857055  0.74421842097816870
  0.75517737845521848  0.76660161138476057  0.77800345400578452  0.78902944681543929
  0.80001024943127663  0.81070548239919249  0.82173946037136159  0.83272074902514004
  0.84320641297780730  0.85266977701300406  0.86198443540374614  0.87162901432629170
  0.88122694583033057  0.89120103856961352  0.90132977463230135  0.91258734178383227
  0.92386192772180253  0.93527903159670234  0.94646923851518161  0.95743209905178250
  0.96814831044139704  0.97872802439973083  0.98900871103171129  1.00000000000000000
 -0.00246679983325374  0.01011957485165111  0.02098143982192234  0.03208774292320098
  0.04296629514242050  0.05389576570970372  0.06605728035449346  0.07724473780782776
  0.08377583251594704  0.09163236900824427  0.09985644445785478  0.10885933494615770
  0.11816276856179947  0.12693023641568907  0.13661308565080710  0.14644690043989622
  0.15723993808874623  0.16886224036364619  0.18028121845059417  0.19096175531697826
  0.20060637312114102  0.20965304842659091  0.21882698798598058  0.22873380377872640
  0.23921952576946176  0.24904589186477510  0.25739489035341828  0.26504329517462888
  0.27279062666562265  0.28062040481874712  0.29059225497427149  0.30212723180854745
  0.31353754613392454  0.32454051573889903  0.33510166879193559  0.34577002166572984
  0.35602073542602247  0.36632291556723046  0.37696675800345458  0.38783742517424857
  0.39929275254060215  0.41026967454688507  0.42083309632946525  0.43119558103207345
  0.44176677154568034  0.45245958590278812  0.46370596256593910  0.47528507650685831
  0.48763699555069362  0.50015484740022742  0.51154051567148640  0.52237125904476578
  0.53276951774877634  0.54341596482483168  0.55417038528740159  0.56467868627913231
  0.57554959987269194  0.58650371086806419  0.59818172745622633  0.60971508297693033
  0.62098516579322460  0.63246363388115645  0.64407144723013265  0.65524568668756944
  0.66626546579040091  0.67740983384649456  0.68888600300718927  0.70066665275513185
  0.71233939328791962  0.72330993499209995  0.73349347792687924  0.74361469759141330
  0.75362347115003103  0.76350063488869502  0.77341353085627840  0.78353570942184692
  0.79356164186990974  0.80341884796353980  0.81342968563191986  0.82403322835546533
  0.83509231205503365  0.84637474653610945  0.85767633037036062  0.86902573109995018
  0.88053490379863963  0.89189630786066254  0.90304860172970747  0.91400040057081910
  0.92444769953539707  0.93504438095870279  0.94485490195023258  0.95605974911895186
  0.96642628658237428  0.97738043986230339  0.98881329447258792  1.00000000000000000
 -0.00190913911333716  0.00779662512377933  0.01753484906729826  0.02841650922776116
  0.03934377645144826  0.04986267158461603  0.05977642702037657  0.06956209583486207
  0.07955639065128357  0.09009631035601105  0.10106296847705097  0.11207124183075731
  0.12274086887989104  0.13362070736442466  0.14419282093065683  0.15404449336799189
  0.16383699312064040  0.17415436383207306  0.18578442885308749  0.19854754794119944
  0.21107753807163854  0.22302453550630891  0.23383058254457262  0.24393035752652853
  0.25378248707982826  0.26461072320891338  0.27627535389996044  0.28746704745511276
  0.29786760420594449  0.30753846098722198  0.31749827119970059  0.32860567971389804
  0.34008088607975279  0.35219982654743104  0.36207462798169188  0.37006545292852161
  0.37855299057029212  0.38680969126413278  0.39564749870850174  0.40624407849995953
  0.41790740140048721  0.42856508903862339  0.43877058616325104  0.44941141896490538
  0.46076471129711311  0.47250908275619463  0.48398732824248003  0.49568314720355044
  0.50759689413774789  0.51964595918670997  0.53064835328426874  0.54143734579721725
  0.55210294509255164  0.56270522006629820  0.57279311192213744  0.58300838051514525
  0.59402955908662836  0.60588086516112005  0.61733568991235444  0.62811510519960623
  0.63817142650089254  0.64788038085155186  0.65799016096810781  0.66803104526512858
  0.67623782979548064  0.68287028213832901  0.69016007917503874  0.69833457779085450
  0.70748919962317525  0.71866317285661263  0.72994141386663824  0.74033417457261452
  0.75063024308296433  0.76103014539760305  0.77203448320900492  0.78342172475516314
  0.79485678746397304  0.80619013041502796  0.81775386593546473  0.82980065131209146
  0.84191831024349084  0.85283601305273482  0.86281005431541891  0.87269061506994150
  0.88330774936004675  0.89411486664715256  0.90463296290488027  0.91413520978034457
  0.92329238952633030  0.93223722161550615  0.94194644302174335  0.95351986778932152
  0.96513310770464766  0.97662852584742166  0.98821782496507504  1.00000000000000000
  0.18611780278840429  0.19991289611770666  0.21359449576960457  0.22957585390608473
  0.26086498914891459  0.30580435919067600  0.35275676364844388  0.40340791887376026
  0.45341201020741712  0.49357252146038633  0.52535955521979039  0.55276145030146340
  0.58004995182804164  0.59858566540658498  0.61295873208386609  0.62466032031444019
  0.63522629123335372  0.64443599700323040  0.65157867969964522  0.65740272273955458
  0.66232661904067636  0.66689570685015021  0.66986164822351812  0.67211580143270633
  0.67414301389572751  0.67582571814633219  0.67726851681838429  0.67882684867421972
  0.68031904854507319  0.68182233696935735  0.68311122635901234  0.68418773588881288
  0.68523829811700465  0.68626452419417694  0.68724359485198117  0.68813149284226327
  0.68891279956608875  0.68962567583982193  0.69030093197266529  0.69094576513396422
  0.69159305805433791  0.69224435591742328  0.69280991854247820  0.69325098038816468
  0.69365258772383154  0.69409957102596120  0.69455149403752026  0.69499652763357012
  0.69540915918724278  0.69583488832112017  0.69630711532414646  0.69677467824737271
  0.69722893238632333  0.69768675916381906  0.69814965816895669  0.69862623793418011
  0.69912393389176875  0.69964582635688555  0.70016075296247549  0.70065370432312535
  0.70114281349678043  0.70165322516827233  0.70222273297722593  0.70280692937402245
  0.70341166687643863  0.70406514424051136  0.70474932583697880  0.70543027914776657
  0.70608973533740216  0.70678762208704937  0.70753797483330505  0.70836496862043863
  0.70930590136396687  0.71033747017979987  0.71138881993052328  0.71243783713058517
  0.71351266047828277  0.71468007301713965  0.71599465175010268  0.71755140733686573
  0.71940033089499833  0.72146330792988089  0.72364006026012140  0.72594572941052116
  0.72857821778567933  0.73182114387430941  0.73590976888187154  0.74058027090266521
  0.74594363314004020  0.75176924926457478  0.75899151613266891  0.76867883775585655
  0.78240757720273690  0.80072903709138943  0.83917134489912359  1.00000000000000000
   2.5046773839772382E-009  -1.0000000000000000     
 F F F F F F F F F F F F F F F F F F F F F F F F F F F F F F F F F F F F F F F F F F F F F F F F F F F F F F F F F F F F F F F F
  <DiscreteSampler_grid>
  grouped_processes
  1 # 1 for a reference and 2 for a running grid.
  10 # Attribute 'min_bin_probing_points' of the grid.
  1 # Attribute 'grid_mode' of the grid. 1=='default',2=='initialization'
  0.0000000000000000 # Attribute 'small_contrib_threshold' of the grid.
  0.5000000000000000 # Attribute 'damping_power' of the grid.
 # binID   n_entries weight   weight_sqr   abs_weight
    19   10   9.187014324436235E+004   3.626925776869789E+010   9.187014324436235E+004
    22   10   9.187014324436235E+004   3.626925776869789E+010   9.187014324436235E+004
    25   10   9.187014324436235E+004   3.626925776869789E+010   9.187014324436235E+004
    28   10   9.187014324436235E+004   3.626925776869789E+010   9.187014324436235E+004
  </DiscreteSampler_grid>
