  0.38489375564158906  0.38575199416542510  0.38685195589289095  0.38793157127083677
  0.38900861563348244  0.39009834849645553  0.39121696655041349  0.39235627119518501
  0.39349360420901369  0.39459004583261886  0.39572421337403507  0.39700766971846418
  0.39836022254831238  0.39973900215822511  0.40111491292886331  0.40248062674909196
  0.40384566517442344  0.40519907050117870  0.40655162903748371  0.40790671624981345
  0.40926154949531951  0.41063151164853845  0.41199925245182512  0.41337579359350435
  0.41476200867447538  0.41612119990611857  0.41760724073471717  0.41910786319911242
  0.42059945235724311  0.42206781349716094  0.42356923354338499  0.42507472237000016
  0.42660267902851118  0.42813664086058634  0.42969359024613707  0.43126468943221286
  0.43285603033070502  0.43446460068906967  0.43606692690175286  0.43769359219919618
  0.43940177542409814  0.44117657915478847  0.44296313799914955  0.44475471849725717
  0.44654434152490852  0.44831850941049151  0.45010071274105112  0.45191556781847075
  0.45376482725230527  0.45566373941476401  0.45760230354554948  0.45964192134921394
  0.46171146488556630  0.46373094796984726  0.46572864619330206  0.46765797331426268
  0.46959959967566106  0.47158419673779484  0.47365657075813533  0.47588877796105944
  0.47818658817435905  0.48057437187410756  0.48303074101985061  0.48552129270865124
  0.48798686733543972  0.49040340310424257  0.49278435152898586  0.49531523331797966
  0.49800256489363831  0.50112776216272537  0.50429680277346078  0.50735422195356072
  0.51035437934351602  0.51339914912259810  0.51644643324182793  0.51971069335456932
  0.52337261511712285  0.52726083614382979  0.53122071323557851  0.53511177181508063
  0.53911019967903473  0.54351055923456482  0.54856996110400869  0.55384677337119137
  0.55901025942219984  0.56427659093655247  0.57019934533593986  0.57607053419802745
  0.58208339731754999  0.58887588845101657  0.59615652556206888  0.60318416129221586
  0.61330587350142485  0.62458260300516999  0.68388424572851203  1.00000000000000000
  0.01052065335184474  0.01325589542352768  0.01425359948398781  0.01502320961857629
  0.01568209796940265  0.01627404368486916  0.01682904201829352  0.01736564787707552
  0.01789885173681353  0.01843180737797039  0.01897615047034731  0.01953061635289353
  0.02008755542427383  0.02063768635008314  0.02118040877750621  0.02170396634426515
  0.02222118964318879  0.02275342997999796  0.02328744615331225  0.02381231226669876
  0.02433235179500447  0.02484906885741540  0.02536644991867749  0.02589142354237526
  0.02642648344649039  0.02696597147925268  0.02750262754962097  0.02804089179930504
  0.02858929801422932  0.02915253397957171  0.02973252396105853  0.03032428823819385
  0.03091932027110532  0.03151088084430474  0.03212157155685626  0.03275549612734410
  0.03339375015202092  0.03403934581671100  0.03470224365475313  0.03536763971856356
  0.03603307157027320  0.03669535572729835  0.03735960440217624  0.03803522669207447
  0.03872370352143029  0.03943061215473951  0.04014640115785131  0.04087002202677999
  0.04160516780739449  0.04236766315125149  0.04314673118712111  0.04393484660728185
  0.04475812589176298  0.04562579967872380  0.04651817022146815  0.04741985624340558
  0.04833556934594786  0.04926987563578009  0.05020171293864330  0.05117498615556385
  0.05220065444096087  0.05325663890277239  0.05433199954529883  0.05543732089359776
  0.05658805491805625  0.05776007688181595  0.05896738275324882  0.06023714824377541
  0.06150417256083352  0.06287418475183200  0.06434204814044113  0.06583023100156030
  0.06746118311455165  0.06919664543936133  0.07102251057717601  0.07297415105985745
  0.07505179267822876  0.07725172570506116  0.07961727360391389  0.08210418795208432
  0.08476914761261999  0.08757799086537869  0.09069130744866603  0.09408586343334517
  0.09781070039635920  0.10204519062435698  0.10683935457822626  0.11222372444886737
  0.11839481783462411  0.12601143755580174  0.13546409120937805  0.14758627831794624
  0.16454164281187988  0.19596159482883374  0.27964884811149054  1.00000000000000000
 -0.00197690621473621  0.01016481738295465  0.02051096691029382  0.03096460986202242
  0.04137825761954785  0.05215186889791205  0.06314013441669183  0.07374901678292717
  0.08414241380851105  0.09431188583844849  0.10465141345881793  0.11478110311183265
  0.12490704396332084  0.13514298720264420  0.14544188314270254  0.15602817598683541
  0.16665810810170495  0.17724823133940479  0.18776017114567023  0.19851001805516952
  0.20924388981863110  0.21993888304606904  0.23077022927770718  0.24189828196488336
  0.25298459137406465  0.26391248090122582  0.27461619078509025  0.28522612477175380
  0.29554957049336883  0.30597673538081799  0.31650207040607331  0.32712140196466760
  0.33776581629816110  0.34837650962264649  0.35888716081761168  0.36927789592043053
  0.37972402151743684  0.39032074825470819  0.40093101434347500  0.41153255967764668
  0.42223159355402484  0.43306582480309774  0.44404201084763772  0.45511932604293681
  0.46617133163639740  0.47712200111056824  0.48778234185866276  0.49799618376851118
  0.50798199891767426  0.51781108608303772  0.52800302946191957  0.53862266576482787
  0.54930865561974473  0.55993568475436206  0.57034836000113576  0.58078719884163610
  0.59129949195411069  0.60184027502596316  0.61247277344105444  0.62326287940723424
  0.63417594023904456  0.64502686480633864  0.65516393273991025  0.66504545454458941
  0.67485265784256754  0.68466861263697731  0.69473894987206297  0.70498902170936950
  0.71546638013436425  0.72642827741497151  0.73727520852385309  0.74808630853956426
  0.75872450337361175  0.76924904088733925  0.77984234489441373  0.79059687313604776
  0.80117799041415827  0.81183806010639592  0.82196769117327195  0.83224084784586960
  0.84207251299747310  0.85234751361198613  0.86279432057261485  0.87330083951007154
  0.88332565413920650  0.89341386578765891  0.90391784229675776  0.91483829072320977
  0.92530869916682379  0.93537166823548756  0.94547144035046371  0.95593790949123270
  0.96661896572680928  0.97762138932133535  0.98877698819615645  1.00000000000000000
 -0.00263950558865544  0.01034325680659236  0.02091546707796646  0.03133384104716235
  0.04178017884734671  0.05226222270794522  0.06296131467461971  0.07334932921183279
  0.08392476429550258  0.09470506355617660  0.10532719016954559  0.11547218846734757
  0.12522038295456767  0.13494366378887360  0.14456432036370234  0.15459094492719991
  0.16483751783105258  0.17516598641105258  0.18568856708004158  0.19594484685689306
  0.20609497461109441  0.21618695285240519  0.22627965572952913  0.23647460338378196
  0.24673983849047784  0.25738847997845027  0.26801543419867202  0.27865376247570850
  0.28907056103464235  0.30023389606087564  0.31137125080399081  0.32230581635990707
  0.33354030681978197  0.34326919128939948  0.35342076535662892  0.36331068915462639
  0.37338136463482247  0.38341645295525384  0.39346229790976123  0.40395015805268442
  0.41482131832910879  0.42576763153569963  0.43679445283150964  0.44793106731757187
  0.45903762992806829  0.46967281417374163  0.48015039801545728  0.49025807551945383
  0.50016608080325309  0.51011353052959418  0.52058164324598077  0.53148633879642460
  0.54239929658669106  0.55323629720969170  0.56422634057205134  0.57573791841983424
  0.58683913219123418  0.59800346727614873  0.60897348924912753  0.62057481555397276
  0.63091900608413676  0.64111284432348958  0.65157851007160383  0.66209467188661308
  0.67242581610944174  0.68249413194325359  0.69284397575846313  0.70313723619436819
  0.71333814847552146  0.72392956556207333  0.73486268266633226  0.74564702682035811
  0.75695039617534154  0.76868048637803765  0.77963654921823877  0.79036666296976676
  0.80129323599223967  0.81219384940351547  0.82280701978592596  0.83296993578782419
  0.84347454373347375  0.85411629042027459  0.86466625206439995  0.87503538465013786
  0.88514584569683497  0.89545276692638509  0.90579567430803365  0.91570830481048970
  0.92541046222293488  0.93487680476115165  0.94482532777354900  0.95499563206175297
  0.96582603831873548  0.97704438236971058  0.98854983173911604  1.00000000000000000
 -0.00253506890151080  0.01029466562914056  0.02067063456927591  0.03071192674602719
  0.04104438110455522  0.05110669334160366  0.06114730770629388  0.07133203427109705
  0.08165943490457163  0.09221026507403671  0.10290569014887230  0.11358684542082430
  0.12432484734267310  0.13490142391421606  0.14519918081996100  0.15562639293863986
  0.16610182259314374  0.17668552463041343  0.18737358354689276  0.19807010076429507
  0.20856191311549843  0.21850890486395763  0.22841657977307439  0.23849619408651518
  0.24860483717029380  0.25871032462803872  0.26898438054038570  0.27976261248968121
  0.29125584164218338  0.30292241243003948  0.31439652586832290  0.32529009242409668
  0.33594918196195972  0.34632517094447191  0.35658931628619278  0.36690832818047225
  0.37749959865226002  0.38808971980267698  0.39849293460465829  0.40831032726564542
  0.41829679973015071  0.42850106120478137  0.43901883534654734  0.44973554557537848
  0.46036716927849441  0.47093349172271914  0.48152618998915703  0.49201927286848895
  0.50254901868935131  0.51309839790926404  0.52368251382434461  0.53440290827194847
  0.54498259252381132  0.55541037242475266  0.56570410227799228  0.57579850450713332
  0.58582971208025747  0.59562188798376392  0.60561301888610097  0.61588026328889101
  0.62616024979157114  0.63652729149412435  0.64715021208480439  0.65809869841658319
  0.66926131446639048  0.68024954174547347  0.69119198277094662  0.70174857555244408
  0.71225866547414884  0.72279640651859933  0.73328110861839657  0.74387832817451394
  0.75501087137874123  0.76648197908643745  0.77758426240040579  0.78811227678436402
  0.79851508692115580  0.80899036840318839  0.81951574154364848  0.83014184233084809
  0.84095513092490148  0.85214131592768494  0.86327459709590038  0.87419401852634526
  0.88504483899477060  0.89566357632551552  0.90646998874225115  0.91728270410577539
  0.92849961066011677  0.93958447480400431  0.94998391072489818  0.96040520895953763
  0.97042695954143088  0.98055225060005013  0.99022037804441010  1.00000000000000000
  0.79729582948011046  0.79804000363782157  0.79900101276083935  0.79995102437196075
  0.80089552104803341  0.80183190258014947  0.80273441296656300  0.80367664278638551
  0.80460432203282439  0.80554746643015762  0.80647289401245170  0.80740511543794680
  0.80834488159505047  0.80927250066177592  0.81019422368033167  0.81110051363422619
  0.81196802440271265  0.81295255384616283  0.81401726577496369  0.81508959207234666
  0.81616410240317561  0.81722634469302524  0.81829144550409982  0.81936431747681426
  0.82043440112557220  0.82149544602833136  0.82255500796755054  0.82362340957681779
  0.82469277719896983  0.82577730695329510  0.82687274355626961  0.82798064589840226
  0.82908735235276543  0.83019830239787251  0.83129564508571296  0.83239266837294845
  0.83350038627556788  0.83466901004884908  0.83585448424998998  0.83705271749198196
  0.83826100373477663  0.83946830378798265  0.84067756937079541  0.84189034033810506
  0.84309885019260644  0.84432839775355362  0.84554377887520071  0.84677359656018092
  0.84801790825436218  0.84928749723925834  0.85058252736526174  0.85187977634180745
  0.85317176289314278  0.85449137515721685  0.85592306399562945  0.85738525764439277
  0.85885495865893124  0.86032532680543861  0.86180181303147740  0.86328770883408501
  0.86477753135043967  0.86626921466440843  0.86777140932174579  0.86930141524006832
  0.87085476282772689  0.87241441187611257  0.87397697534503671  0.87558526205255649
  0.87741961205898866  0.87924911882102530  0.88113218194616427  0.88302750799833907
  0.88494215737988702  0.88687858542299081  0.88884840185153313  0.89085828392321198
  0.89290741639805693  0.89501247655874216  0.89734452136146015  0.89988346174991973
  0.90244063706459177  0.90504276131038586  0.90772478464599571  0.91049082139764148
  0.91335786580068956  0.91640475355373618  0.91990923961111204  0.92384622492061941
  0.92811682190317180  0.93288621890697965  0.93824536719568519  0.94534801332971852
  0.95313073986700458  0.96290151724306461  0.97717336572480962  1.00000000000000000
   2.6841967727817114E-014  -1.0000000000000000     
 F F F F F F F F F F F F F F F F F F F F F F F F F F F F F F F F F F F F F F F F F F F F F F F F F F F F F F F F F F F F F F F F
  <DiscreteSampler_grid>
  grouped_processes
  1 # 1 for a reference and 2 for a running grid.
  10 # Attribute 'min_bin_probing_points' of the grid.
  1 # Attribute 'grid_mode' of the grid. 1=='default',2=='initialization'
  0.0000000000000000 # Attribute 'small_contrib_threshold' of the grid.
  0.5000000000000000 # Attribute 'damping_power' of the grid.
 # binID   n_entries weight   weight_sqr   abs_weight
    19   10   3.187457178650568E+001   1.810798466379825E+003   3.187457178650568E+001
    22   10   3.187457178650568E+001   1.810798466379825E+003   3.187457178650568E+001
    25   10   3.187457178650568E+001   1.810798466379825E+003   3.187457178650568E+001
    28   10   3.187457178650568E+001   1.810798466379825E+003   3.187457178650568E+001
  </DiscreteSampler_grid>
