 -0.01393866341547726  0.10441850379381690  0.16329722465777291  0.20397323123854144
  0.24253260449325245  0.27652603696227768  0.30474937942649455  0.33021566359689225
  0.35509751224561298  0.38074875464687857  0.40308543241114514  0.42412973957698352
  0.44193977415269320  0.45742671055759920  0.47385695463925503  0.49320063671703573
  0.51331790244776154  0.53166122324473652  0.54916524398894306  0.56558006056196353
  0.57834248209779293  0.59018280425347636  0.60322586241359266  0.61697050338936255
  0.63031947185890957  0.64386548018623935  0.65711873740144111  0.67035024767897455
  0.68341018335150083  0.69464469304472343  0.70425577856340915  0.71353046605843140
  0.72375433755816065  0.73477448671538104  0.74574824778114146  0.75549301632744770
  0.76493935156883430  0.77321822164758180  0.78020942826283513  0.78725228663153446
  0.79493454430265165  0.80301621243423171  0.81069893259981751  0.81783740444277642
  0.82364131120379902  0.82896291045058745  0.83359722311358841  0.83960255098292724
  0.84660557662078695  0.85373628487795050  0.86071279112872279  0.86744714029957981
  0.87401107624855723  0.87982915606810852  0.88498447129191704  0.89003331631614857
  0.89505757203296143  0.89882182670791255  0.90181431323955030  0.90453081869518748
  0.90733860890020646  0.91035140387018254  0.91481154521340791  0.91927417688774204
  0.92368449814863185  0.92744407223859460  0.93139407483349923  0.93467614768700169
  0.93779042140415636  0.94061492434154514  0.94348882960439917  0.94651383247697729
  0.94949280595030938  0.95233505221435233  0.95507347905888806  0.95772302830505684
  0.96023512375170772  0.96299185047745683  0.96563850290754061  0.96792454611281398
  0.97015321183063286  0.97245640985557880  0.97479263546069816  0.97714950176008142
  0.97919764002828391  0.98084369099520219  0.98248128506080379  0.98389638177231120
  0.98513422405325080  0.98627747191162152  0.98763284888238301  0.98917915656280220
  0.99102058475630506  0.99322525319218680  0.99512054262233296  1.00000000000000000
  0.00000000003745747  0.00000000003978928  0.00000000004146662  0.00000000004297469
  0.00000000004459245  0.00000000004637046  0.00000000004838004  0.00000000005052237
  0.00000000005265004  0.00000000005475434  0.00000000005693424  0.00000000005885118
  0.00000000006057657  0.00000000006239471  0.00000000006423313  0.00000000006606172
  0.00000000006790196  0.00000000006976603  0.00000000007165760  0.00000000007411140
  0.00000000007647126  0.00000000007876499  0.00000000008113954  0.00000000008398716
  0.00000000008730035  0.00000000009069354  0.00000000009352418  0.00000000009538974
  0.00000000009728345  0.00000000009934224  0.00000000010140103  0.00000000010351219
  0.00000000010562719  0.00000000010883848  0.00000000011263449  0.00000000011653563
  0.00000000012052558  0.00000000012469013  0.00000000012893780  0.00000000013363669
  0.00000000013855291  0.00000000014336781  0.00000000014820261  0.00000000015387228
  0.00000000015999831  0.00000000016675060  0.00000000017396263  0.00000000018157383
  0.00000000018951122  0.00000000019831639  0.00000000020810352  0.00000000021823138
  0.00000000022755266  0.00000000023661348  0.00000000024506777  0.00000000025318621
  0.00000000026183148  0.00000000027117862  0.00000000028045010  0.00000000028971007
  0.00000000030245995  0.00000000031806951  0.00000000033242098  0.00000000034655989
  0.00000000036172925  0.00000000037907784  0.00000000040451605  0.00000000043847963
  0.00000000047781932  0.00000000052640146  0.00000000059281637  0.00000000068070112
  0.00000000078198060  0.00000000089367724  0.00000000100508205  0.00000000111237067
  0.00000000123194223  0.00000000135968704  0.00000000151847670  0.00000000174851303
  0.00000000201926313  0.00000000238950554  0.00000000292424821  0.00000000368965876
  0.00000000491380137  0.00000000680255699  0.00000000986969745  0.00000001652024244
  0.00000003055421152  0.00000008722260413  0.00000041102583855  0.00000208548689621
  0.00001438099740610  0.00015424673218026  0.00894938888321659  1.00000000000000000
 -0.00228451034230458  0.00830671549579402  0.01805612020259442  0.02742954065405714
  0.03737235362501307  0.04789389343595953  0.05845064609949692  0.06724594948377265
  0.07569787856278008  0.08387865549066346  0.09231721931944661  0.10266333951043517
  0.11371534811217257  0.12431603846214161  0.13517840567447692  0.14611980879865502
  0.15722891405258005  0.16855189015271863  0.18015979882272132  0.19181172461209800
  0.20322608107776868  0.21387994206675978  0.22420186785546678  0.23412326136095063
  0.24501042470848935  0.25651722027985357  0.26895328569240268  0.28121058181706915
  0.29345354301325921  0.30430453456575052  0.31384957063592528  0.32280693799394400
  0.33111353545047822  0.34035994811396453  0.35128470542136347  0.36232379992428310
  0.37348002114764162  0.38528134063872194  0.39731125626454245  0.40946094183948573
  0.42138472191956794  0.43308294074921383  0.44328686985202959  0.45223044036265492
  0.46137891704432638  0.47175902177809748  0.48292263562229382  0.49418309427340468
  0.50603140948182390  0.51780439764898567  0.52999273639723432  0.54038834832798277
  0.54985757295022897  0.55881185352045748  0.56788900405141940  0.57865261261508516
  0.58946937402619126  0.59931171485934953  0.60938557222293377  0.61897971010037345
  0.62903840429861069  0.63987186012291009  0.65066334015671778  0.66085655516952879
  0.67099751971590660  0.68088416825600750  0.69151236621326184  0.70296056951333308
  0.71430790093509233  0.72503605901025625  0.73573166694120307  0.74649171929241398
  0.75764814204764874  0.76856968394479497  0.77996489265546531  0.79177792933589197
  0.80328529860857767  0.81436062681454024  0.82436042937342069  0.83370762859989889
  0.84334503881410539  0.85363571474896982  0.86562197015999742  0.87686713866392185
  0.88718403199796458  0.89774113518038368  0.90892054848109882  0.92025359041409305
  0.93005480812716979  0.93903503252109000  0.94849243511303638  0.95911347531762048
  0.96928761905832583  0.97895569770803392  0.98810213102055156  1.00000000000000000
 -0.00174773183041288  0.00729188858873286  0.01765550636538010  0.02796624981622034
  0.03890498476201053  0.04873823677063932  0.05760686680588002  0.06675340262056481
  0.07696810044085266  0.08833526170138167  0.09934190888768249  0.10969588750271191
  0.11963674276977757  0.12945629774310136  0.13934110625526844  0.14964026241072437
  0.16040833041038516  0.17180121294751721  0.18391782994746539  0.19582805476357071
  0.20755202531127578  0.21879304938284522  0.23024260779033770  0.24194049436583256
  0.25343587668170758  0.26445889332570227  0.27507214520996298  0.28567853827542911
  0.29665192235843729  0.30765990828303386  0.31898250751373575  0.33015532871614750
  0.34101083826081502  0.35217942503467897  0.36192609190541586  0.37058406588398002
  0.37907837687365303  0.38711054561041136  0.39566991462875328  0.40446892236726506
  0.41281107587995147  0.42215679874124407  0.43362789991623174  0.44568022322622536
  0.45784274169627848  0.46961885589977925  0.48131605287017604  0.49270428744183964
  0.50332414749073973  0.51327491531228486  0.52279800194565196  0.53254558681206510
  0.54330760618586937  0.55392110366002956  0.56375680968552755  0.57370443636910773
  0.58379068509664944  0.59384095105972223  0.60466119646902083  0.61601017996029395
  0.62695678290214485  0.63739006226110884  0.64800947495910222  0.65784612766889239
  0.66673885823932355  0.67601858237935575  0.68562376432154504  0.69692913036913728
  0.70849908384123639  0.72006809986917997  0.73217473567889646  0.74412938027474151
  0.75443898238695961  0.76339279521248526  0.77268117767591937  0.78207362619620979
  0.79158315764622866  0.80120053840288941  0.81119068224289470  0.82224625705626009
  0.83440399842915747  0.84582957356254029  0.85637510270208239  0.86678876318178422
  0.87762527371254329  0.88907201745046183  0.90087089377502283  0.91202237826732013
  0.92261405290563681  0.93268914936697023  0.94315905666075539  0.95461177798102559
  0.96687381048354193  0.97871270047696024  0.98963666372251780  1.00000000000000000
 -0.00204666031581767  0.00780950935035183  0.01870037374969050  0.02758910355357139
  0.03670356820538767  0.04559915938470077  0.05415294732561631  0.06325497288418866
  0.07392095630656144  0.08501544172745421  0.09624475963947302  0.10705710947095939
  0.11798669537959613  0.12883696287402227  0.13944263529505607  0.14989372274374749
  0.16032678757648006  0.17110932619593980  0.18212873539491531  0.19305205927728641
  0.20370909054411007  0.21424644140694540  0.22441844412628553  0.23477204057158035
  0.24470371678926300  0.25444346375778504  0.26460887979100528  0.27535155686717139
  0.28733963003129404  0.29927644949366672  0.30952794302186715  0.31895672330937674
  0.32864056005875497  0.33954059286678290  0.35092480298652923  0.36235066705685498
  0.37260946299832987  0.38287692903084009  0.39290303337584731  0.40385826431512373
  0.41517878387420987  0.42623118461596066  0.43687147855206654  0.44646648841841924
  0.45738194137837573  0.46657919490184763  0.47540493472892764  0.48433263025266021
  0.49322310328731356  0.50289408670034352  0.51308527483321420  0.52381416250849078
  0.53470177472748570  0.54528895386597620  0.55532332328503697  0.56530221170362149
  0.57583648290746570  0.58739563869874467  0.59891774796806485  0.60928148353449629
  0.61839582033377138  0.62761981563948255  0.63773979036582185  0.64858689360644850
  0.65942845038741271  0.66906385133720880  0.67801236604531445  0.68738227258626883
  0.69702769458532232  0.70908175703649745  0.72138344040312785  0.73385996194431546
  0.74576646646688494  0.75697771059819952  0.76796901738833223  0.77843567288996274
  0.78885938761249264  0.79967502811765645  0.81034034311612380  0.82164180757037708
  0.83263368434956209  0.84185921714653822  0.85166065966020821  0.86236438931048576
  0.87391667769230497  0.88530168244004104  0.89726067527401077  0.90879257670789282
  0.92045854784209469  0.93171579678490068  0.94329941469004419  0.95548524088740683
  0.96804444008037815  0.97930279448937874  0.98969516677220759  1.00000000000000000
  0.18703966062418725  0.19897171087582025  0.20828661494164447  0.22552899963295750
  0.25175459727474891  0.28220684977744320  0.31934558790271717  0.36713961821086505
  0.41823950250586794  0.46718805854509676  0.50949449431224192  0.54161553751457059
  0.56638680234189032  0.58851822143299426  0.60566988493283236  0.62043544076002266
  0.63118272643819662  0.64004209329153094  0.64751047827188790  0.65383311411639056
  0.65935581286033151  0.66405368799058018  0.66785804537335403  0.67095690170328570
  0.67353686818807856  0.67589093330430428  0.67817835258490333  0.68009477894627368
  0.68167817573195844  0.68296374356682621  0.68425388829183731  0.68549877413002192
  0.68663644352873399  0.68762368531380835  0.68846394821778856  0.68917954788554869
  0.68985221553854770  0.69051563013350148  0.69117759678515789  0.69184138718927835
  0.69248971914103563  0.69310625775732648  0.69369899062802720  0.69425121225869335
  0.69473000602786950  0.69516543782828955  0.69560281447710004  0.69604213406238014
  0.69652454243622419  0.69708253166726408  0.69762481140128951  0.69814894115341042
  0.69863028219339440  0.69906514533411090  0.69949326785987487  0.69994294059043372
  0.70043311635690564  0.70097034702082284  0.70154092629777598  0.70213148003080839
  0.70271992923444804  0.70328949577665412  0.70385573050458050  0.70443288825390449
  0.70507879656245820  0.70582379990130784  0.70661413939766438  0.70737326371013864
  0.70809482118362943  0.70885902772586296  0.70971660623039090  0.71062119296459247
  0.71153053435406066  0.71246263614618544  0.71344076076169027  0.71459962515119158
  0.71602392168565687  0.71769906606620759  0.71950670377283843  0.72137113696654775
  0.72316975478691714  0.72484844336338961  0.72675395803757437  0.72895906406503241
  0.73187401163021770  0.73535467252664410  0.73923312123704943  0.74357214219847001
  0.74877773644794254  0.75517819806846442  0.76310682907484784  0.77335621487043160
  0.78723815168517908  0.80724615597922700  0.85427015840863985  1.00000000000000000
   2.4656610362902443E-009  -1.0000000000000000     
 F F F F F F F F F F F F F F F F F F F F F F F F F F F F F F F F F F F F F F F F F F F F F F F F F F F F F F F F F F F F F F F F
  <DiscreteSampler_grid>
  grouped_processes
  1 # 1 for a reference and 2 for a running grid.
  10 # Attribute 'min_bin_probing_points' of the grid.
  1 # Attribute 'grid_mode' of the grid. 1=='default',2=='initialization'
  0.0000000000000000 # Attribute 'small_contrib_threshold' of the grid.
  0.5000000000000000 # Attribute 'damping_power' of the grid.
 # binID   n_entries weight   weight_sqr   abs_weight
    19   10   1.348526475772517E+007   8.802881703555538E+014   1.348526475772517E+007
    22   10   1.348526475772517E+007   8.802881703555538E+014   1.348526475772517E+007
    25   10   1.348526475772517E+007   8.802881703555538E+014   1.348526475772517E+007
    28   10   1.348526475772517E+007   8.802881703555538E+014   1.348526475772517E+007
  </DiscreteSampler_grid>
