 -0.01051687328599103  0.09090492399508285  0.14413069370291856  0.18872332119525842
  0.22139067700186832  0.25081763895649722  0.28040196420517727  0.30970302705907110
  0.33573112592981968  0.35960002355500748  0.38220192636933253  0.40346620701931785
  0.42439142700676358  0.44458758580461666  0.46327719532396877  0.48100601287979194
  0.49894559623882045  0.51715890951154786  0.53494576509319491  0.54951920543777677
  0.56291504120283842  0.57777941752769924  0.59309588599767471  0.60700823325844167
  0.61950850745723618  0.63090605451016690  0.64219938217825923  0.65455771620408876
  0.66674508730866566  0.67785245380687986  0.68923336984443118  0.69924995284651981
  0.70886534669688894  0.71818533871921197  0.72818501691031634  0.73710280891857138
  0.74540049973722400  0.75343022856240438  0.76206126626408877  0.77126501484541277
  0.78012161495841759  0.78803261051772522  0.79493394135835704  0.80122344152849445
  0.80782736131398591  0.81514838811183243  0.82340293967881995  0.83002482594475580
  0.83485712995837336  0.83931775807270748  0.84344657738608064  0.84772332670175121
  0.85288765188268523  0.85851675216232959  0.86395992372193131  0.86916149642149243
  0.87419991482129256  0.87928459372454937  0.88413317058465923  0.88876127270355487
  0.89327698636402875  0.89785175009480678  0.90277736933133679  0.90804055687512220
  0.91289544644811327  0.91789410454341502  0.92285478544447896  0.92716465905929280
  0.93117843389088983  0.93484562642755720  0.93785024738134226  0.94084131719300168
  0.94369012586996737  0.94640458005533468  0.94976340067939036  0.95269978758093965
  0.95535262958404854  0.95787902651856549  0.96036110501144489  0.96283577383432384
  0.96538294689416992  0.96798025408457200  0.97015859441752583  0.97153978196800495
  0.97292933461539588  0.97434219981150150  0.97573457669072461  0.97705164591599303
  0.97845860838251386  0.98067657121173557  0.98291875753716562  0.98540368753958318
  0.98835070162916405  0.99229700908067087  0.99527797671493123  1.00000000000000000
  0.00000000007205820  0.00000000008188145  0.00000000008872767  0.00000000009433892
  0.00000000009913513  0.00000000010409202  0.00000000010942866  0.00000000011476278
  0.00000000012009070  0.00000000012539576  0.00000000013067697  0.00000000013633389
  0.00000000014217238  0.00000000014826437  0.00000000015444575  0.00000000016119946
  0.00000000016699965  0.00000000017249135  0.00000000017881864  0.00000000018641369
  0.00000000019295450  0.00000000019938631  0.00000000020567888  0.00000000021142375
  0.00000000021789873  0.00000000022498298  0.00000000023244073  0.00000000024012970
  0.00000000024766357  0.00000000025510037  0.00000000026220802  0.00000000026911965
  0.00000000027656824  0.00000000028489191  0.00000000029431842  0.00000000030425267
  0.00000000031338530  0.00000000032443131  0.00000000033502571  0.00000000034778280
  0.00000000036489140  0.00000000038135095  0.00000000039764661  0.00000000041553707
  0.00000000043415563  0.00000000045496152  0.00000000047741301  0.00000000050024479
  0.00000000052306918  0.00000000054617965  0.00000000057359764  0.00000000060354741
  0.00000000063762203  0.00000000067263671  0.00000000070861226  0.00000000074657617
  0.00000000078883783  0.00000000083574319  0.00000000088494836  0.00000000093514955
  0.00000000098845502  0.00000000105905613  0.00000000113169139  0.00000000119591318
  0.00000000127038852  0.00000000134789227  0.00000000142446238  0.00000000149852843
  0.00000000160393257  0.00000000171156212  0.00000000182395794  0.00000000197136168
  0.00000000215234492  0.00000000235457434  0.00000000259837767  0.00000000289834537
  0.00000000323626915  0.00000000356534434  0.00000000400672885  0.00000000466999073
  0.00000000559257123  0.00000000689137786  0.00000000880011681  0.00000001282308712
  0.00000002054031761  0.00000003343549162  0.00000006905427776  0.00000016198952101
  0.00000044711678059  0.00000129161871432  0.00000411675378131  0.00001736214437632
  0.00007603376633139  0.00044951378291295  0.01512588526037732  1.00000000000000000
 -0.00266479334232320  0.01089317393714145  0.02268060460904633  0.03394282239737975
  0.04535445160391834  0.05585816440795481  0.06661955735480274  0.07669453303614289
  0.08803866670796585  0.09932255946120691  0.11135286061083542  0.12246174063998672
  0.13344434575660052  0.14462091853876669  0.15584205341792368  0.16596018332259377
  0.17576144623081458  0.18527798235137882  0.19519762483503580  0.20568861164023614
  0.21687625702311383  0.22810183629915062  0.23888364701347461  0.24705859100938643
  0.25525418808579226  0.26333067068802524  0.27251672752624784  0.28341099344314319
  0.29484713209280000  0.30599723490225422  0.31672485488833269  0.32752893973044500
  0.33750700404398587  0.34708437265791914  0.35736217109997725  0.36725586097402807
  0.37687968153006479  0.38673218901051593  0.39623170671524693  0.40705997051609222
  0.41839577236414038  0.42863966373263163  0.43745581502948766  0.44666449008301323
  0.45652951376443390  0.46846907204259808  0.47958091912933970  0.49049792464703018
  0.50116343580394918  0.51166435170320357  0.52119360340317145  0.52956448751732677
  0.53824344633139509  0.54819270469032477  0.55921891877448027  0.57033384927890163
  0.58076934486746934  0.59053733928790286  0.60065078652444670  0.61004069232173164
  0.61937204609300811  0.62944183571722201  0.64037203555057642  0.65191104718665804
  0.66349332169927200  0.67523712039193196  0.68706654082921514  0.69796985909140352
  0.70731920438219442  0.71602484164406988  0.72335120502089489  0.73193707080578951
  0.74198344292939467  0.75378247619348770  0.76675435537404557  0.77924970259167115
  0.79146881405110103  0.80318340762540252  0.81460576444772304  0.82613259367237035
  0.83723004717394300  0.84721878897746361  0.85681531679273826  0.86669540446419668
  0.87756240093792059  0.88923430192674080  0.90093252535840063  0.91197532519834135
  0.92271112689546009  0.93398813359185417  0.94609679719538187  0.95762379164150169
  0.96848603107894282  0.97875308141927819  0.98905315377963199  1.00000000000000000
 -0.00284110550652762  0.01064966372341490  0.02020660499504403  0.03021506012988729
  0.04064371419765940  0.05199112988798820  0.06418461592818023  0.07589867187096541
  0.08707043655377721  0.09736567504157073  0.10633245212290014  0.11442358369697586
  0.12305681454179666  0.13068721718683660  0.13904636306407556  0.14721182887907172
  0.15558169949531411  0.16523790319427489  0.17585896808740936  0.18673115836244245
  0.19807113633958015  0.20909975356199531  0.21962352373355676  0.22977641740356669
  0.24007326376606977  0.25162277109893211  0.26217638385369502  0.27163977767597414
  0.28163655140685773  0.29274947020157233  0.30319273839424898  0.31370483376918074
  0.32387291360234516  0.33434568114523638  0.34464875234205233  0.35527727438560791
  0.36632917407280902  0.37783134326359036  0.38901469673650907  0.40039820119244590
  0.41110324000080095  0.42097014285163536  0.43071341849575445  0.44020579837616769
  0.45101983970964321  0.46120836787382635  0.47122769131304248  0.48097668023388879
  0.49153392786069294  0.50248148667093329  0.51328288552613177  0.52376264685721863
  0.53439353620954033  0.54496936255850570  0.55583143639785504  0.56603520736063606
  0.57590608254287334  0.58612027207664230  0.59638929986567746  0.60779432139890177
  0.61990745827038474  0.63169892221233725  0.64311238639686574  0.65478303110217695
  0.66638416582892879  0.67796408353890070  0.68881569592788605  0.69950536747885295
  0.70997848891779536  0.72055644568257549  0.73029991955892015  0.74025778728688907
  0.75039509193876031  0.76102803073834857  0.77206898688098102  0.78312284032653956
  0.79452299435210394  0.80609008296665796  0.81743916963605590  0.82898525610845653
  0.84097074445985276  0.85339991136561089  0.86501896891658270  0.87557583010169127
  0.88489177290669319  0.89360940280377343  0.90291915301005699  0.91092714635842587
  0.92058378759997328  0.93032054377722018  0.94040686801046158  0.95168763255288491
  0.96309179016346069  0.97502180366568036  0.98749466722197621  1.00000000000000000
 -0.00211704787872045  0.00822710713904875  0.01797865804258757  0.02819583656420623
  0.03978364647993309  0.05084590349093616  0.06127774807638148  0.07156113741300343
  0.08232593141897479  0.09350608470849402  0.10420245234361609  0.11459999268090543
  0.12475441009787056  0.13515644383222453  0.14572178125907354  0.15611115639652001
  0.16651520705804548  0.17647123927601008  0.18650729515433040  0.19682938328759936
  0.20744286574011819  0.21829976364463857  0.22920039642883147  0.23994501401254528
  0.25085965272321092  0.26202713988469967  0.27334575973989972  0.28426859193043508
  0.29469694177249228  0.30530426536231819  0.31612697030247305  0.32739885577986350
  0.33899300866011467  0.35077404266548795  0.36205991303224905  0.37237104763011147
  0.38193137495507168  0.39183438316505731  0.40185232785869640  0.41191276683369205
  0.42135812064720368  0.43146082640979966  0.44216473348881175  0.45431442368781960
  0.46446054398425646  0.47351931261843611  0.48262457370460132  0.49239402730318843
  0.50280233778937444  0.51280765102935899  0.52262261341973548  0.53280610511415016
  0.54369357062090784  0.55412088206888233  0.56394060322027739  0.57363054258230739
  0.58307790843525809  0.59457420123256621  0.60710053674367692  0.61903341259987177
  0.62990375947768407  0.64013524576058189  0.65036156890679631  0.66050896422406025
  0.67108040044624118  0.68157434673221806  0.69242541310806260  0.70353278718860790
  0.71479131544466767  0.72616073011878024  0.73754567223995959  0.74898665254599384
  0.76050493283535947  0.77163152463685347  0.78258884290816644  0.79366272719660080
  0.80459312927809323  0.81627174470213737  0.82679002405328383  0.83615689175501706
  0.84501808518238963  0.85439706559336637  0.86269032710680271  0.87153936606040627
  0.88222549724205990  0.89413755486112423  0.90625290481104959  0.91905491613871448
  0.92962480069070741  0.93931078910234678  0.94863320175510668  0.95754425156665601
  0.96762020747366573  0.97780075860278737  0.98821185359691133  1.00000000000000000
  0.18513497046490351  0.20010914834242244  0.21488103007948350  0.23166195039695670
  0.25582123792349759  0.28734829570298748  0.32040348581672734  0.36119536630650778
  0.40076508914813408  0.44792924112375648  0.49351090240279732  0.53104237725753023
  0.56045767602252206  0.58141906288497114  0.60079491432067400  0.61665635701496535
  0.62837564134944601  0.63730893230132646  0.64462841849776176  0.65098997531390113
  0.65652484262286093  0.66137001028153630  0.66556095842610397  0.66894098381706779
  0.67164378358160326  0.67394174996150724  0.67615183879544849  0.67823502412358194
  0.68009041755209043  0.68176601357492750  0.68321940198152931  0.68442443498272620
  0.68545982848922771  0.68633059197427371  0.68718947788324958  0.68806675432955522
  0.68894031165010117  0.68977287548704502  0.69054154946752311  0.69125545256939613
  0.69191600359288374  0.69253434454645013  0.69314080885073881  0.69371925468667739
  0.69428445337277911  0.69483753021106409  0.69537214451904061  0.69588275340781369
  0.69640586645992553  0.69693272999869438  0.69746329567517107  0.69795473858232782
  0.69842723024864184  0.69890593204014273  0.69943780262726596  0.69997915084035844
  0.70047248362671621  0.70094271159544985  0.70145796751513634  0.70199123937163721
  0.70252472091189067  0.70305631546334169  0.70360764848946244  0.70422142349543215
  0.70485200182066743  0.70546310507945142  0.70608946926700278  0.70676341232584472
  0.70756286410761848  0.70844160695593805  0.70927811036314969  0.71010708834058722
  0.71099530052057536  0.71194500256271054  0.71289537962499128  0.71386233384677977
  0.71491004205092334  0.71617863275509708  0.71768423286663396  0.71932932550610462
  0.72110204879717921  0.72311304734065485  0.72544912220759528  0.72820748024576742
  0.73147871765095018  0.73508063155739467  0.73895105143066997  0.74334724506212158
  0.74860398245543591  0.75513093288856181  0.76296395546338203  0.77297900422635746
  0.78534601106291912  0.80291102349337984  0.83823754411422580  1.00000000000000000
   2.4381030672380844E-009  -1.0000000000000000     
 F F F F F F F F F F F F F F F F F F F F F F F F F F F F F F F F F F F F F F F F F F F F F F F F F F F F F F F F F F F F F F F F
  <DiscreteSampler_grid>
  grouped_processes
  1 # 1 for a reference and 2 for a running grid.
  10 # Attribute 'min_bin_probing_points' of the grid.
  1 # Attribute 'grid_mode' of the grid. 1=='default',2=='initialization'
  0.0000000000000000 # Attribute 'small_contrib_threshold' of the grid.
  0.5000000000000000 # Attribute 'damping_power' of the grid.
 # binID   n_entries weight   weight_sqr   abs_weight
    19   10   5.991754202652416E+004   1.621592478821256E+010   5.991754202652416E+004
    22   10   5.991754202652416E+004   1.621592478821256E+010   5.991754202652416E+004
    25   10   5.991754202652416E+004   1.621592478821256E+010   5.991754202652416E+004
    28   10   5.991754202652416E+004   1.621592478821256E+010   5.991754202652416E+004
  </DiscreteSampler_grid>
