 -0.01147100301673279  0.09282965376575927  0.14560514169714348  0.18783111539962993
  0.22870852525037777  0.26539502730534187  0.29714647230343916  0.32445604733451705
  0.34992813750761487  0.37442634401769592  0.39329926718355174  0.41289050757135221
  0.43312376466229874  0.45243478374398671  0.47190085179796615  0.49127454175819923
  0.50943406184442375  0.52627819218995064  0.54287871107342267  0.55909499800038154
  0.57458089479200891  0.58973088516193561  0.60342282687789317  0.61610690294268089
  0.62870368648974284  0.64208167204163624  0.65618280760888559  0.67015103516293761
  0.68203451372817048  0.69355401891045165  0.70449781746241702  0.71476088900522705
  0.72390848413248088  0.73296534687810966  0.74241660935389231  0.75161084833685066
  0.75923240489791310  0.76641059141729617  0.77427165893509797  0.78123624230050026
  0.78709315611663855  0.79286416084661226  0.79866798344825918  0.80491973687038243
  0.81141821038668771  0.81792209553420658  0.82463546676522159  0.83152773499399180
  0.83849200184792816  0.84470994984819070  0.85041006226408833  0.85614066394995281
  0.86169884058417368  0.86711462485444246  0.87215603623711446  0.87689642090186493
  0.88183897990420002  0.88683828104859797  0.89234536189096747  0.89817604563051245
  0.90374782119958708  0.90907545092694397  0.91435687804440346  0.91929574223266664
  0.92426068239490700  0.92917808110605948  0.93396045885636314  0.93850098006759253
  0.94287837420640552  0.94699753017852739  0.95057653059052361  0.95378915712605339
  0.95662974917311128  0.95889768828575539  0.96085744133320605  0.96243443952297048
  0.96391438822347653  0.96508242592862592  0.96629661510407827  0.96763307191932224
  0.96915770075029273  0.97110405972320368  0.97288289380468751  0.97437789892842341
  0.97571749070759872  0.97701722399966340  0.97838447805619622  0.97989273821060197
  0.98151369890102458  0.98313428657728341  0.98492560006955121  0.98693533469051875
  0.98943852149682099  0.99261004607382841  0.99528425863103320  1.00000000000000000
  0.00000000007846290  0.00000000008753102  0.00000000009388907  0.00000000009830381
  0.00000000010224046  0.00000000010695727  0.00000000011194777  0.00000000011717420
  0.00000000012201062  0.00000000012657817  0.00000000013100561  0.00000000013543224
  0.00000000013969123  0.00000000014369797  0.00000000014917157  0.00000000015496404
  0.00000000016011438  0.00000000016538275  0.00000000017092126  0.00000000017588841
  0.00000000018049059  0.00000000018584736  0.00000000019172774  0.00000000019747902
  0.00000000020320177  0.00000000020958872  0.00000000021610690  0.00000000022252251
  0.00000000023068475  0.00000000024022540  0.00000000024989841  0.00000000026004500
  0.00000000027280328  0.00000000028577874  0.00000000029832344  0.00000000031060387
  0.00000000032367566  0.00000000033797578  0.00000000035315693  0.00000000036991070
  0.00000000038636387  0.00000000040433217  0.00000000042148522  0.00000000043842245
  0.00000000045547228  0.00000000047291557  0.00000000049195383  0.00000000051475555
  0.00000000054113093  0.00000000056995731  0.00000000060088733  0.00000000063403404
  0.00000000067015983  0.00000000071065784  0.00000000075572696  0.00000000080572204
  0.00000000086008188  0.00000000090951674  0.00000000095600180  0.00000000100479563
  0.00000000105344032  0.00000000109918763  0.00000000115211791  0.00000000120764959
  0.00000000128218138  0.00000000136531963  0.00000000145472860  0.00000000156212497
  0.00000000167693163  0.00000000181831230  0.00000000200351792  0.00000000218609748
  0.00000000232607025  0.00000000246568126  0.00000000262020196  0.00000000283978936
  0.00000000321747772  0.00000000371699067  0.00000000431317090  0.00000000515543273
  0.00000000622241591  0.00000000742334458  0.00000000906403823  0.00000001156318898
  0.00000001642457569  0.00000002903819391  0.00000007603224965  0.00000019718472185
  0.00000072404762846  0.00000241509484520  0.00000984962048895  0.00005562978764444
  0.00038242999838983  0.01614913311672114  0.62788619554726544  1.00000000000000000
 -0.00194980139975955  0.00764477434862177  0.01785814602216960  0.02774568677770588
  0.03792184961462238  0.04923419814596256  0.06076465379433849  0.07154701776486029
  0.08168275709338141  0.09171514874036488  0.10226162031824707  0.11284586462045523
  0.12390130006733141  0.13560325676915247  0.14704667317284831  0.15558870079301521
  0.16471272036596527  0.17383757411666756  0.18277755001478532  0.19341296319345330
  0.20397390993097897  0.21478664159179842  0.22532522032749761  0.23540156818753608
  0.24474370005119583  0.25434680666785114  0.26501900935819717  0.27599560382795740
  0.28647998581638834  0.29622030421172246  0.30597152987676102  0.31653691435424947
  0.32789922883827322  0.34005325216839521  0.35199383407904394  0.36303360074194124
  0.37351253372943494  0.38370586335830487  0.39372296873048435  0.40377863402281722
  0.41363090385253531  0.42336050539822562  0.43376533488494917  0.44409721169274430
  0.45275287812667397  0.46065108412373468  0.46896432578144220  0.47970015206673516
  0.49212631949950786  0.50452967065666443  0.51680123787995624  0.52872090475057187
  0.54019294421844799  0.55144846791099900  0.56259770424318967  0.57450255190326427
  0.58633164816727934  0.59738961886847453  0.60748321405975148  0.61742686106710121
  0.62850093055226253  0.64013654943824894  0.65197454727747761  0.66355742579880117
  0.67537366254945830  0.68686023095248172  0.69748451417148427  0.70762038684010931
  0.71712141755866232  0.72690179149000944  0.73753511225059976  0.74861783686042005
  0.75970250491827085  0.77012458288373853  0.78020934941962017  0.79112927452942983
  0.80326898934081814  0.81631474198561826  0.82920605007086778  0.84154736075984626
  0.85359873927293739  0.86493797034566677  0.87479325347505199  0.88388269320676749
  0.89248399372266285  0.90086982526575310  0.90981508001180578  0.91939796480208635
  0.92991424058661187  0.94158085151354631  0.95216639123502878  0.96261903508307367
  0.97210157474212400  0.98052741280858258  0.98843385843398046  1.00000000000000000
 -0.00186750985561390  0.00756808187366487  0.01877035375208287  0.02871002962671298
  0.03873314444277272  0.04894647048956911  0.05853903242809238  0.06848486263310224
  0.07838820600679763  0.08854080426219202  0.09989499548784311  0.11050224019240400
  0.12168728429800160  0.13239529195811345  0.14254015997569217  0.15267345316357295
  0.16409738529581805  0.17518668539853388  0.18590470673408274  0.19639925882933185
  0.20668203979942354  0.21636960898702959  0.22616347990183416  0.23544294179034328
  0.24478201017173920  0.25461257349291050  0.26484466900519449  0.27598277347050310
  0.28743957166023698  0.29843330935339413  0.30776806753301938  0.31678593010256145
  0.32609112624407910  0.33624415829602283  0.34787101704757012  0.36005212596474495
  0.37185867487302005  0.38323835683384916  0.39450757961783645  0.40589275057578428
  0.41738007162461049  0.42827924855089278  0.43774974116941889  0.44648103500860059
  0.45497514778006259  0.46292308197526055  0.47260299584467635  0.48307472191174311
  0.49311373150142429  0.50340926593355095  0.51433014591939819  0.52569842381676501
  0.53652232484473272  0.54678210627671486  0.55708503485472372  0.56706428974750189
  0.57699699726523257  0.58753445921232927  0.59737178456115136  0.60685383277018234
  0.61697808117203479  0.62797042382487545  0.63872287189034138  0.64913522174671223
  0.65986522770685452  0.67006208724642013  0.68006297829403961  0.69063909294990855
  0.70123886912123667  0.71149315484906683  0.72237584223932472  0.73410522970765202
  0.74686243310235456  0.76032506941762734  0.77382521396513848  0.78642394930410797
  0.79847634059719996  0.81057836100030656  0.82199062785923738  0.83218035804757418
  0.84184371879953623  0.84929911701416949  0.85737308223688657  0.86603499518956284
  0.87714148107320111  0.88889626094094176  0.90034706387073571  0.91175602470582240
  0.92329873947145125  0.93384151411268157  0.94426483064693589  0.95492854494529511
  0.96621036813570982  0.97746354678961522  0.98801247437201389  1.00000000000000000
 -0.00238107701644431  0.00921367029926830  0.01951459431022024  0.03012443238605981
  0.04080054541605037  0.05167153540044861  0.06256326551147513  0.07278076019644154
  0.08235747393212070  0.09166977169665376  0.10128208420700399  0.11168749990816998
  0.12230021624578599  0.13326167432105857  0.14359142169680086  0.15359061656915843
  0.16422628152103069  0.17435832960571437  0.18522332045171591  0.19636238154373201
  0.20809565970984090  0.21997786374945294  0.23124602657016419  0.24161247869294480
  0.25118646531438038  0.25968118902039705  0.26948325502570913  0.27690427162496078
  0.28502877089682932  0.29313783955341782  0.30236780719119793  0.31195993979441744
  0.32115417449044303  0.33086700651435363  0.34044027823415363  0.35007991693315066
  0.36061827366961091  0.37063342808282829  0.38063144381232139  0.39045184644835190
  0.40018434237016032  0.40986576925727441  0.41999385714339238  0.43113526870340380
  0.44290281105240492  0.45475831365328717  0.46695965147376856  0.47978961827286487
  0.49286676283788466  0.50605163009992926  0.51856840359555367  0.53027547913320394
  0.54114547068684071  0.55120243402837898  0.56153316045080937  0.57260249727032564
  0.58390021000145931  0.59554053083269654  0.60723367186550181  0.61910438752249719
  0.63094289097006884  0.64214314265768790  0.65269175079352104  0.66203848688158451
  0.67136596569316864  0.68100550513877356  0.69176041618770900  0.70334453620249782
  0.71466023528958700  0.72567542525223694  0.73646033685390011  0.74742454167167649
  0.75870142602766066  0.76970331425868366  0.78054684519441686  0.79120083212329484
  0.80181608763988599  0.81213160361085857  0.82231685727166115  0.83300173960149382
  0.84432314476841952  0.85703561073679702  0.86866136427970464  0.87694787102959537
  0.88475969403216648  0.89362181283881403  0.90327172414318291  0.91303728543716101
  0.92223987771261806  0.93205492421622271  0.94297765761017227  0.95527918079668417
  0.96758174333049873  0.97856175911598575  0.98941051729196317  1.00000000000000000
  0.18509414009169461  0.20686184549832895  0.23140140843041779  0.27136438459634826
  0.32049060001768809  0.36678854980149217  0.41353878081872408  0.46053156143869894
  0.50064276100409477  0.53325319056073683  0.56164306762145155  0.58725663895088354
  0.60400859334381518  0.61791343535491128  0.62903887066317099  0.63835587259127946
  0.64641271937011480  0.65292180810858036  0.65793935194902087  0.66219401166507985
  0.66557857265354736  0.66861459897913444  0.67165683129192988  0.67440820787360112
  0.67661622682542910  0.67835149009695794  0.67994109524431101  0.68155964136495062
  0.68305995416097010  0.68445666391789539  0.68574066469773443  0.68680504492530325
  0.68774993647217086  0.68860329406862075  0.68937529575166590  0.69009176488146173
  0.69075186743432282  0.69138154637793714  0.69194736085604525  0.69244214299454609
  0.69294100688235738  0.69346077678093510  0.69396739728602896  0.69448025318177764
  0.69497996770400150  0.69547143775781495  0.69597678059003010  0.69648584165170280
  0.69696854559828025  0.69743153883871722  0.69790284498961108  0.69839343185195057
  0.69889249696658806  0.69940689954991264  0.69992564915016953  0.70041386333429645
  0.70089516929589513  0.70139049069268444  0.70192349369660989  0.70248432959173435
  0.70302639964231706  0.70356873792906038  0.70413028535735012  0.70473933662306076
  0.70537438114168993  0.70601484152122296  0.70666787581841795  0.70733289329679794
  0.70796757554247292  0.70860494962974652  0.70932334043226486  0.71007926760918771
  0.71096180243331875  0.71198375510655887  0.71308594327809993  0.71422790159454252
  0.71543554967946910  0.71677995784903947  0.71827693434930617  0.71995069464554196
  0.72185924132674695  0.72394672564538132  0.72642940891993124  0.72933722236363252
  0.73271217898637708  0.73665427163762898  0.74110798378773757  0.74620409939788601
  0.75219982107545236  0.75873831248590284  0.76573320269183964  0.77403921177067658
  0.78501162769086552  0.80312925383486555  0.83743626999188270  1.00000000000000000
   2.3560152824318373E-009  -1.0000000000000000     
 F F F F F F F F F F F F F F F F F F F F F F F F F F F F F F F F F F F F F F F F F F F F F F F F F F F F F F F F F F F F F F F F
  <DiscreteSampler_grid>
  grouped_processes
  1 # 1 for a reference and 2 for a running grid.
  10 # Attribute 'min_bin_probing_points' of the grid.
  1 # Attribute 'grid_mode' of the grid. 1=='default',2=='initialization'
  0.0000000000000000 # Attribute 'small_contrib_threshold' of the grid.
  0.5000000000000000 # Attribute 'damping_power' of the grid.
 # binID   n_entries weight   weight_sqr   abs_weight
    19   10   3.353758381288425E+006   1.005598312477743E+014   3.353758381288425E+006
    22   10   3.353758381288425E+006   1.005598312477743E+014   3.353758381288425E+006
    25   10   3.353758381288425E+006   1.005598312477743E+014   3.353758381288425E+006
    28   10   3.353758381288425E+006   1.005598312477743E+014   3.353758381288425E+006
  </DiscreteSampler_grid>
