 -0.01400637045836061  0.10632117997311635  0.16746366752087011  0.21543728404273987
  0.25192567824767653  0.28641555021283949  0.31959781302453955  0.35067506928199110
  0.37669068778092629  0.40091938966482732  0.42449754528622397  0.44662629233515211
  0.46884436534099916  0.49180208989935453  0.51121771079875478  0.52727773895468966
  0.54378387787756099  0.56180744864475007  0.57769948047404596  0.59249858856904547
  0.60885952914589991  0.62638896320867177  0.64261316012447478  0.65573835506648748
  0.66687453987198675  0.67749596813482238  0.68787821505613933  0.69839826792967763
  0.70889356973633499  0.72043805378784842  0.73266653110585922  0.74391632710066469
  0.75488747471278117  0.76572100889558181  0.77632045179869880  0.78456346516542319
  0.79208730639408875  0.79897568669941543  0.80633251273291606  0.81394067857495234
  0.81986814508920758  0.82614139536895936  0.83281922815661191  0.83971391696984821
  0.84668934683447294  0.85390788248136673  0.86141744054165581  0.86835120755523421
  0.87502687066513796  0.88168314670512993  0.88696377213348643  0.89132169042165821
  0.89541116674651844  0.89915019003198438  0.90360706864347562  0.90813032212172351
  0.91222273753016370  0.91650067821362347  0.92100522361357073  0.92569877926154331
  0.93047834563735121  0.93508274745503916  0.93903093394889192  0.94098523987815819
  0.94321992156223511  0.94517078503803020  0.94694069078573206  0.94931684644609360
  0.95197311754915293  0.95435550702733185  0.95650508935205958  0.95885064721437196
  0.96160899265768296  0.96442773819288496  0.96605587017978067  0.96761475737201430
  0.96899291391285225  0.97025788224519682  0.97135591816375511  0.97253399426829013
  0.97402035538039300  0.97544535095156004  0.97683339891642684  0.97864234110066772
  0.98004423461032419  0.98113570460860811  0.98219963583766545  0.98312561487848493
  0.98405159391930441  0.98516384020291703  0.98633450231536357  0.98809481411856459
  0.99070678396710299  0.99381179098087891  0.99504598551064949  1.00000000000000000
  0.00000000005580674  0.00000000006143601  0.00000000006555676  0.00000000006848584
  0.00000000007138504  0.00000000007438928  0.00000000007728339  0.00000000008002309
  0.00000000008305157  0.00000000008579144  0.00000000008834215  0.00000000009081922
  0.00000000009326931  0.00000000009577589  0.00000000009873525  0.00000000010198366
  0.00000000010532692  0.00000000010869853  0.00000000011225656  0.00000000011579818
  0.00000000011960787  0.00000000012321037  0.00000000012635107  0.00000000012953025
  0.00000000013273194  0.00000000013620429  0.00000000013976718  0.00000000014424911
  0.00000000014921614  0.00000000015446287  0.00000000015958044  0.00000000016466249
  0.00000000016994194  0.00000000017584780  0.00000000018126155  0.00000000018696136
  0.00000000019242268  0.00000000019828507  0.00000000020453978  0.00000000021107933
  0.00000000021865404  0.00000000022589703  0.00000000023385656  0.00000000024271026
  0.00000000025215196  0.00000000026170313  0.00000000027157093  0.00000000028190434
  0.00000000029322901  0.00000000030549480  0.00000000031958095  0.00000000033728675
  0.00000000035548365  0.00000000037309657  0.00000000038732288  0.00000000040222824
  0.00000000041729894  0.00000000043596137  0.00000000045534787  0.00000000047391093
  0.00000000049426437  0.00000000052048710  0.00000000054971988  0.00000000059260177
  0.00000000064115554  0.00000000069124461  0.00000000074045693  0.00000000079212742
  0.00000000084879803  0.00000000091300022  0.00000000098919081  0.00000000106632465
  0.00000000115191652  0.00000000125069354  0.00000000138457806  0.00000000157913713
  0.00000000182775564  0.00000000210893757  0.00000000238314700  0.00000000274818721
  0.00000000318780354  0.00000000386293298  0.00000000467008399  0.00000000600593801
  0.00000000771134357  0.00000001129881979  0.00000001892225379  0.00000003772888217
  0.00000009178971063  0.00000043063976025  0.00000299458428652  0.00001805574159194
  0.00025229647470547  0.06538250981193253  0.63174254679914832  1.00000000000000000
 -0.00285399590599903  0.01057560069535939  0.02081089631693249  0.03169159774304980
  0.04253917374238772  0.05321048291600564  0.06443094771793195  0.07669470908273300
  0.08834558905899294  0.09951201217912836  0.10971246758030974  0.11955355442402771
  0.12976348348471389  0.13936270010734575  0.14772387568735729  0.15582378053697082
  0.16479201990178363  0.17449497060057095  0.18474765800517429  0.19492210944447055
  0.20365805541890786  0.21280224569514417  0.22257891811528066  0.23369254284074334
  0.24532345634258979  0.25695648729191356  0.26871186724541940  0.28073760545534787
  0.29276622940880187  0.30448473041425472  0.31566277183444075  0.32613765516644960
  0.33697796920748174  0.34817658729384077  0.36033464449017555  0.37094367174332510
  0.38100310397397363  0.39129976359025986  0.40270439594602109  0.41500934225551583
  0.42731608202593929  0.43910308020900718  0.45050590482538028  0.46181959060676531
  0.47282105211827236  0.48334834748883099  0.49386050929054581  0.50444077567065182
  0.51490652554463956  0.52507883006473788  0.53499431077040749  0.54421674407591480
  0.55265435457057921  0.56184674340093066  0.57129224456043293  0.58018897019668580
  0.58936279061859942  0.59824619947074431  0.60886053158748854  0.61950665812324934
  0.63165130241701417  0.64341569426876677  0.65444805997834732  0.66413905417515573
  0.67303263225869769  0.68223366748958691  0.69219298210969704  0.70292877112778795
  0.71484882312978493  0.72705216119978588  0.73918132985966711  0.75090254183795357
  0.76194736921895390  0.77272557743104842  0.78329711613244235  0.79375401105207155
  0.80470780514479945  0.81577536319685351  0.82667783451313692  0.83771568734023738
  0.84770431041291028  0.85672021364110174  0.86608163839159180  0.87569157739347547
  0.88551588348710475  0.89576699309812458  0.90619381789598064  0.91677092206415733
  0.92731564049492798  0.93826721697194104  0.94888180210946793  0.95948063178373777
  0.97011077343847152  0.97996779561180181  0.99015543502528047  1.00000000000000000
 -0.00224840295213921  0.00704235369109779  0.01625905400021120  0.02712418311111230
  0.03890495148933071  0.05023278416194648  0.06123521470210213  0.07233200980529982
  0.08398066297433651  0.09645502828993302  0.10765744504805398  0.11770547167681232
  0.12755263603299344  0.13742228560770947  0.14825199566988739  0.15772667109439012
  0.16619241884477717  0.17431281952917679  0.18296165594649255  0.19225506568934903
  0.20129062892136332  0.21078501201189467  0.22011033173686290  0.23128107398659084
  0.24205736380823925  0.25242464693761735  0.26264927326446852  0.27233498742709356
  0.28165679168703012  0.29206051623025275  0.30304773450492561  0.31449333284664815
  0.32608868015885417  0.33797567334338174  0.34994745989725640  0.36158311487779621
  0.37263917213490189  0.38329261989283753  0.39400176538678511  0.40494200279557524
  0.41550892295864039  0.42545927616076806  0.43625845922527212  0.44779607013681244
  0.45968924643480780  0.47129123692744579  0.48288287814714359  0.49443132522573635
  0.50562914947780258  0.51659643048261583  0.52736270900917970  0.53824071526639305
  0.54898357466997605  0.55878654748308465  0.56846041338066500  0.57827252537813256
  0.58822512912169611  0.59832589377066148  0.60846998337837588  0.61740781806917111
  0.62721575007271213  0.63725285336350479  0.64694880627746321  0.65666242031516187
  0.66600514206645378  0.67450543931365092  0.68321762011071008  0.69222600608330032
  0.70201931910879445  0.71247220421219504  0.72353277169271779  0.73523896939592093
  0.74735022423786690  0.75947461085334689  0.77134030640230178  0.78282823959087577
  0.79383069360305047  0.80443267269258989  0.81506016053349151  0.82575164154308489
  0.83674213246333662  0.84804506557824955  0.85920792253566880  0.87015629201703037
  0.88123084943042662  0.89231452914711229  0.90323171328378660  0.91368804555647720
  0.92411534507880411  0.93480368945982706  0.94559700263054647  0.95613910667730739
  0.96642168078681301  0.97664410252610745  0.98773806299235067  1.00000000000000000
 -0.00225975129225675  0.00611502751870443  0.01533500419716857  0.02534740969430148
  0.03576655597979154  0.04587414250816706  0.05562563725685177  0.06549724011496164
  0.07586772294357270  0.08665361788823280  0.09731057337189755  0.10761418648400981
  0.11838873183752893  0.12889334355337023  0.14003319383768426  0.15103398700689419
  0.16233912571634374  0.17336617551857605  0.18389809010798805  0.19396583046912647
  0.20405100667272691  0.21464803304638566  0.22585440512114016  0.23721246846500740
  0.24774186940054502  0.25838447567987066  0.26919202019572125  0.28005594868566924
  0.29050149228615602  0.30067228058509488  0.31028617064409403  0.31936186165074515
  0.32892625162207151  0.33861043216974945  0.34923733607324575  0.36094046279688125
  0.37196751058725314  0.38236115985300184  0.39276711663079705  0.40361774155512409
  0.41442911926575621  0.42551905893059427  0.43660723758847170  0.44761279502317519
  0.45850709662288053  0.46937858765626217  0.48026668299419012  0.49128141138878062
  0.50250848906871204  0.51380959567322726  0.52490014505056759  0.53594647921385508
  0.54758820372883821  0.56020023400941055  0.57235779052939229  0.58239299209466067
  0.59179194212275721  0.60065977399622328  0.61108454192017492  0.62308350650278488
  0.63572217249709473  0.64788764228044460  0.65935228703969362  0.67031258838818963
  0.68047379181502288  0.69005359666514254  0.69960936281267427  0.70916353192985504
  0.71907080014541602  0.72951665248093223  0.73997926456610585  0.75047314889360206
  0.76106892130315296  0.77233157467665725  0.78312338296544226  0.79310212909785316
  0.80304938716258523  0.81320470262550415  0.82451148343767566  0.83582152140073807
  0.84664919901335234  0.85658512487263117  0.86637751055876000  0.87702174540494537
  0.88730614403196661  0.89679325641518404  0.90580211077584694  0.91521637341413642
  0.92603524111183411  0.93763584120291965  0.94851700017418961  0.95842794114967511
  0.96888573714582960  0.97917911744401187  0.98943601823973470  1.00000000000000000
  0.18472386090421450  0.20800601194325630  0.22755442987588800  0.25462640335450998
  0.29550017226515446  0.34637250024634542  0.40113562424326354  0.45189012658316763
  0.49371020493850215  0.52742440224624632  0.55613181288109070  0.58046041195619269
  0.60043820461571540  0.61593143493228575  0.62724288473143874  0.63613884200070236
  0.64300476878737667  0.64923920964258675  0.65456351047871730  0.65949555832981899
  0.66380834353493456  0.66735141572473333  0.67032692794550652  0.67284763232776412
  0.67523289139356046  0.67744358871430810  0.67935618144110099  0.68101527153454233
  0.68250188778871479  0.68384377055728973  0.68499262531252758  0.68605436949096987
  0.68710221179633579  0.68801767942137204  0.68886591847576695  0.68960219451708960
  0.69041070150702555  0.69117885335012053  0.69189300512040042  0.69250317409284801
  0.69310680484551102  0.69369086681114522  0.69427402970971830  0.69484687725640359
  0.69541084257382912  0.69597763487164765  0.69651541327450039  0.69702616302922094
  0.69752805033850407  0.69800702651750013  0.69845836137654582  0.69890765072114114
  0.69937957577588883  0.69988567157681114  0.70042583921632373  0.70097029177009362
  0.70148708684878214  0.70199316218866470  0.70246721281016056  0.70292067936527769
  0.70345565021743317  0.70403379852250914  0.70467550028623493  0.70537952095580336
  0.70612597651604503  0.70691601697840678  0.70773248842586356  0.70848377062623769
  0.70919909299136530  0.70994011169798787  0.71081014507600793  0.71176670712578904
  0.71278978643282420  0.71398889104277519  0.71538820156341298  0.71693051409788711
  0.71861847581739213  0.72047109766218098  0.72218080832321452  0.72392139116742782
  0.72562574907421362  0.72751997461261142  0.73007065793152304  0.73329277073527721
  0.73708825574535908  0.74091285710415200  0.74452791575549981  0.74828859801508507
  0.75338725455554612  0.75969312794608457  0.76758769997407550  0.77712244390302687
  0.78960539734252644  0.80928586604968833  0.85544386097466363  1.00000000000000000
   2.5896353832259927E-009  -1.0000000000000000     
 F F F F F F F F F F F F F F F F F F F F F F F F F F F F F F F F F F F F F F F F F F F F F F F F F F F F F F F F F F F F F F F F
  <DiscreteSampler_grid>
  grouped_processes
  1 # 1 for a reference and 2 for a running grid.
  10 # Attribute 'min_bin_probing_points' of the grid.
  1 # Attribute 'grid_mode' of the grid. 1=='default',2=='initialization'
  0.0000000000000000 # Attribute 'small_contrib_threshold' of the grid.
  0.5000000000000000 # Attribute 'damping_power' of the grid.
 # binID   n_entries weight   weight_sqr   abs_weight
    19   10   4.804919211964773E+004   1.206209452751337E+010   4.804919211964773E+004
    22   10   4.804919211964773E+004   1.206209452751337E+010   4.804919211964773E+004
    25   10   4.804919211964773E+004   1.206209452751337E+010   4.804919211964773E+004
    28   10   4.804919211964773E+004   1.206209452751337E+010   4.804919211964773E+004
  </DiscreteSampler_grid>
