 -0.01346571518367803  0.09707409528084038  0.15256349281900389  0.20033219581754702
  0.24183488875428596  0.27481024472190452  0.30569328469656643  0.33816097527919692
  0.36912681263765740  0.39675352404387026  0.42412560123407927  0.45105526448315952
  0.47462975705023097  0.49589890379636448  0.51825284852125653  0.54199751061145240
  0.56419829209002648  0.58435002171245387  0.60092564723108388  0.61542745778896557
  0.62908523988456722  0.64071539286893353  0.64990688921151263  0.66159875771487187
  0.67337646987702426  0.68390087903568531  0.69043308694383465  0.69668271157707207
  0.70337137928901694  0.71329082975153901  0.72203108408996497  0.73150646456033430
  0.74052331204939104  0.74901460157374511  0.75688020091306096  0.76379535917784869
  0.77048498764969497  0.77760780695224874  0.78547292332097285  0.79352277655478476
  0.80101665420998058  0.80810769986081143  0.81517435012933981  0.82220272123681204
  0.82907102866632931  0.83562561743258212  0.84163297634415524  0.84734165698379238
  0.85258050667452812  0.85731560322848166  0.86210672418031720  0.86723440575927657
  0.87229759495384662  0.87683244127177729  0.88096718902478954  0.88506191554061608
  0.88914800774810487  0.89321142914470053  0.89743291838987660  0.90203615149321326
  0.90686413177495750  0.91147764575106516  0.91560525535422566  0.91925855932779754
  0.92252991467728673  0.92581070334562465  0.92922193933328645  0.93220043008931674
  0.93502177331972691  0.93738853128533217  0.93980987150126671  0.94251543118696679
  0.94554788751877239  0.94837043945266564  0.95108336537240523  0.95391479943857771
  0.95649215986519875  0.95862886902987288  0.96043751142932732  0.96209805907341928
  0.96376029360103010  0.96547641720018185  0.96743562338328615  0.96921505760798232
  0.97079038843768917  0.97250450823226864  0.97438062931387481  0.97640094630376750
  0.97846155264086432  0.98059684497618627  0.98308127762720843  0.98584362288908556
  0.98900283894367369  0.99270338347188947  0.99557065581424575  1.00000000000000000
  0.00000000000945804  0.00000000001081495  0.00000000001156446  0.00000000001231396
  0.00000000001306347  0.00000000001379621  0.00000000001452571  0.00000000001525521
  0.00000000001590413  0.00000000001644412  0.00000000001698412  0.00000000001763425
  0.00000000001910217  0.00000000002069487  0.00000000002243305  0.00000000002428826
  0.00000000002609440  0.00000000002767448  0.00000000002922089  0.00000000003070447
  0.00000000003225010  0.00000000003419200  0.00000000003623985  0.00000000003886658
  0.00000000004164388  0.00000000004447488  0.00000000004722060  0.00000000004967419
  0.00000000005205788  0.00000000005442425  0.00000000005690481  0.00000000005968831
  0.00000000006257783  0.00000000006540185  0.00000000006809770  0.00000000007064290
  0.00000000007306317  0.00000000007546213  0.00000000007906473  0.00000000008290792
  0.00000000008701899  0.00000000009241003  0.00000000009816378  0.00000000010413523
  0.00000000011029525  0.00000000011653787  0.00000000012298366  0.00000000012989820
  0.00000000013857645  0.00000000014800136  0.00000000015792199  0.00000000016749017
  0.00000000017781761  0.00000000018866725  0.00000000020037712  0.00000000021194162
  0.00000000022364517  0.00000000023463444  0.00000000024705332  0.00000000026090221
  0.00000000027735692  0.00000000029694288  0.00000000031428454  0.00000000033011221
  0.00000000034777532  0.00000000036722465  0.00000000040101043  0.00000000043728161
  0.00000000048072820  0.00000000053148526  0.00000000058606354  0.00000000064108171
  0.00000000070513765  0.00000000079085980  0.00000000090653456  0.00000000102353738
  0.00000000114329850  0.00000000126814981  0.00000000144162883  0.00000000168252877
  0.00000000194746543  0.00000000223958414  0.00000000261427623  0.00000000331590213
  0.00000000435070935  0.00000000598104299  0.00000000886656505  0.00000001398510857
  0.00000002496829738  0.00000005683520500  0.00000018980053509  0.00000106143197809
  0.00000847813394935  0.00010805177449279  0.00687460583819425  1.00000000000000000
 -0.00215774558630331  0.00835476975743293  0.01937015318126089  0.03072011243145436
  0.04223334441054998  0.05446692803719465  0.06703671590521358  0.07937089872073000
  0.09095920309515271  0.10132812522718027  0.11052688131255516  0.11920748793960297
  0.12844953373128834  0.13782013494378853  0.14914565534397195  0.16082558248822273
  0.17244278463034499  0.18342488681124297  0.19366663568868253  0.20336740318417570
  0.21340801783471178  0.22398214137749392  0.23522451682768414  0.24648201593084423
  0.25587592598054226  0.26417609145539284  0.27173228539930322  0.28100552517500843
  0.29052015038721724  0.29994305317279280  0.30948233894693850  0.31973785105759700
  0.33021952197695148  0.34084629457370774  0.35250323508619902  0.36504296400931241
  0.37770519151769399  0.39004780943987666  0.40139224935710172  0.41122061934400223
  0.42025827396451426  0.42857234771415170  0.43746193694568952  0.44654061168209430
  0.45485012215589865  0.46345015823871549  0.47230244779437364  0.48104732157573188
  0.48979594163810647  0.49955277450454266  0.50921955611201786  0.51979090681101892
  0.53147690990199814  0.54196589182711374  0.55176411369713529  0.56126603054516044
  0.57177976872294445  0.58338392054772881  0.59552583371070389  0.60708460584208535
  0.61832101418621666  0.62946579922345181  0.64116269267334980  0.65321643304189148
  0.66554093944875470  0.67757069317007435  0.68982381016182848  0.70155646790912196
  0.71293034474609718  0.72430036607212034  0.73573601664377231  0.74765782226226596
  0.75957970234763372  0.77165435133569704  0.78365432055505480  0.79604566346739547
  0.80802318660499528  0.81953396056471173  0.83009837146883358  0.83979148270957649
  0.84854666924411193  0.85845970827635476  0.86884278751541699  0.87893141415781495
  0.88876809077722119  0.89900248975474573  0.91038368042973250  0.92223626037364981
  0.93407768643107991  0.94578354594691028  0.95618499942994373  0.96411236984609983
  0.97171596220582301  0.97938894881909844  0.98722207159754538  1.00000000000000000
 -0.00197276369770316  0.00750193045432704  0.01782212920183382  0.02804913542777156
  0.03861693851476024  0.04947245723658709  0.06089457633941927  0.07278280159476277
  0.08515897507460977  0.09650334587246218  0.10715825898437502  0.11805374453855941
  0.12946598066518292  0.14070230366838546  0.15167769739720025  0.16258925614122202
  0.17199610484126593  0.18084827392951999  0.19005843139033310  0.19937026846941308
  0.20714989961198357  0.21531420997763170  0.22625791491817090  0.23866651375951070
  0.25065681662539258  0.26239740510994769  0.27398588169989258  0.28539512014622226
  0.29477629746342432  0.30383642987123599  0.31239846587508674  0.32168363987533422
  0.33212376375936975  0.34331876459738392  0.35526205194918598  0.36732124337623701
  0.37926289959315962  0.39085092548463363  0.40175333450573963  0.41224395644513590
  0.42281805236760023  0.43378550233646096  0.44518063954375553  0.45705555415828586
  0.46943929934748974  0.48083056303440402  0.49057295055197719  0.49945127859228827
  0.50785527869366787  0.51613638159458830  0.52457230140910460  0.53519678387911218
  0.54714876057400830  0.55851944677476539  0.56994235227648693  0.58111722623737672
  0.59197861194882939  0.60282863247580853  0.61416115672818516  0.62575586654555126
  0.63707276593718054  0.64759380027756486  0.65547518095340962  0.66333860337241923
  0.67123055825473643  0.67925857905354459  0.68919772752396835  0.70038123852570511
  0.71158680827246767  0.72267059946682699  0.73387081789950914  0.74511994974566720
  0.75602860251355208  0.76610375563720223  0.77620512100174255  0.78630559471433525
  0.79615876469446056  0.80570990197336323  0.81441945746460220  0.82384849682357608
  0.83414250829319014  0.84462707091737588  0.85563722752966609  0.86477818669256612
  0.87333837045594997  0.88310233935762561  0.89409129546013688  0.90697183161616979
  0.91997753140908289  0.93238389217890572  0.94445205948839739  0.95608647584259121
  0.96722517691715026  0.97860937787374780  0.98830668201123939  1.00000000000000000
 -0.00227465588920408  0.00930547839893882  0.02103239646834707  0.03204134835433977
  0.04256981069194055  0.05274931773930656  0.06380131959944482  0.07431232662165863
  0.08512759376336398  0.09594761314426087  0.10691503777270332  0.11832266923928667
  0.12983706426474514  0.14231756387259595  0.15513822362039675  0.16763033332580080
  0.17935764026918807  0.19004298867835070  0.20093083370747455  0.21129422942525128
  0.22197588895625064  0.23324899524399781  0.24452689123182264  0.25582288231289241
  0.26593482851376671  0.27643922226325968  0.28654202525489669  0.29694533742323298
  0.30852111217929817  0.32042652317221038  0.33281662211775448  0.34490892510675586
  0.35724936595534201  0.36836701886535994  0.37876817043951455  0.38893030439104054
  0.39913768078284284  0.40986423362704477  0.42085724560697502  0.43192494342198351
  0.44319374113982823  0.45407083237627904  0.46323391162644117  0.47122654453370366
  0.47945198859284344  0.48716393901879229  0.49799036062977531  0.51130551493517773
  0.52396403218483545  0.53615617706797603  0.54790796116420859  0.55934001905396336
  0.56929185966702123  0.57840961988389961  0.58770748348068413  0.59693081038629192
  0.60687660754755413  0.61546220323066980  0.62359934479703538  0.63218936504789613
  0.64165216686753612  0.65156245146723779  0.66266595475578727  0.67418254203525296
  0.68523377596128099  0.69610822890452229  0.70727395943719440  0.71823856884261583
  0.72866639941901812  0.73937294398952491  0.75066892290037901  0.76113896320505636
  0.77086719379537472  0.78047744462196345  0.78959401841584320  0.80140890105585461
  0.81422751685192596  0.82701279880541823  0.83936476666667248  0.84955954394761157
  0.85970111947245886  0.86796494107593580  0.87722826926683051  0.88806463557206317
  0.89850964831528379  0.90829081353410401  0.91569306020308483  0.92359839804200383
  0.93181819325996540  0.94020501879328544  0.95036752396665691  0.96106345058916942
  0.97162707317436803  0.98199367190435871  0.99151562805627880  1.00000000000000000
  0.18553607636446051  0.20719908022452371  0.23048161356612712  0.26081565592321004
  0.29403011110435112  0.33353997023019427  0.38068709482743712  0.43020530645425170
  0.47581060739904485  0.51498310151439985  0.54626246115401711  0.56786542569238951
  0.58637677661564613  0.60151129143328408  0.61432622409568460  0.62577242009154355
  0.63579957856417146  0.64321605882319610  0.64851985592067141  0.65303955204678266
  0.65720544839789741  0.66082350577386195  0.66468626812748544  0.66806496872015952
  0.67086536594783597  0.67331429017385824  0.67537647843433368  0.67728377188959166
  0.67912936581998540  0.68094678626453042  0.68250758329597472  0.68387696712725199
  0.68508842015962668  0.68619202936511181  0.68720893597332666  0.68813706606776570
  0.68899909201173437  0.68981023706050448  0.69058285291516996  0.69131427424592951
  0.69202194314027710  0.69269297803844376  0.69334816622835715  0.69398821095900365
  0.69458983079998426  0.69515404591436025  0.69569327955917859  0.69619746438278940
  0.69667817546085076  0.69718110370369613  0.69768711436262620  0.69818411634862609
  0.69868631194426822  0.69917098866279914  0.69962435611267826  0.70004199325391858
  0.70043793902868345  0.70080499288070275  0.70117083853312778  0.70158230146865830
  0.70200201777402205  0.70244232815308782  0.70288205968727901  0.70332879384961799
  0.70379378077324395  0.70430786676451429  0.70491583337140185  0.70560085330363154
  0.70631668505925060  0.70705636300536912  0.70784761044254896  0.70872327482481234
  0.70971559390632399  0.71087678298944923  0.71212631689410999  0.71339641415370625
  0.71469363641608341  0.71608852101707365  0.71757137102272439  0.71917119106465544
  0.72092507346507673  0.72284606180652200  0.72514761007622452  0.72788421175653706
  0.73087677043281485  0.73412690617013954  0.73769099157799822  0.74199209701000945
  0.74709181738286701  0.75324092731360626  0.76052144040105951  0.76931168228280922
  0.78142921677159249  0.79960380850080870  0.83790217941575551  1.00000000000000000
   2.7707448981539279E-009  -1.0000000000000000     
 F F F F F F F F F F F F F F F F F F F F F F F F F F F F F F F F F F F F F F F F F F F F F F F F F F F F F F F F F F F F F F F F
  <DiscreteSampler_grid>
  grouped_processes
  1 # 1 for a reference and 2 for a running grid.
  10 # Attribute 'min_bin_probing_points' of the grid.
  1 # Attribute 'grid_mode' of the grid. 1=='default',2=='initialization'
  0.0000000000000000 # Attribute 'small_contrib_threshold' of the grid.
  0.5000000000000000 # Attribute 'damping_power' of the grid.
 # binID   n_entries weight   weight_sqr   abs_weight
    19   10   4.876959024069820E+005   1.090211101847000E+012   4.876959024069820E+005
    22   10   4.876959024069820E+005   1.090211101847000E+012   4.876959024069820E+005
    25   10   4.876959024069820E+005   1.090211101847000E+012   4.876959024069820E+005
    28   10   4.876959024069820E+005   1.090211101847000E+012   4.876959024069820E+005
  </DiscreteSampler_grid>
