 -0.00533362031713520  0.02845889572565286  0.04934557293753421  0.06659888338716657
  0.08207080788647141  0.09724195046589076  0.11195672885043177  0.12635682055432076
  0.14094263505115262  0.15426780592953870  0.16695357030404911  0.17954269416734678
  0.19201943925119980  0.20423227427898136  0.21645889546690050  0.22879940868121382
  0.24138867897607980  0.25404970975752528  0.26656977488745870  0.27915371756797713
  0.29167630872857891  0.30400727824595786  0.31614925060237997  0.32828194715874787
  0.34018684936460269  0.35208134226522919  0.36348754931441662  0.37480225099833736
  0.38557651798016751  0.39621786401479808  0.40755829618701123  0.41926221799557006
  0.43111827854801549  0.44308712478275825  0.45553921483709142  0.46725784382982216
  0.47873782253440367  0.49061966268776397  0.50189342501351364  0.51258148232758460
  0.52365148218985724  0.53553070642768141  0.54711077234762284  0.55828035252937791
  0.56930221137188119  0.58027951766874086  0.59153308148956352  0.60309296987101002
  0.61480053273090807  0.62701292091244620  0.64071318779594366  0.65284164074866535
  0.66395891985033062  0.67550006404818019  0.68719928292425536  0.69851133793015818
  0.70959102260609797  0.72060457337481343  0.73137318336959911  0.74201683539561214
  0.75227922733871555  0.76190412616815129  0.77152995185030959  0.78124237204709257
  0.79098075142993352  0.80076071862593745  0.81078857725839260  0.82159505713825787
  0.83282021438127629  0.84383350559328474  0.85434436890096355  0.86436456996538336
  0.87390415581242487  0.88293040735336714  0.89158968451982612  0.89999971967797565
  0.90813964266272262  0.91601796911672517  0.92334097140763982  0.93033583703455613
  0.93720854903043482  0.94387331653637052  0.95040187036648360  0.95667688053684696
  0.96204326211445357  0.96659017021658744  0.97104912368359253  0.97523720002902259
  0.97923004095109589  0.98268010460255140  0.98588248890273644  0.98876290564839109
  0.99135936260398916  0.99365940107345552  0.99553168347396248  1.00000000000000000
  0.00084244871439607  0.00087696564550375  0.00090159188132941  0.00092511203037023
  0.00094827229786935  0.00097250162213063  0.00099680281856614  0.00102071365416347
  0.00104399727711984  0.00107014594472048  0.00109722349270995  0.00112438851791473
  0.00115168382198339  0.00117951847981848  0.00120821688201337  0.00123764861904908
  0.00126728276210043  0.00129734307844140  0.00132970171275599  0.00136281516875643
  0.00139628244990913  0.00143031119482863  0.00146578702712750  0.00150307239027455
  0.00154140539793745  0.00158030442993941  0.00162122429494246  0.00166584790689007
  0.00171316787692210  0.00176093254562234  0.00181047423326322  0.00186235442199072
  0.00191615037263327  0.00197095665214522  0.00202838736559227  0.00209006883116731
  0.00215282148380014  0.00221656257906766  0.00228591596670161  0.00235873415621691
  0.00243214886020412  0.00250976520383395  0.00259334024196445  0.00267942476874011
  0.00276809126827659  0.00285990904519253  0.00295413813511144  0.00305152880449720
  0.00315744254786081  0.00328071170571159  0.00340116005679511  0.00354138765058476
  0.00368291304962885  0.00383751255487071  0.00400690650369424  0.00418638170593555
  0.00437311029866387  0.00456704082979336  0.00477151157462357  0.00498994134446656
  0.00521696824852747  0.00545316216796548  0.00570146355391388  0.00596573372602156
  0.00625725135507520  0.00655567998519162  0.00688512369374464  0.00723129955051128
  0.00762553045169235  0.00804948114769899  0.00852108644635916  0.00899005435634674
  0.00950289123207469  0.01005555265333031  0.01069942577448446  0.01140780825530461
  0.01216183328133330  0.01298944149940988  0.01390792563969599  0.01493129846705103
  0.01609326416915712  0.01743525757552061  0.01886429159305078  0.02067222234937445
  0.02266083138480236  0.02501532518312072  0.02774360029245392  0.03100795436507824
  0.03511406774291704  0.04088586537049907  0.04758445891985370  0.05677341298423282
  0.07101152074990216  0.09939066422017968  0.14018082065606649  1.00000000000000000
 -0.00261743977156594  0.01058948618918540  0.02136717341288586  0.03078987788421831
  0.04060660548913011  0.04987187955778784  0.05903092585804453  0.06819716695522494
  0.07749356606605770  0.08714515575682115  0.09740031131655619  0.10819781474646828
  0.11957549782317943  0.13085831155779551  0.14169225424103571  0.15279883458036198
  0.16431017567020845  0.17569231805870872  0.18707142466134180  0.19932842352204400
  0.21130111050898501  0.22131668686064968  0.23221325787534045  0.24389845987549921
  0.25502958654316193  0.26559354470117286  0.27751440728793164  0.28947088078341254
  0.30053704635446427  0.31104057955756909  0.32126613247955471  0.33140763361544634
  0.34145142012419866  0.35128730953051696  0.36148581267237268  0.37176716348965821
  0.38181866090643746  0.39186326862341786  0.40182610523594448  0.41175008629351856
  0.42169864350796632  0.43162262058141787  0.44135587201242837  0.45306739967328252
  0.46275004699870165  0.47122461396428705  0.47993535289337280  0.48845560606297045
  0.49689757742629737  0.50531303236331793  0.51353620971628322  0.52236827053442136
  0.53317079936443112  0.54476360768927079  0.55656325765608983  0.56804637230053057
  0.57907783366487098  0.58970797204261516  0.60001895674568528  0.61017272373704023
  0.62025776684674805  0.63044235256529957  0.64058389089286771  0.65070165922088741
  0.66083457134656998  0.67140098978568408  0.68216708888907562  0.69268211463443463
  0.70309215152894011  0.71388090360334333  0.72499954195235827  0.73609910730187733
  0.74699803193494319  0.75777263099650838  0.76860817030989503  0.77967596225716629
  0.79075340936531302  0.80154351283633696  0.81220424063796126  0.82294675810944529
  0.83367994312475169  0.84415517151563291  0.85445397769648490  0.86477706265713428
  0.87520226936593415  0.88586655972433703  0.89686353132813379  0.90835791079663164
  0.92010301038939690  0.93185047038874380  0.94378968346165826  0.95587682676291397
  0.96733151965677855  0.97820814568701442  0.98914513016363048  1.00000000000000000
 -0.00267145337725819  0.01178408284463985  0.02437947726362735  0.03702236019690046
  0.04928324898219576  0.06117738809556564  0.07303486862229251  0.08467396294821780
  0.09571572422510251  0.10636579323120886  0.11691921187780133  0.12734448794029005
  0.13772119824671600  0.14794918527742298  0.15804362311919348  0.16841277032923396
  0.17935431913938152  0.19041770115621628  0.20110807205559222  0.21186917437420058
  0.22276958942623939  0.23320909918289282  0.24284308181766021  0.25262261120509394
  0.26253031382201913  0.27248303626457110  0.28246474891625306  0.29277270654498183
  0.30383785210286468  0.31540022283848190  0.32714546710253684  0.33910197880404841
  0.35090714599883649  0.36226577171639740  0.37294553875781900  0.38379187769333717
  0.39468477373301525  0.40604353150685690  0.41746151998381487  0.42686111295719048
  0.43628969836904502  0.44560115757309970  0.45485020818536481  0.46422476868513335
  0.47372729644369754  0.48382423052473827  0.49461724138894209  0.50542449368611886
  0.51591065083269028  0.52598028735187097  0.53576437221579443  0.54588032130601916
  0.55641744278401073  0.56705210653941940  0.57766737444849559  0.58809572604614890
  0.59836104200129903  0.60851309019568856  0.61848675581337886  0.62871616760962001
  0.63883423407765183  0.64940109040724914  0.66248952000698935  0.67752484880685737
  0.69205082090495629  0.70429170515917050  0.71571281122376684  0.72679185165821225
  0.73736970983281558  0.74777878384945407  0.75790472194813074  0.76798426743322923
  0.77814324087003128  0.78856446415856229  0.79984862670075885  0.81140759836264720
  0.82224760414297604  0.83315849360249772  0.84227890151529250  0.85106092823797552
  0.85960220403392751  0.86806976625895782  0.87690532928667886  0.88558000360416944
  0.89440122345923223  0.90376959203890694  0.91342073208034436  0.92285541363480728
  0.93205040685206608  0.94152658395951605  0.95124040661415665  0.96095943985798382
  0.97072617580467480  0.98042603484920321  0.99026898810507469  1.00000000000000000
 -0.00102236621450321  0.00606057275660519  0.01251989202653240  0.01887765615313835
  0.02378495990327918  0.02850278093115662  0.03610270933231533  0.04656049847567742
  0.05677848186535096  0.06723462841808903  0.07821041255554234  0.08985243463248165
  0.10206072480082481  0.11431681082259959  0.12619957260462938  0.13741298693194526
  0.14828363487836654  0.15893004803508490  0.16962016281263834  0.18050702265932503
  0.19171124087750735  0.20375022725446199  0.21534846686363587  0.22663799851642263
  0.23855985298313162  0.25034114577009908  0.26139354521787050  0.27255134703417522
  0.28380225392797681  0.29484582428256662  0.30566131604448088  0.31632705697985530
  0.32685678057658862  0.33701017868915722  0.34679648660783430  0.35637537650608675
  0.36582417470110107  0.37525917383537138  0.38464048146070540  0.39402215923899625
  0.40398937321278722  0.41428259582735599  0.42465043836144178  0.43476403337710007
  0.44626993426578621  0.45782877759699780  0.46827510094376318  0.47862372336568815
  0.48888317975602752  0.49915839524736083  0.50910079147059983  0.51918978518514713
  0.53012598041574843  0.54132726767844264  0.55228903437966770  0.56334892929109104
  0.57476485436547431  0.58604381910362957  0.59695781065437936  0.60828413252542934
  0.61999008415076273  0.63143509752656402  0.64262694378298135  0.65380977613148450
  0.66504163873109157  0.67641783977932435  0.68784732196249665  0.69913715929866327
  0.71029578393675752  0.72123906004303784  0.73207472637667936  0.74261215571089845
  0.75328510638530699  0.76416238343153231  0.77532160560233854  0.78686849185578533
  0.79836743611211747  0.80985238816598637  0.82070291153269603  0.83116425080294243
  0.84114193776446089  0.85105101430169383  0.86082009344339872  0.87055241159535401
  0.88086609424744611  0.89206746065090492  0.90294575170540770  0.91391309094109940
  0.92594228381895116  0.93880496704082084  0.95116114600811041  0.96243042713872706
  0.97248811501942467  0.98201840288206621  0.99104355288528279  1.00000000000000000
  0.99972390028342917  0.99972728400694622  0.99973011939311707  0.99973291034504042
  0.99973569173893240  0.99973845297210850  0.99974121413622274  0.99974395024963658
  0.99974667119899474  0.99974938100680921  0.99975210004982351  0.99975482048341446
  0.99975752955240726  0.99976022722180780  0.99976291878425316  0.99976561715959156
  0.99976831704384184  0.99977101982918770  0.99977371510036861  0.99977639547762953
  0.99977906482355861  0.99978173087057698  0.99978440338233576  0.99978708416883766
  0.99978977250389123  0.99979246082738926  0.99979513585660817  0.99979779395904422
  0.99980043643848560  0.99980307172005412  0.99980570052737727  0.99980832725496360
  0.99981094649882007  0.99981358160517431  0.99981639196877259  0.99981918769851497
  0.99982198481368445  0.99982479107557065  0.99982761246967211  0.99983042824223212
  0.99983322570916178  0.99983600876883805  0.99983878249270219  0.99984155027247235
  0.99984431552159048  0.99984708224808783  0.99984985637994428  0.99985264195057633
  0.99985543330758364  0.99985822715007366  0.99986103397863180  0.99986383693598602
  0.99986662746308796  0.99986940136532609  0.99987217473829770  0.99987496239572482
  0.99987775668374002  0.99988053893153350  0.99988330725761210  0.99988607203370727
  0.99988884896262176  0.99989164563819943  0.99989445035404534  0.99989726710764659
  0.99990008057508184  0.99990290088137068  0.99990570560198988  0.99990855942028922
  0.99991143091092427  0.99991431481487603  0.99991718914320760  0.99992007042520314
  0.99992295210812798  0.99992585045656712  0.99992876386326002  0.99993169394817394
  0.99993463036945451  0.99993756899646213  0.99994052640084496  0.99994351056455977
  0.99994652318042498  0.99994955499389471  0.99995259884692234  0.99995565863301661
  0.99995874353609093  0.99996187015363036  0.99996504072250825  0.99996825688288971
  0.99997153210405587  0.99997489755822355  0.99997836146171082  0.99998193379659572
  0.99998569125636982  0.99998973196862073  0.99999427547382158  1.00000000000000000
   8.8392596912437478E-005  -1.0000000000000000     
 F F F F F F F F F F F F F F F F F F F F F F F F F F F F F F F F F F F F F F F F F F F F F F F F F F F F F F F F F F F F F F F F
  <DiscreteSampler_grid>
  grouped_processes
  1 # 1 for a reference and 2 for a running grid.
  10 # Attribute 'min_bin_probing_points' of the grid.
  1 # Attribute 'grid_mode' of the grid. 1=='default',2=='initialization'
  0.0000000000000000 # Attribute 'small_contrib_threshold' of the grid.
  0.5000000000000000 # Attribute 'damping_power' of the grid.
 # binID   n_entries weight   weight_sqr   abs_weight
    19   10   1.386743547017330E+007   5.389675495239584E+014   1.386743547017330E+007
    22   10   1.386743547017330E+007   5.389675495239584E+014   1.386743547017330E+007
    25   10   1.386743547017330E+007   5.389675495239584E+014   1.386743547017330E+007
    28   10   1.386743547017330E+007   5.389675495239584E+014   1.386743547017330E+007
  </DiscreteSampler_grid>
