 -0.01279427929089368  0.09625061115299940  0.15390045349263848  0.19932551430152437
  0.23471206281371956  0.26980674637311980  0.29918826212023730  0.32685225119762451
  0.35401988316564703  0.37925459854362664  0.40130693819287666  0.42279521195202419
  0.44322211092178077  0.46215040566254156  0.47981493220273125  0.49806815991617315
  0.51621663444294585  0.53263517821983897  0.54703472659742347  0.55992592483476800
  0.57401368870432312  0.58854792456724292  0.60254463360530996  0.61597035622659224
  0.62943192955103866  0.64296157029756318  0.65641068718109008  0.66936111529594988
  0.68145839355426907  0.69322182833848023  0.70479565562504609  0.71612926859203185
  0.72732586440621660  0.73801154172781047  0.74780068433937130  0.75696504181073476
  0.76568847017061858  0.77576493737724517  0.78578059621505514  0.79513058748780474
  0.80417783219423211  0.81283831967605280  0.82180743329741635  0.82957981923672852
  0.83685896531697457  0.84431375723250146  0.85083924055621396  0.85675718735735273
  0.86256750945218585  0.86842892137067929  0.87447568806767040  0.88058533904280167
  0.88628064289373210  0.89172559470201984  0.89688116375480775  0.90140449725456184
  0.90537792824379804  0.90916566488963890  0.91320393525165322  0.91756118647558960
  0.92144153571451826  0.92498799852498126  0.92839479495824861  0.93143990090282736
  0.93479259820962879  0.93803744390409749  0.94098772679634202  0.94385291681022332
  0.94673146195829871  0.94963948954991650  0.95239129070093853  0.95522107584288340
  0.95803046133025660  0.96065813271291955  0.96342939996986809  0.96625568049957944
  0.96893491565940149  0.97140891798824747  0.97372525676206312  0.97571582027641246
  0.97736014251126313  0.97859391252462702  0.97962089165270572  0.98070393663038558
  0.98174029264037055  0.98271195141259704  0.98364207080290966  0.98454631820017313
  0.98537876405476932  0.98608497995528999  0.98707763692763073  0.98849978965457042
  0.99033979333444799  0.99280308843380838  0.99506564570060574  1.00000000000000000
  0.00000000016877964  0.00000000017663284  0.00000000018096867  0.00000000018426269
  0.00000000018747344  0.00000000019073467  0.00000000019393868  0.00000000019700039
  0.00000000020042043  0.00000000020377054  0.00000000020704689  0.00000000021015741
  0.00000000021345819  0.00000000021673729  0.00000000022005920  0.00000000022386926
  0.00000000022816503  0.00000000023263249  0.00000000023661905  0.00000000024056956
  0.00000000024459518  0.00000000024882228  0.00000000025458501  0.00000000026287110
  0.00000000027162949  0.00000000028295291  0.00000000029513387  0.00000000030668293
  0.00000000031809433  0.00000000032892539  0.00000000034086449  0.00000000035273756
  0.00000000036343672  0.00000000037205285  0.00000000037980428  0.00000000038746741
  0.00000000039545057  0.00000000040376803  0.00000000041578552  0.00000000043006403
  0.00000000044412430  0.00000000045730986  0.00000000047127482  0.00000000048520102
  0.00000000049780169  0.00000000051350730  0.00000000053094582  0.00000000055055256
  0.00000000057455934  0.00000000060031959  0.00000000062737422  0.00000000065345955
  0.00000000067934289  0.00000000070610202  0.00000000073737177  0.00000000077067127
  0.00000000080138217  0.00000000083059724  0.00000000086374474  0.00000000090529123
  0.00000000095353988  0.00000000099944294  0.00000000104377817  0.00000000109182068
  0.00000000115283460  0.00000000122680746  0.00000000131305368  0.00000000140906537
  0.00000000152547296  0.00000000166145829  0.00000000181462910  0.00000000198415376
  0.00000000217162106  0.00000000238694415  0.00000000264472985  0.00000000293779097
  0.00000000329173715  0.00000000375806111  0.00000000438170639  0.00000000518911514
  0.00000000609108708  0.00000000724028806  0.00000000908630320  0.00000001209947355
  0.00000001758236716  0.00000002739240484  0.00000004742106288  0.00000011730155576
  0.00000039313680363  0.00000130804412245  0.00000705530641894  0.00004083864186069
  0.00044027094719634  0.01653844185955920  0.57773486263987850  1.00000000000000000
 -0.00160688585315492  0.00752109771181126  0.01636652690331973  0.02549684835954059
  0.03439450887551906  0.04303425238272821  0.05170675542263763  0.06066627267787315
  0.07020086999972770  0.08059234410106889  0.09160715884959353  0.10283162344847355
  0.11397423216505104  0.12528993499465740  0.13683907294967107  0.14787597437443506
  0.15846568918472967  0.16911028072494758  0.17960032257411673  0.19030031480906534
  0.20092445900407363  0.21121077230969587  0.22182898775219173  0.23172952999462501
  0.24144817765604745  0.25097215370663029  0.26013726987996022  0.26975315280570566
  0.27952636099040196  0.28954434421107295  0.30018481156296001  0.31139664545925910
  0.32337939365039020  0.33561953128366584  0.34800220181215452  0.35988385969953263
  0.36983989920821281  0.37907940033893395  0.38856908896490300  0.39860207411155835
  0.40886581312749443  0.42027627985291849  0.43194956172402527  0.44348114527510696
  0.45416606545583238  0.46473291677090051  0.47448064415516145  0.48486645621791014
  0.49592305464440145  0.50780749503344336  0.52001652342058557  0.53174539135399546
  0.54286504291687443  0.55382695051012321  0.56484596348248639  0.57593063216245466
  0.58664261025558762  0.59653364235002693  0.60556174440067223  0.61525676449796229
  0.62486774862303995  0.63499874273960655  0.64641594007951053  0.65696444384772246
  0.66829641754494118  0.67974166498936817  0.69046501502393420  0.70019580525232694
  0.71014979526310629  0.72016401061670687  0.73050279893833614  0.74099453443959351
  0.75140276365129244  0.76203263516235209  0.77282309927343418  0.78343857076911183
  0.79392998974038520  0.80377692912447030  0.81427274426660945  0.82438154822651899
  0.83346956688926799  0.84283080489933448  0.85289231554942324  0.86420319327064088
  0.87580278159471336  0.88679021091043353  0.89744880818854733  0.90799602780787048
  0.91906733816809105  0.93003944500540303  0.94151054395650602  0.95304369439452030
  0.96493822431331056  0.97658417074891524  0.98849211041172036  1.00000000000000000
 -0.00157882752128600  0.00751226586456599  0.01484795537235064  0.02185878594985621
  0.02963880902757531  0.03809932077940288  0.04799340070249623  0.05798523999188879
  0.06925787627588779  0.08121099153093700  0.09232486564204345  0.10260956114767888
  0.11275773081280790  0.12327329092360105  0.13437461840230239  0.14582016661540462
  0.15677895889111471  0.16789524578985945  0.17898480330224767  0.18955441123705724
  0.19990812257582910  0.21019505897752297  0.22030276139638191  0.23051098480117671
  0.24124755949689741  0.25159860040871573  0.26179269258735238  0.27188089410208555
  0.28038165713514418  0.28801827183832834  0.29653517496333798  0.30591724376550500
  0.31712847331877581  0.32928330089957758  0.34042456481437905  0.35040088652533236
  0.36025799384420976  0.37091503729426628  0.38213495242619405  0.39398127499283431
  0.40580314026015080  0.41668042864808119  0.42675032617912878  0.43711792294769913
  0.44748048181584948  0.45810187444389311  0.46853528771328862  0.47805283178289659
  0.48789924471422697  0.49731290935345862  0.50802031944850035  0.51878711560724655
  0.52962865376832580  0.54006611133776172  0.55096509254992088  0.56178840468256708
  0.57224836840698690  0.58234158765340394  0.59221456883691392  0.60234244166824247
  0.61373162478662946  0.62418231943507974  0.63468628385227888  0.64479256400951912
  0.65546117137390181  0.66627316782951373  0.67718475949766677  0.68809139517916829
  0.69905862817315345  0.71036332793471746  0.72207960828190554  0.73413064291596197
  0.74635852923994983  0.75808134307639408  0.76918360185591472  0.78018793029005618
  0.79089699206870068  0.80166415986593809  0.81260141399971819  0.82374331113360788
  0.83480480316942551  0.84560210151316906  0.85666698596886159  0.86831787576246544
  0.88075440553565476  0.89262256938485662  0.90411289324006505  0.91494019904990287
  0.92629044135458083  0.93734430131422664  0.94785369087766125  0.95858773603082659
  0.96955577240912350  0.98008561958200591  0.98978017598030787  1.00000000000000000
 -0.00249450978712928  0.00875284955912923  0.01950264010468150  0.02981259727530113
  0.03997589765512607  0.05002959657444414  0.06018822545014688  0.07103248212195075
  0.08166537249607460  0.09187481026931472  0.10213864195590357  0.11208623179877789
  0.12226269991382721  0.13251928029251006  0.14265497650187428  0.15284033777723705
  0.16234762772677960  0.17026177435173034  0.17721464672992684  0.18412917566035578
  0.19300252430621787  0.20228613858717692  0.21240059259912000  0.22252200303425820
  0.23231812666082924  0.24202969019672080  0.25200321710527462  0.26222228744878368
  0.27251990541923971  0.28396147266769867  0.29604024892443875  0.30808590503065270
  0.32004886854473502  0.33127872971510813  0.34187142079840838  0.35178504890370926
  0.36165751163222298  0.37218530417320689  0.38321359888897472  0.39428306928243917
  0.40530184316893986  0.41641746726976514  0.42751231386430882  0.43856209743409763
  0.44938902785828894  0.46029357569958457  0.47161942627464992  0.48316540424852028
  0.49436557487027055  0.50547672472012761  0.51633669682538363  0.52704123769190170
  0.53789749519801022  0.54889318147317989  0.56023354120175950  0.57231433465012016
  0.58450089822393536  0.59686054051016624  0.60863525832021503  0.61933151933855546
  0.62901102353736993  0.63875587850818571  0.64880619975733400  0.65942307054523841
  0.66985155222180115  0.67993969815168631  0.68988083970964509  0.69963289081635427
  0.70887129178275055  0.71787910016346612  0.72716781816483511  0.73713619043812673
  0.74783383943071269  0.75817752128296712  0.76833497932331307  0.77888483556993682
  0.79027448935349465  0.80055584993084505  0.81081099871847429  0.82115240227773434
  0.83225668907570194  0.84346171744417042  0.85473748073159961  0.86573042640031372
  0.87630781952431780  0.88708486586317514  0.89780092452662885  0.90873095244872704
  0.92044972837650674  0.93168634041799481  0.94269898512812023  0.95399054449724796
  0.96581581834739394  0.97790055352072858  0.98966422967569501  1.00000000000000000
  0.18497449199550683  0.20388366594312907  0.22462971636616191  0.24861935828667031
  0.27977334309907287  0.31603289995864914  0.35088568893019217  0.38937806142366121
  0.42673657476235310  0.46676613943893525  0.50591206660693600  0.53536308359110785
  0.55983978132381007  0.58220865332619143  0.60196219044264210  0.61442994013038599
  0.62502165734597015  0.63430366067754318  0.64275809753599322  0.65013226253735157
  0.65632119361880392  0.66158612924540983  0.66567676445943602  0.66890632490672286
  0.67163519861432686  0.67420882312367025  0.67659602290040766  0.67868748667968992
  0.68052586923000280  0.68217223751434353  0.68356471344596426  0.68476089985142963
  0.68583683900457071  0.68684502054194574  0.68782942482052334  0.68863733496230528
  0.68943232715636449  0.69021523119480188  0.69092939626417849  0.69164508915673273
  0.69234860362808037  0.69300493728984092  0.69361912240800194  0.69421740766354789
  0.69478698320187671  0.69532534509894839  0.69584656750928686  0.69635160422664255
  0.69683622004188017  0.69728586097798806  0.69776119258434544  0.69823964713830788
  0.69868964673577116  0.69917438354392680  0.69969154169821179  0.70022128703411635
  0.70075852278677131  0.70129538738874719  0.70188207435202077  0.70249257291122646
  0.70312394380815391  0.70376938082305762  0.70444143841448847  0.70515853026733566
  0.70586569223827256  0.70658137236770613  0.70732404015020423  0.70815683659552575
  0.70907808308559905  0.71004511205003196  0.71107388374049874  0.71217341156989811
  0.71333433231061705  0.71450962985918343  0.71568984781383749  0.71695985560350728
  0.71837382927905002  0.71998589815841929  0.72184553320994249  0.72377670187686494
  0.72582513161675322  0.72774165259305756  0.73007181373914853  0.73280064572505099
  0.73570637952993057  0.73883742771257088  0.74285454569645681  0.74780052144424014
  0.75362829664110254  0.76061897248756916  0.76936806508966693  0.78073814317740242
  0.79388252553448757  0.81152876151453912  0.84234346956647499  1.00000000000000000
   2.3157071680250414E-009  -1.0000000000000000     
 F F F F F F F F F F F F F F F F F F F F F F F F F F F F F F F F F F F F F F F F F F F F F F F F F F F F F F F F F F F F F F F F
  <DiscreteSampler_grid>
  grouped_processes
  1 # 1 for a reference and 2 for a running grid.
  10 # Attribute 'min_bin_probing_points' of the grid.
  1 # Attribute 'grid_mode' of the grid. 1=='default',2=='initialization'
  0.0000000000000000 # Attribute 'small_contrib_threshold' of the grid.
  0.5000000000000000 # Attribute 'damping_power' of the grid.
 # binID   n_entries weight   weight_sqr   abs_weight
    19   10   1.189568352403080E+004   5.158019397671021E+008   1.189568352403080E+004
    22   10   1.189568352403080E+004   5.158019397671021E+008   1.189568352403080E+004
    25   10   1.189568352403080E+004   5.158019397671021E+008   1.189568352403080E+004
    28   10   1.189568352403080E+004   5.158019397671021E+008   1.189568352403080E+004
  </DiscreteSampler_grid>
