 -0.01286517058364936  0.09964424310072861  0.15373161816592221  0.20062472116747807
  0.23929762237974006  0.27231657687266203  0.30321431629764373  0.33317353375242392
  0.36178310118166579  0.38667432502846366  0.40955677540625363  0.42812726711678334
  0.44638424930214959  0.46491257954073484  0.48485404975193691  0.50519719332311208
  0.52370245866921161  0.54017562468177838  0.55639313554914427  0.57168374905284802
  0.58552174110394395  0.59847725319892509  0.61201472150392411  0.62550000299614061
  0.63844726476346092  0.65088777681777199  0.66243800513467310  0.67317272234737646
  0.68412796408263621  0.69519484607468940  0.70632726903249143  0.71729819105682002
  0.72816897774615352  0.73896931902781682  0.74907465226757874  0.75778124145166093
  0.76573006748416961  0.77323251932780301  0.78073271086816531  0.78856924119252936
  0.79729020234018366  0.80588805304233480  0.81418033798095657  0.82207897520523876
  0.82974240850365499  0.83670777048394462  0.84320546997093793  0.84949175840987212
  0.85605100596691563  0.86106279032354482  0.86634164834696481  0.87123324841425154
  0.87606951851311798  0.88129110991297466  0.88687133081219094  0.89248132682929460
  0.89773809846401031  0.90272025191446703  0.90773222680955312  0.91269716175729820
  0.91767502768098363  0.92278927511262332  0.92791383908331493  0.93276304085065465
  0.93707318469097756  0.94108648061670253  0.94470535703243774  0.94820614830735828
  0.95102673191129428  0.95373034354927821  0.95642823485471762  0.95765812004973649
  0.95888800524475548  0.96008575543947405  0.96127962832989655  0.96232724767173639
  0.96333133384068526  0.96517770412779391  0.96725918677403055  0.96934433807074627
  0.97051087197345320  0.97155810903915363  0.97235911935339658  0.97312537132166110
  0.97387059410444476  0.97537376353570238  0.97765418172771779  0.97958205846599533
  0.98157227335460995  0.98345989897708352  0.98532991042849016  0.98728302380491773
  0.98955629768322384  0.99229946324948448  0.99512754381489799  1.00000000000000000
  0.00000000003824735  0.00000000005141391  0.00000000005990296  0.00000000006775673
  0.00000000007340282  0.00000000007904891  0.00000000008569157  0.00000000009294711
  0.00000000009774494  0.00000000010085325  0.00000000010396157  0.00000000010707460
  0.00000000011018979  0.00000000011330499  0.00000000011645735  0.00000000011961169
  0.00000000012336808  0.00000000013002648  0.00000000013650685  0.00000000014288084
  0.00000000015032963  0.00000000015794990  0.00000000016577936  0.00000000017495694
  0.00000000018426192  0.00000000019230238  0.00000000019844168  0.00000000020448792
  0.00000000021187573  0.00000000021968757  0.00000000022785865  0.00000000023612014
  0.00000000024430129  0.00000000025284806  0.00000000026196378  0.00000000027144728
  0.00000000028145969  0.00000000029224882  0.00000000030463591  0.00000000031870060
  0.00000000033140636  0.00000000034409766  0.00000000035562766  0.00000000036581473
  0.00000000037644902  0.00000000038815895  0.00000000040210326  0.00000000041330654
  0.00000000042701948  0.00000000044364457  0.00000000046097377  0.00000000048019206
  0.00000000050798342  0.00000000054159877  0.00000000058072399  0.00000000062270662
  0.00000000066291949  0.00000000070121671  0.00000000074259376  0.00000000078456782
  0.00000000082850091  0.00000000089501983  0.00000000098297914  0.00000000107450557
  0.00000000117754101  0.00000000129425084  0.00000000141706414  0.00000000153651303
  0.00000000165380117  0.00000000179417112  0.00000000194873583  0.00000000218009570
  0.00000000246359936  0.00000000283391693  0.00000000326981010  0.00000000382746499
  0.00000000448582056  0.00000000524078835  0.00000000619827244  0.00000000759246310
  0.00000000959389557  0.00000001282605195  0.00000001851806982  0.00000002857707058
  0.00000005528052604  0.00000011617245126  0.00000026664956122  0.00000070656672523
  0.00000210285108376  0.00000664507130513  0.00002413999176180  0.00011094523821980
  0.00083388724909763  0.04937752576459931  0.62981491749855723  1.00000000000000000
 -0.00125650937081391  0.00588013909440193  0.01429627069040342  0.02362115666106397
  0.03445965045582464  0.04616860011248476  0.05743934809975281  0.06832678214919169
  0.07932714762270407  0.09045577381278523  0.10184796173444530  0.11330363960667383
  0.12463137492268833  0.13569258541604862  0.14628730590646438  0.15673417687580715
  0.16728776356626734  0.17785196929930380  0.18848180823094526  0.19894257860877460
  0.20903429027355988  0.21944064071818664  0.22992089900136187  0.24136559853554063
  0.25314499917859501  0.26505331879412108  0.27424217589690714  0.28292723555867755
  0.29147775520404207  0.30054879540142482  0.31096371023879660  0.32179631538794401
  0.33238197942019093  0.34301477860188428  0.35386148877912266  0.36479480575909501
  0.37600911068148646  0.38778976008873078  0.39882544690180866  0.40901972539775650
  0.41892243303453425  0.42811412770276380  0.43668493238774703  0.44545532221326983
  0.45444275657022132  0.46547365379795130  0.47652718946581984  0.48713363420307110
  0.49763918628736398  0.50847945366142588  0.51994197423626198  0.53129751735278352
  0.54204233724936202  0.55318375299014477  0.56442010423120947  0.57494489538945182
  0.58478036054727101  0.59482495812418534  0.60424675944587336  0.61347841782959944
  0.62367664962845903  0.63447635943027880  0.64439760395048340  0.65415074363058889
  0.66368113746881863  0.67387122346861228  0.68435500715720676  0.69480452102395707
  0.70556244155015480  0.71682665978063931  0.72855038242343806  0.74068081967231869
  0.75220197011434442  0.76341899180179817  0.77414090152078785  0.78525702576567380
  0.79672200084664990  0.80880430183516927  0.82052908012779924  0.83225333049741912
  0.84353328752484791  0.85499580980346779  0.86619958429436761  0.87665585624921438
  0.88664474633319823  0.89653510805680958  0.90691260609665092  0.91779123831094089
  0.92863170678759532  0.93931578955718731  0.94980586794992838  0.95974218320477678
  0.96930924718959388  0.97904099767438746  0.98949315871833288  1.00000000000000000
 -0.00256557448161742  0.00946253457175120  0.01967097822684387  0.02942117356065967
  0.03881790226141404  0.04831990836903576  0.05737555817988422  0.06697206782695153
  0.07723769595932334  0.08750456950432947  0.09820896813309794  0.10928388339493851
  0.12044936630981075  0.13138453433392999  0.14202575642411250  0.15311728991784757
  0.16471993192378204  0.17624774213781402  0.18761412396168420  0.19919054844517955
  0.21105865177888433  0.22211758488947814  0.23201982725894110  0.24143160020827542
  0.25095988638683170  0.26148055067789888  0.27252840502703918  0.28415082968753513
  0.29597242121353678  0.30683929673841470  0.31694931801962628  0.32665130224044975
  0.33645618196732724  0.34707973429391425  0.35810841186559089  0.36983379094042634
  0.38192112649689536  0.39394677658264832  0.40545643406084170  0.41651663916659132
  0.42763335767997385  0.43892756867121974  0.45008387385211895  0.46110575681065169
  0.47036573965684064  0.47911005634733927  0.48803698215081975  0.49779474041128557
  0.50870439320625593  0.51992918014328782  0.53078291509142339  0.54055502522570542
  0.54991092297011424  0.56027195011259512  0.57141101248195558  0.58309815163787160
  0.59337075256839178  0.60247250959376786  0.61090453977658399  0.62003197508547736
  0.62992915146071460  0.64024426590855110  0.64983398014849403  0.65802057846464945
  0.66623615003768144  0.67514445413394453  0.68578058156207788  0.69671839326677198
  0.70713832880016692  0.71782573173963315  0.72862886636989488  0.73947728958785497
  0.74969383282637148  0.75956383825218532  0.76979230862552095  0.78036593200280324
  0.79161975192921996  0.80276678565031490  0.81382173147139936  0.82499490027146649
  0.83696956524150745  0.84936194500136031  0.86146101279754772  0.87216455897376410
  0.88287364462275641  0.89387720643923230  0.90547225208963722  0.91605704230020990
  0.92673033197954757  0.93773126909747673  0.94938015420752997  0.96084370761990223
  0.97163009682924595  0.98180834910344550  0.99116337530935328  1.00000000000000000
 -0.00218570863367066  0.00900949224578057  0.01926326418462393  0.02872994096061697
  0.03791365726305805  0.04659582502106818  0.05596682611390823  0.06550089928556288
  0.07449594434968805  0.08432286382077440  0.09470284327005458  0.10461622088779483
  0.11420029514691483  0.12356533258055302  0.13506946372938747  0.14607119967402304
  0.15691828337309893  0.16727254671140673  0.17648768165327666  0.18548017448320578
  0.19482971162291154  0.20432650227978727  0.21358514858810518  0.22372564575461487
  0.23450147959523202  0.24603775296634842  0.25806482780740841  0.26927022759208069
  0.28012251544589500  0.29053248632121870  0.30066821711723263  0.31151518561722535
  0.32255697322084265  0.33350713722146841  0.34400728013330706  0.35452561094611412
  0.36561397543637603  0.37715481496178960  0.38820097087030320  0.39860177877626907
  0.40903609803114599  0.41958267523259046  0.42975697252458284  0.43918764777159935
  0.44851351960399732  0.45894159813548147  0.46976859130267851  0.48056539036738810
  0.49173291686968057  0.50328010662315370  0.51467278582402443  0.52500427479146083
  0.53448412117857014  0.54511477819845255  0.55669157275221537  0.56855741880186539
  0.57903189397539656  0.58932330552559675  0.59947507617103690  0.60972829966808328
  0.62014928296805905  0.63054300262797702  0.64185899774019983  0.65336756551206798
  0.66467540695125837  0.67569209005593001  0.68679155337398901  0.69834569526608270
  0.70989998697649825  0.72165560937110684  0.73315012149418979  0.74436624493398862
  0.75520821861086285  0.76588533999915254  0.77677244159740932  0.78741071987479305
  0.79767133016127822  0.80750400304453807  0.81765271020834374  0.82845025782625892
  0.83911839296328761  0.85012031924790477  0.86107065959082985  0.87225114070309950
  0.88380040011912231  0.89494844141726249  0.90509119873696720  0.91488302845825953
  0.92501252690432878  0.93493588815709339  0.94724353225965630  0.95907552069673419
  0.97004491775570068  0.98012584227374544  0.98989578968409941  1.00000000000000000
  0.18702720311664253  0.19823599819262477  0.21191866387293615  0.22903570979169718
  0.25712118438132936  0.29564913252802039  0.34126816721719783  0.38699416696331518
  0.42860260244203779  0.46423419705685243  0.50084466327725252  0.53371137628735321
  0.56464877035032746  0.59134240244647984  0.61202386001438258  0.62706414324474824
  0.63744815809227207  0.64551384309831483  0.65187954511898505  0.65714854103467912
  0.66140309751602588  0.66481501125543851  0.66777743642063891  0.67062597763023146
  0.67328636696040201  0.67571377617309225  0.67789577436146997  0.67981856365939708
  0.68149106974851381  0.68295731717189390  0.68425573709472387  0.68543195154411318
  0.68650181747938754  0.68746679551679735  0.68834013537004246  0.68915161949310877
  0.68993734375478977  0.69071779746210160  0.69148486492682071  0.69219980766641720
  0.69282244647901203  0.69340885277295439  0.69395265082247459  0.69444144688462517
  0.69487320379915685  0.69528614986009696  0.69573064509852700  0.69626546805421907
  0.69679124643343304  0.69729578431618777  0.69777123634396765  0.69820724020419100
  0.69866653671868972  0.69913130740958229  0.69965276835519097  0.70016020396232548
  0.70066085080122265  0.70118528703399774  0.70169336834364660  0.70220077627871913
  0.70268822565355682  0.70323240239287799  0.70386508841824780  0.70458593383941492
  0.70533620933981744  0.70608297537555609  0.70679782756737497  0.70752017807812528
  0.70829598419872808  0.70918883905448193  0.71020249499478971  0.71129184724654104
  0.71243202549328988  0.71362663644730662  0.71487961418281754  0.71617644707196093
  0.71750384008636214  0.71893675555874104  0.72058918889982315  0.72255313731433013
  0.72479491894026993  0.72725639579793699  0.73009965284382083  0.73346360992978732
  0.73733926723608501  0.74168742435878343  0.74643505399596133  0.75119179918237899
  0.75600115534869439  0.76164709623711890  0.76804655231582997  0.77654705007125524
  0.78747316354394636  0.80370841197245213  0.83973269967240793  1.00000000000000000
   2.5201204002198112E-009  -1.0000000000000000     
 F F F F F F F F F F F F F F F F F F F F F F F F F F F F F F F F F F F F F F F F F F F F F F F F F F F F F F F F F F F F F F F F
  <DiscreteSampler_grid>
  grouped_processes
  1 # 1 for a reference and 2 for a running grid.
  10 # Attribute 'min_bin_probing_points' of the grid.
  1 # Attribute 'grid_mode' of the grid. 1=='default',2=='initialization'
  0.0000000000000000 # Attribute 'small_contrib_threshold' of the grid.
  0.5000000000000000 # Attribute 'damping_power' of the grid.
 # binID   n_entries weight   weight_sqr   abs_weight
    19   10   4.348802074381917E+005   1.513912395059944E+012   4.348802074381917E+005
    22   10   4.348802074381917E+005   1.513912395059944E+012   4.348802074381917E+005
    25   10   4.348802074381917E+005   1.513912395059944E+012   4.348802074381917E+005
    28   10   4.348802074381917E+005   1.513912395059944E+012   4.348802074381917E+005
  </DiscreteSampler_grid>
