 -0.01203056251264130  0.09424162902960098  0.15157396739298928  0.19609329763475036
  0.23076539901156867  0.26567476451930111  0.29641471402894692  0.32502345345685368
  0.35268609444712667  0.37719308436027293  0.40087157912317856  0.42379670389828034
  0.44375317915341861  0.46255312828755252  0.48041673594504009  0.49829145574229400
  0.51557246433433823  0.53196296600638826  0.54620439955427402  0.55945620193400014
  0.57345233997816270  0.58846890187344081  0.60333649900321584  0.61788731778194339
  0.63145448009541538  0.64400387456682628  0.65588896041861933  0.66728787815587765
  0.67796712900360578  0.68916590220521312  0.70140816970146935  0.71220885932414502
  0.72158231761780967  0.73009989112100615  0.73912199155311220  0.74799487929358421
  0.75631240277960032  0.76472674622097392  0.77300041138447140  0.78102531191621960
  0.78888381909977823  0.79687484745443415  0.80517400162755648  0.81374211380376738
  0.82152596833225500  0.82874648372783766  0.83568413305978750  0.84236913209662256
  0.84907648888034992  0.85531979030109806  0.86107974888747163  0.86688911493132159
  0.87292871228769309  0.87946606302792418  0.88655774147798949  0.89339347849722550
  0.89859666195668364  0.90371414885953227  0.90807008175854886  0.91176004188345150
  0.91575160013186374  0.92018953565006312  0.92505696206030041  0.92948976969559793
  0.93346331199721466  0.93686057537621792  0.93995055537704097  0.94277916804481454
  0.94529898405536672  0.94779399723992808  0.95054771149296846  0.95395544235353824
  0.95759031386190674  0.96050955010998451  0.96237488643726421  0.96386154767332366
  0.96517006945771699  0.96637696913474502  0.96753693066604374  0.96875268835047967
  0.97007151419153026  0.97142200358034525  0.97274057334912001  0.97397108587303871
  0.97513256489595301  0.97626840815274929  0.97804026920061526  0.97977210692818539
  0.98140998305375582  0.98325400772721283  0.98520092465303777  0.98723126387353988
  0.98970875859672036  0.99252359285046343  0.99534205907562234  1.00000000000000000
  0.00000000004369186  0.00000000004653397  0.00000000004864478  0.00000000005043216
  0.00000000005220918  0.00000000005469458  0.00000000005705422  0.00000000005932479
  0.00000000006170485  0.00000000006412334  0.00000000006673660  0.00000000006945452
  0.00000000007243706  0.00000000007553704  0.00000000007863655  0.00000000008147269
  0.00000000008415905  0.00000000008679903  0.00000000008974512  0.00000000009279704
  0.00000000009613996  0.00000000010009525  0.00000000010460896  0.00000000010945944
  0.00000000011443398  0.00000000011953584  0.00000000012477212  0.00000000012982420
  0.00000000013476285  0.00000000013957332  0.00000000014419187  0.00000000014958746
  0.00000000015495846  0.00000000015963322  0.00000000016322884  0.00000000016708039
  0.00000000017112790  0.00000000017623305  0.00000000018145873  0.00000000018710548
  0.00000000019291381  0.00000000019864313  0.00000000020454551  0.00000000021004364
  0.00000000021624171  0.00000000022343025  0.00000000023124858  0.00000000023913900
  0.00000000024614446  0.00000000025534018  0.00000000026660223  0.00000000028035536
  0.00000000029634647  0.00000000031363780  0.00000000033186144  0.00000000035061809
  0.00000000036997324  0.00000000039008161  0.00000000041282775  0.00000000044385881
  0.00000000048409335  0.00000000052553685  0.00000000056498620  0.00000000060613669
  0.00000000064891425  0.00000000069714813  0.00000000075590694  0.00000000082483108
  0.00000000090114657  0.00000000099279715  0.00000000110137676  0.00000000123778209
  0.00000000140057173  0.00000000159819851  0.00000000183126430  0.00000000210714922
  0.00000000244825097  0.00000000280176171  0.00000000316402342  0.00000000370456664
  0.00000000443038554  0.00000000539779724  0.00000000668645928  0.00000000884025015
  0.00000001254868026  0.00000001832748926  0.00000002846003389  0.00000005289782438
  0.00000013898446319  0.00000047448885854  0.00000215775749272  0.00000981810117474
  0.00006756286401559  0.00089883052875647  0.16732597360932455  1.00000000000000000
 -0.00177589565983690  0.00770988840664674  0.01890395949860340  0.02971199772136633
  0.03961755016036680  0.04881589248311150  0.05734720740332094  0.06735660008858908
  0.07809491865384768  0.08998547198259707  0.10176693164365685  0.11340214286710371
  0.12477093664841897  0.13417349023458675  0.14350712935189439  0.15239047880647835
  0.16154562963156724  0.17183856876678039  0.18199318606987228  0.19198480448771008
  0.20237858079319751  0.21312886564420871  0.22396578151891053  0.23466396393107802
  0.24525745601972754  0.25550448580229046  0.26636207918620791  0.27824401044783986
  0.29010670557036494  0.30064319064485667  0.31062211431765058  0.32032397009557734
  0.33110138021003022  0.34334929371032274  0.35567709025767857  0.36811259301424332
  0.37989403197827726  0.39143451988681277  0.40315363447270869  0.41505219103833657
  0.42696352048559755  0.43873453892747089  0.44981225634853989  0.45939211248088252
  0.46918120093413490  0.47953064333588064  0.49000324857494437  0.50142302248027892
  0.51292485844496682  0.52313090895236458  0.53246938217422979  0.54294691020120689
  0.55422550429406381  0.56522100536645592  0.57573382781995242  0.58595304094255418
  0.59685686781119196  0.60885629039904599  0.62111596172393690  0.63244469694881722
  0.64306872760610123  0.65354754957539285  0.66383596190025873  0.67401185224214588
  0.68414483575244156  0.69438086802948973  0.70506889924952654  0.71588867801776257
  0.72619745695323690  0.73612733899512561  0.74542114695818917  0.75498581162198874
  0.76565540654112241  0.77652424358575356  0.78734790774744501  0.79825194175224801
  0.80914931855928363  0.82025934219347196  0.83176989728080886  0.84333268063176858
  0.85417953000120328  0.86423731509952295  0.87402297826025555  0.88349267850756275
  0.89138831049720890  0.89890866556005256  0.90677772810721735  0.91508089684988636
  0.92837175952997453  0.94113170358885478  0.95308418578962895  0.96293570322807620
  0.97245367461122478  0.98201670751930603  0.99109507984711986  1.00000000000000000
 -0.00201596163538797  0.00856508027505394  0.01948610891453740  0.03099445218978292
  0.04128050562288742  0.05064104766074715  0.06122744259667005  0.07130392139208160
  0.08000734119665166  0.08836123767857576  0.09709978558209212  0.10689231811071082
  0.11730214073701327  0.12808418497965954  0.13897621653829120  0.15008023160900177
  0.16141244090241527  0.17307960248193857  0.18518745348976634  0.19730147016276978
  0.20873598708978905  0.21950127645475406  0.23002443522598470  0.24083294986128090
  0.25206547017311648  0.26297064703344109  0.27344883767319328  0.28391512169472888
  0.29455614289738447  0.30534545158071902  0.31580001936973962  0.32536855563671013
  0.33469396906503168  0.34454944139162502  0.35506847054915464  0.36597049217871269
  0.37667908327989152  0.38734285106228611  0.39812230244070201  0.40924148192599696
  0.42091146111987149  0.43282151343204128  0.44507949842231659  0.45679506204005516
  0.46822213261747592  0.47933781539432679  0.49022386240670335  0.50035332742519156
  0.51027113384248568  0.52055524874132397  0.53131363771602802  0.54142683963107774
  0.55128475421678969  0.56095379019551472  0.57103841320712834  0.58218275772376071
  0.59387516148992747  0.60554183051242982  0.61686894340503939  0.62799171399340481
  0.63917889262139027  0.64979003536485802  0.66050149112129852  0.67045572603617110
  0.67855790399229354  0.68667203502864638  0.69507385071532857  0.70447878687325327
  0.71535469241200689  0.72596334469286483  0.73624939980275506  0.74644878592069319
  0.75645908560471042  0.76767834688025050  0.77827473885733256  0.78898344366897522
  0.79906578512272741  0.80909156781822766  0.81949120033563649  0.83070828721058754
  0.84143576672901343  0.85143545079136773  0.86205574588248202  0.87291836532580713
  0.88402331924189204  0.89545935138352184  0.90549866999042916  0.91557087494382139
  0.92490709545440075  0.93447119618733665  0.94381512488805075  0.95302272642252139
  0.96369020535730354  0.97542962727127136  0.98696402979121556  1.00000000000000000
 -0.00275958366780767  0.01062666952465725  0.02140323335927408  0.03105430561852098
  0.04053863126982159  0.04993227582136569  0.06067592714676252  0.07312651693045348
  0.08578907608778281  0.09911642454480918  0.11072379515835766  0.12129445499746842
  0.13054882688287750  0.14124903838995959  0.15218839266849143  0.16307180934989735
  0.17331700491614893  0.18381203273605784  0.19404165406485160  0.20421636491510861
  0.21461361914442326  0.22523289087782930  0.23563035952499151  0.24775257178804372
  0.25963614020070580  0.27069061879241979  0.28183343610062994  0.29286037813054983
  0.30409909708428007  0.31530368524380659  0.32669649677491197  0.33835976495217829
  0.34976540218407720  0.36072886988076786  0.37087514927380444  0.37973136775096605
  0.38767177823330556  0.39559288728305281  0.40337273717002264  0.41126005891549045
  0.42128634104472418  0.43153827851521875  0.44180835315908629  0.45313489424454290
  0.46337148344101381  0.47366133845688546  0.48405651060791527  0.49416876955643629
  0.50530294260430486  0.51673389382965151  0.52825104251856947  0.53888849063889943
  0.54765797120170701  0.55664069533275173  0.56515722092431830  0.57303990661462967
  0.58071800878941127  0.58819795855122803  0.59837097242472870  0.60979552514470381
  0.62153976846111414  0.63339376585033880  0.64484315000705461  0.65633939649841166
  0.66799965246409221  0.67938466879626513  0.69002197868759318  0.69947225555356518
  0.70870471186442197  0.71843212733565520  0.72844558442963270  0.73882236921195721
  0.74933874453377614  0.75990824800874990  0.77063293183661652  0.78151778207137601
  0.79274938937999750  0.80386599260525193  0.81432922310280198  0.82447916006521849
  0.83502058370291210  0.84605408550079986  0.85747830469565722  0.86914024440227178
  0.88058286658680029  0.89181105322793253  0.90294414091130726  0.91430129419702322
  0.92519469092745810  0.93650840383102152  0.94761387272081510  0.95903416658116747
  0.96953314574992133  0.98023544836241316  0.99037730238669486  1.00000000000000000
  0.18474627585004835  0.20588369300009116  0.22323923100831888  0.24740132365679729
  0.28355150441483895  0.32562261337269593  0.36689219056757177  0.40524197086031322
  0.44313933616395063  0.47803849357606809  0.50972922570978196  0.53636049894259441
  0.56126520561347759  0.58440098660510997  0.60255310848823507  0.61744198251892290
  0.62832351013732424  0.63737388240494852  0.64532350175285869  0.65223845783091072
  0.65819742627835598  0.66312860091244097  0.66715975245650605  0.67051742737707920
  0.67326765567431934  0.67563682272567882  0.67786616870194483  0.67984197985567252
  0.68162160315840703  0.68311939689260126  0.68438652479877071  0.68547142246403314
  0.68651248680584909  0.68751877618285495  0.68843345933481459  0.68930398238511137
  0.69010305757330914  0.69087231330072685  0.69157126697661342  0.69218060456211028
  0.69275593025887794  0.69330159535427371  0.69381463486178940  0.69431898217421395
  0.69477751483004191  0.69521983940053855  0.69566167313349025  0.69616335576962696
  0.69668772284927660  0.69720771307685336  0.69766194354885991  0.69802212528365370
  0.69840545515526153  0.69884443176723421  0.69933365691118987  0.69987865582485653
  0.70047229625621632  0.70103319701121136  0.70160574803889775  0.70217764857854525
  0.70275693841374143  0.70335488707161742  0.70396354195445221  0.70458979616278905
  0.70518834827494059  0.70578829845324398  0.70644435172288567  0.70722148189793932
  0.70801055913515765  0.70886457137943260  0.70982601515190635  0.71084802531212565
  0.71192146650185184  0.71306793346614283  0.71426700967350243  0.71556672564641988
  0.71702813041968072  0.71869603603862997  0.72064039306897099  0.72276744622207933
  0.72490094107870351  0.72706235026157551  0.72944341492625731  0.73244069414577873
  0.73608950959344510  0.73983810644911951  0.74345693769219590  0.74784565524709845
  0.75458563560302017  0.76128364860929032  0.76801017536635463  0.77624481768151410
  0.78595213184659130  0.80209568478819193  0.83978393085280723  1.00000000000000000
   2.4477280527850865E-009  -1.0000000000000000     
 F F F F F F F F F F F F F F F F F F F F F F F F F F F F F F F F F F F F F F F F F F F F F F F F F F F F F F F F F F F F F F F F
  <DiscreteSampler_grid>
  grouped_processes
  1 # 1 for a reference and 2 for a running grid.
  10 # Attribute 'min_bin_probing_points' of the grid.
  1 # Attribute 'grid_mode' of the grid. 1=='default',2=='initialization'
  0.0000000000000000 # Attribute 'small_contrib_threshold' of the grid.
  0.5000000000000000 # Attribute 'damping_power' of the grid.
 # binID   n_entries weight   weight_sqr   abs_weight
    19   10   3.085073490791859E+007   9.400308781706796E+015   3.085073490791859E+007
    22   10   3.085073490791859E+007   9.400308781706796E+015   3.085073490791859E+007
    25   10   3.085073490791859E+007   9.400308781706796E+015   3.085073490791859E+007
    28   10   3.085073490791859E+007   9.400308781706796E+015   3.085073490791859E+007
  </DiscreteSampler_grid>
