 -0.01336735384116137  0.10210928417724816  0.15585556881538351  0.19291001730864454
  0.23027777905414223  0.25944231826026415  0.28397552548329758  0.31084218711658151
  0.33549133943644494  0.35867476106107193  0.38115111234025062  0.40318215058705104
  0.42481110726049975  0.44446788452236491  0.46414940653233666  0.48269417250309882
  0.49978684305537113  0.51700758694749649  0.53504559747001956  0.55232000960818128
  0.56871473067691036  0.58472360926277012  0.60051197711130433  0.61502841566253663
  0.62827138594391496  0.64083747150653081  0.65283974703781233  0.66491108320011028
  0.67698073047961560  0.68867956457008939  0.69967976612793303  0.71146963712274736
  0.72433586205487299  0.73717152557173471  0.74876156120938642  0.75859534450350441
  0.76580928087979394  0.77272141201961408  0.77995405979165011  0.78751072728519189
  0.79525482681938775  0.80384486315939963  0.81292685944365617  0.82154103871822304
  0.83009183385765684  0.83841849738679530  0.84634844820194322  0.85286294969914112
  0.85826740989760886  0.86342561853169941  0.86851248352025079  0.87384685276014862
  0.87928115309704424  0.88408694956481171  0.88762352627215524  0.89116600886801067
  0.89467190431640353  0.89807995408402619  0.90285338745829657  0.90785827193806556
  0.91360886013246878  0.91789207633968950  0.92130847600226762  0.92468838038596002
  0.92774641537962743  0.93067725312765026  0.93358435281535168  0.93674749902629317
  0.94024074628403465  0.94359480851484234  0.94647053550960114  0.94909184044142403
  0.95156070012834026  0.95401834151172260  0.95698452584379712  0.95995994898901604
  0.96286566902660409  0.96547133372312288  0.96785053295212886  0.96994738052769569
  0.97166326510210932  0.97341345468286034  0.97513923646716516  0.97681764855673414
  0.97819592850441039  0.97954367895815841  0.98082918003352160  0.98211086483331766
  0.98335555399263619  0.98466318401076514  0.98624485176972310  0.98790921078012062
  0.98961674052602089  0.99189879837096395  0.99528257600871917  1.00000000000000000
  0.00000000038333627  0.00000000043030588  0.00000000046246818  0.00000000048907064
  0.00000000051324187  0.00000000053850779  0.00000000056440467  0.00000000058814746
  0.00000000061104852  0.00000000063303713  0.00000000065599462  0.00000000067936583
  0.00000000070340933  0.00000000072755539  0.00000000074802859  0.00000000076097601
  0.00000000077409014  0.00000000078810277  0.00000000080211540  0.00000000081645802
  0.00000000083080768  0.00000000085598149  0.00000000088501321  0.00000000091434783
  0.00000000094188007  0.00000000097227545  0.00000000100309920  0.00000000103548678
  0.00000000106880934  0.00000000109932633  0.00000000113535442  0.00000000117339532
  0.00000000121858360  0.00000000126757917  0.00000000131426848  0.00000000136242280
  0.00000000141490535  0.00000000146988679  0.00000000152671662  0.00000000158450063
  0.00000000164331608  0.00000000171192554  0.00000000178623638  0.00000000186327667
  0.00000000194867222  0.00000000204834289  0.00000000217346408  0.00000000232398470
  0.00000000247217318  0.00000000260962665  0.00000000273472309  0.00000000286760873
  0.00000000301727247  0.00000000318009261  0.00000000336120475  0.00000000357435054
  0.00000000380745544  0.00000000399727590  0.00000000417255981  0.00000000435871586
  0.00000000456458909  0.00000000484795205  0.00000000521698907  0.00000000565353800
  0.00000000615975861  0.00000000670856091  0.00000000731763458  0.00000000805479646
  0.00000000899201079  0.00000001014210488  0.00000001152147710  0.00000001316649092
  0.00000001488036749  0.00000001694010409  0.00000001967118530  0.00000002417844490
  0.00000003062189389  0.00000004100004026  0.00000005828118720  0.00000008867401103
  0.00000013969335575  0.00000022373257892  0.00000041472237711  0.00000076688058703
  0.00000142926291279  0.00000287786711069  0.00000587657744029  0.00001279871609103
  0.00002935817450012  0.00006914989221378  0.00019703909856619  0.00060685884623398
  0.00410847055379800  0.04373537444100679  0.59267202627302917  1.00000000000000000
 -0.00260832254969487  0.00863618786048261  0.01748861548635314  0.02662629475667057
  0.03653723826764398  0.04752793714089546  0.05884591490398026  0.07052121111534336
  0.08118164241873974  0.09094169457680447  0.10058932705278205  0.10974397515227957
  0.11924386341420425  0.13004581321382355  0.14132218229240578  0.15226666196873065
  0.16322109528014145  0.17402672028767888  0.18512380662015082  0.19547437653580413
  0.20536150776678150  0.21546433254499842  0.22614043247649918  0.23755182190529839
  0.24932474685328779  0.26100991956559000  0.27214375549872344  0.28296972191936109
  0.29367081034918702  0.30375010383843148  0.31337739412365201  0.32284357336197705
  0.33279071537312738  0.34351072564839941  0.35379657629575473  0.36394419444119203
  0.37410897674728788  0.38460761431335849  0.39546937550094341  0.40637738096590287
  0.41499588054155179  0.42285932319935443  0.43096461787992996  0.43988783201318127
  0.45095409486226018  0.46137848943184784  0.47129611331254107  0.48189137895226869
  0.49347208605907644  0.50553603404444358  0.51754568129365663  0.52926197897503557
  0.54089552509800276  0.55268527454648186  0.56442825568092703  0.57443291445672107
  0.58334584709273563  0.59197358737943773  0.60065759804037322  0.61201524813529184
  0.62354589846358899  0.63482374223261007  0.64616037779979252  0.65709754681485033
  0.66798968814783954  0.67879868952209277  0.68978940151637336  0.70104139812030442
  0.71213691556637615  0.72284192964556393  0.73313176125571711  0.74409859898010788
  0.75543639580191579  0.76730471066361827  0.77927101741331362  0.79109054367050435
  0.80232666551962184  0.81303212144797343  0.82349737305282211  0.83458163875633384
  0.84593618529724535  0.85733520913810435  0.86895920626030232  0.88027428810352215
  0.88942601283835510  0.89721486825365127  0.90568851699672515  0.91306149375691614
  0.92432235377827776  0.93497340338826240  0.94606555751714061  0.95686115498329316
  0.96835312647173588  0.97962584070522307  0.98933254786076896  1.00000000000000000
 -0.00233697640922941  0.00942477904557995  0.02016381524228282  0.03087144104994403
  0.04160044164094405  0.05217767785076555  0.06326970915412587  0.07144338418918383
  0.08017506027523261  0.08906299864376661  0.09886852348016172  0.10965732077546078
  0.12055483161051395  0.13124458648709592  0.14179792600502703  0.15188794369660866
  0.16251386443478935  0.17395538878804431  0.18603046842867010  0.19719900541493987
  0.20829219851924571  0.21804428792242211  0.22760426168409933  0.23768142636502676
  0.24819770878000361  0.25886076931733482  0.26960370691265806  0.27937889472433408
  0.28879857450500418  0.29837444624605214  0.30840811795943823  0.31890409488792698
  0.32972206107012508  0.34125266763126466  0.35304448185667431  0.36489725834142372
  0.37561425019860040  0.38541112926231202  0.39563581747552534  0.40667258476041057
  0.41834206965793375  0.43026561375258954  0.44155071396142864  0.45208769565038187
  0.46249615703853708  0.47295361568095762  0.48359918192085738  0.49462701658255198
  0.50598092239749271  0.51728841341743215  0.52822880321638999  0.53838192747309954
  0.54818762128464171  0.55829410981833472  0.56886204998707390  0.57935721628215608
  0.58943787465178465  0.59962052436928581  0.61040896468202932  0.62169439109347679
  0.63274854270709269  0.64357971231548905  0.65431863549302505  0.66505214003270696
  0.67550807954119463  0.68578681475224734  0.69641785317765592  0.70710814934140143
  0.71806318743474074  0.72848431505295907  0.73904531947316499  0.74999785354470472
  0.76161416234774015  0.77352896599247623  0.78540266971634753  0.79690031453229360
  0.80648020513274610  0.81533765356146570  0.82477195894186206  0.83418961024478766
  0.84334125874272980  0.85376509604438700  0.86420660598171750  0.87351378277076119
  0.88238653349313900  0.89088851303646133  0.90139454576727762  0.91261754274738316
  0.92412560850664149  0.93594102105743227  0.94757237968389685  0.95877995514672820
  0.96918209370071995  0.97967932745995623  0.98955332125860529  1.00000000000000000
 -0.00248565974482402  0.01005621329296843  0.02115491963920188  0.03228215334001270
  0.04344686115039624  0.05512505085847676  0.06656679832982100  0.07740437444346535
  0.08796060999780950  0.09893220880859122  0.10983647109249960  0.12010237860037806
  0.12949490633981639  0.13903081087802768  0.14897820950426544  0.15967766911655976
  0.17038637075926585  0.18084630244059752  0.19106598703384267  0.20119250978185443
  0.21157792222927335  0.22183637318412608  0.23193282841365145  0.24216386852216087
  0.25265324901624908  0.26333299346635891  0.27409904331058793  0.28482330167312592
  0.29540740185148040  0.30609667461024342  0.31700281431201849  0.32757911577900289
  0.33799313513235707  0.34849965773180258  0.35924446089970169  0.36982945707690784
  0.38028470628678829  0.39024263622005761  0.40029176248313081  0.41032753197294530
  0.42080286425905883  0.43211107131538201  0.44373916484996612  0.45533982927749839
  0.46647411508332320  0.47753911427225576  0.48846222979288662  0.49959319340641417
  0.51091985681090946  0.52250338425556686  0.53356290187765132  0.54374700582445279
  0.55262695487806834  0.56082638217702707  0.56974197742902510  0.58029670013103085
  0.59161141795843186  0.60260870755251661  0.61298642522660207  0.62315085395506786
  0.63363872725373782  0.64478735925135267  0.65639663216479827  0.66790023507157359
  0.67949663578634423  0.69127491627231941  0.70296655995818114  0.71270321480256760
  0.72165162109187486  0.73066888641886074  0.74042124454598179  0.75148648019592990
  0.76281804482723770  0.77376233606891309  0.78428578795893755  0.79425795757599627
  0.80408582027925513  0.81485089439253933  0.82508070114093524  0.83458603093061423
  0.84426139669946210  0.85378670363369014  0.86345738823721840  0.87200250186204076
  0.88063611484927462  0.88963108381309330  0.89885190039717133  0.90923083854758646
  0.91996803761215462  0.93037334750664402  0.94097480211538076  0.95226910554636068
  0.96432493159544375  0.97683783880212716  0.98814394213092949  1.00000000000000000
  0.18455883523016986  0.20188840661568830  0.21985540439305773  0.24701754171663015
  0.28920359853135280  0.33875821718850213  0.39128099090377710  0.44225605710721522
  0.48396840655410528  0.51520642711429865  0.54361631380304409  0.56899979684598001
  0.59071578358635213  0.60874916906411403  0.62302052562297539  0.63411433134226447
  0.64286933437048310  0.65002295899667761  0.65609498929602428  0.66135443244906811
  0.66583279477708168  0.66951786127666446  0.67255289650017225  0.67502306362832354
  0.67707784459725728  0.67876138380373219  0.68031329134383467  0.68174283965319671
  0.68318044973718484  0.68456379575509663  0.68583029163511822  0.68682923791865735
  0.68765801829366213  0.68848038739234374  0.68925074623357496  0.68996737206447822
  0.69061453270090767  0.69125483149626565  0.69193509293553812  0.69260594945128318
  0.69325584104728666  0.69388237403569142  0.69448781930357695  0.69507534143796590
  0.69563868027608189  0.69617462919285567  0.69668719404794266  0.69719341407717572
  0.69770671810251739  0.69823625329961658  0.69876876826154899  0.69929968023099776
  0.69984089428129703  0.70039264272630042  0.70094703097408362  0.70148252217811868
  0.70200649706136231  0.70255428275513288  0.70312543278055373  0.70371837386016500
  0.70437705802499673  0.70509583925925801  0.70577819409642606  0.70640530157848369
  0.70703127677050481  0.70770044228054552  0.70841323738639650  0.70919814458122576
  0.71009474576449039  0.71113754740468926  0.71228305666472524  0.71349260393835912
  0.71470007517449119  0.71585618672742168  0.71703110181488150  0.71837495937528606
  0.71970093395099644  0.72109602083717417  0.72260340970508141  0.72424932158270883
  0.72652528707751174  0.72895691215590619  0.73134495724177451  0.73395952121235564
  0.73682715893410100  0.74022046011930054  0.74426016217495483  0.74867256327070719
  0.75420456784453727  0.76098958861851507  0.76958147762473739  0.77993371378407927
  0.79263903550930892  0.80999962967945827  0.84576546149496545  1.00000000000000000
   2.2000113870438400E-009  -1.0000000000000000     
 F F F F F F F F F F F F F F F F F F F F F F F F F F F F F F F F F F F F F F F F F F F F F F F F F F F F F F F F F F F F F F F F
  <DiscreteSampler_grid>
  grouped_processes
  1 # 1 for a reference and 2 for a running grid.
  10 # Attribute 'min_bin_probing_points' of the grid.
  1 # Attribute 'grid_mode' of the grid. 1=='default',2=='initialization'
  0.0000000000000000 # Attribute 'small_contrib_threshold' of the grid.
  0.5000000000000000 # Attribute 'damping_power' of the grid.
 # binID   n_entries weight   weight_sqr   abs_weight
    19   10   1.708033178639149E+005   1.322648120079795E+011   1.708033178639149E+005
    22   10   1.708033178639149E+005   1.322648120079795E+011   1.708033178639149E+005
    25   10   1.708033178639149E+005   1.322648120079795E+011   1.708033178639149E+005
    28   10   1.708033178639149E+005   1.322648120079795E+011   1.708033178639149E+005
  </DiscreteSampler_grid>
