 -0.00410930377369764  0.02763087002557385  0.05130694317758223  0.07274930917528177
  0.09210018959868990  0.10989161376722087  0.12679613795732084  0.14270926547388671
  0.15825582427501486  0.17285385295112204  0.18633913254896356  0.19954645360523418
  0.21219220913549819  0.22422839484006574  0.23634638594974222  0.24876028914602114
  0.26178992106559174  0.27459565087333770  0.28970473601994762  0.30192364466544969
  0.31459456899611482  0.32720872593766759  0.33899542254084358  0.35046418875059954
  0.36206599075402440  0.37378153426095478  0.38508805123674261  0.39636770036836100
  0.40769569268252071  0.41903058833067586  0.43033772255043412  0.44166755961342385
  0.45279473732461134  0.46437049268856589  0.47639281570547803  0.48847181335222656
  0.50008904386149711  0.51143596853831330  0.52202994249400592  0.53218285184653513
  0.54243814006933244  0.55328760363327711  0.56494451982966953  0.57717687383341176
  0.58912541759105264  0.60040582951043875  0.61149330412414560  0.62237295841506735
  0.63280054428353383  0.64293656194734394  0.65313707381539798  0.66332260508748198
  0.67351001221629281  0.68372100957506854  0.69386275313162327  0.70391347592248577
  0.71403661054674594  0.72428940614938742  0.73436608269154602  0.74428080827198917
  0.75408364152044993  0.76392324322266392  0.77353730005218813  0.78271928259935231
  0.79172785187592898  0.80073511955740562  0.80976354345590396  0.81912840250921359
  0.82846547261412795  0.83780885352527135  0.84697200355337787  0.85594612575617712
  0.86444119763681193  0.87280307548957725  0.88136051187561537  0.88989239149313226
  0.89846935005936723  0.90695500967226428  0.91540774210734344  0.92410473413473615
  0.93274652222242460  0.94092027379363974  0.94861075332484190  0.95574668875736979
  0.96175500470946551  0.96629492918622761  0.97088244905971444  0.97527788344610034
  0.97945395328990270  0.98292866824406133  0.98612724671098329  0.98896026280837268
  0.99150539294002793  0.99374873122151186  0.99553467754021086  1.00000000000000000
  0.00087952398162549  0.00090816511881889  0.00092858335972779  0.00094833868223584
  0.00097234781116627  0.00099778870006407  0.00102291712818188  0.00104811088960930
  0.00107237548554841  0.00109652446971884  0.00112085751139751  0.00114552113926190
  0.00117060084696258  0.00119635396830349  0.00122283014902927  0.00124965163864427
  0.00127675346486048  0.00130461674599857  0.00133393531234138  0.00136402816667433
  0.00139427568512212  0.00142481991907534  0.00145649509733563  0.00149240542926515
  0.00152921009627764  0.00156620752509363  0.00160400992298466  0.00164408314056066
  0.00168630327972734  0.00172936431449044  0.00177203039748029  0.00181763071003726
  0.00186582392818189  0.00191579545213082  0.00196652459737129  0.00201983517495670
  0.00207688354084916  0.00213537550172963  0.00219520496973841  0.00225903042281412
  0.00232753751764575  0.00239857126741034  0.00247116892861134  0.00254791551721302
  0.00262904506486961  0.00271100451931041  0.00279616468121035  0.00288844372958111
  0.00298214701959300  0.00307766403486774  0.00318032345670964  0.00328656738299654
  0.00339440030918110  0.00351707706741037  0.00364490551555709  0.00376460811298316
  0.00389103073762656  0.00402427095975362  0.00416400522267017  0.00432652146989770
  0.00450358478076937  0.00468737297030944  0.00488923020856088  0.00510544736985291
  0.00533342949265983  0.00558293486028338  0.00584535863054853  0.00613336071932432
  0.00643470143075646  0.00674746675181907  0.00707218965254438  0.00742145933289106
  0.00778773497717610  0.00817526940019496  0.00859886093179524  0.00905482142389599
  0.00956790789424943  0.01013439837543537  0.01076557901799469  0.01152544053290753
  0.01239451421180860  0.01326763981969981  0.01422329498995170  0.01528930212608248
  0.01642287066202248  0.01766589012420982  0.01906406227161769  0.02079136977216735
  0.02280265690405920  0.02708831121021715  0.03320825851978629  0.03873872522972789
  0.05749933312062466  0.09881282371674480  0.38221703598034257  1.00000000000000000
  0.00138393647736506  0.00500315933681749  0.00820240781286877  0.01144237224228735
  0.01469682906588734  0.02045293106280634  0.03170894970808563  0.04366746203235181
  0.05499425047049279  0.06640758421515408  0.07793104890267613  0.08927973391270003
  0.10042324060277312  0.11153883752062811  0.12249150096982057  0.13402567730374174
  0.14568242941108048  0.15727126327363009  0.16937598172538104  0.18183555725721509
  0.19385669518357351  0.20543268396365258  0.21685141901262855  0.22809321173091957
  0.23900631740442241  0.24985796339551880  0.26116543833142780  0.27185513759356345
  0.28071798231202411  0.28937279046276698  0.29808218396800840  0.30688374092456472
  0.31564941783086153  0.32420356006952944  0.33283028436856155  0.34315707900454223
  0.35367231220529599  0.36410273666697551  0.37429388311989598  0.38576430869621475
  0.39707465424082034  0.40863381739418303  0.42018993604834093  0.43186160713634203
  0.44280839376836628  0.45333558764053872  0.46376706311870880  0.47437641270762981
  0.48536558983085687  0.49652061968317607  0.50767560663794087  0.51886637627575916
  0.53031768517318723  0.54180044694949525  0.55353109154218183  0.56569044751342024
  0.58009064888404938  0.59208646714088387  0.60356473610421402  0.61452298599142674
  0.62526315656518960  0.63571636020775535  0.64612538887677007  0.65674550242973406
  0.66730424198141014  0.67766087871565639  0.68797446219135883  0.69817710713918069
  0.70836400949740508  0.71857261090906699  0.72880415468676230  0.73914294294852811
  0.74964799881326127  0.76068645637767296  0.77189000001805241  0.78314005829922184
  0.79450736905315766  0.80578757417540825  0.81662323400540204  0.82696982559307497
  0.83739214403124618  0.84802588180413552  0.85886627471863231  0.86997867687363772
  0.88118019403747883  0.89248588098838011  0.90371736348753884  0.91472801160799755
  0.92608665011656788  0.93755688396608539  0.94918152064445838  0.96091229529755684
  0.97189573223858683  0.98184035826109217  0.99105478537532321  1.00000000000000000
  0.00165860494103801  0.00431281393311092  0.00696702292518382  0.00962123191725672
  0.01175630688562099  0.01339924855396066  0.01504219022230032  0.01908565767975169
  0.02788999996872256  0.03777844729183591  0.04770814225880135  0.05750771962260536
  0.06912468928003912  0.08301549707543726  0.09576344921465088  0.10798370508335083
  0.11963255388296282  0.13088753873764611  0.14170988182815078  0.15292338903414415
  0.16441246270503632  0.17581602098308899  0.18734312210906309  0.19926897415344261
  0.21090045235959273  0.22187574185443892  0.23316684919333794  0.24489373354193975
  0.25620152901519805  0.26718629404887040  0.27844373971706859  0.28958742221365152
  0.29970006429671003  0.30957306508531574  0.31997057153976260  0.33093950389840371
  0.34185223060431680  0.35283767131336125  0.36431946901500584  0.37568627858097176
  0.38639541895789326  0.39694999663063285  0.40744889403982720  0.41807690073609322
  0.42877396837562853  0.43951576706563295  0.45036993409004122  0.46171021476760693
  0.47381707171934423  0.48602296789117766  0.49852466474802448  0.51143424019331485
  0.52375616197485453  0.53493445185859667  0.54575765375585217  0.55642467262818174
  0.56707236121528426  0.57768184910372733  0.58870235327298526  0.60003868159082385
  0.61120060813542354  0.62220836413072611  0.63339666880055812  0.64462849557446467
  0.65581341324054765  0.66692555143219512  0.67821310169978721  0.68931244433767402
  0.69990100326470228  0.71041749512446084  0.72104240900911665  0.73182768257120745
  0.74265431324076836  0.75369695601454867  0.76503449944473068  0.77645290408500456
  0.78792566073253945  0.79913511033035256  0.81041670683678702  0.82253316091148776
  0.83479693682108214  0.84635999537222228  0.85758275752415924  0.86868305656335687
  0.87936521211840535  0.88943848505157108  0.90048219838786092  0.91167246325966644
  0.92260113702120672  0.93322848202487074  0.94404423162812978  0.95489884857026641
  0.96597534197269397  0.97722091812448342  0.98848428632119001  1.00000000000000000
  0.00235177895130680  0.00346671391937747  0.00448399437488447  0.00575021549376801
  0.00766903925115170  0.00957384858230413  0.01540925276354708  0.02338200052457471
  0.03275969344088102  0.04202344974742903  0.05119252525444599  0.06010278490573270
  0.07136492026319234  0.08340345397193177  0.09423226588969673  0.10510000012880177
  0.11670716169172604  0.12804227001733298  0.13888520622797812  0.14990047335736481
  0.16124453975755912  0.17240070498472185  0.18344861631191317  0.19508989238643604
  0.20725414251673022  0.21881101692022001  0.22997361479174627  0.24367069864225505
  0.25568346894541200  0.26704895909936133  0.27837950060776318  0.28957675689719758
  0.30010793013214720  0.31030838082686685  0.32059979276646433  0.33094343302713658
  0.34114418691901216  0.35121061994831476  0.36149566028378693  0.37198400647628965
  0.38239661236443345  0.39272288656593601  0.40311913913670810  0.41359154420341843
  0.42381045262656147  0.43389396268347658  0.44417468599121940  0.45471894315998018
  0.46544252929458896  0.47637901376233777  0.48776840554701623  0.49941577712678820
  0.51073446950211576  0.52221103487934140  0.53308357858787503  0.54414956334876130
  0.55572889228015321  0.56723386500238793  0.57868258907264936  0.59054018455435653
  0.60238841053139369  0.61374383627831364  0.62488474991242160  0.63624073401803705
  0.64762968912783514  0.65903851721152673  0.67038526002691534  0.68166741120388341
  0.69320668236416638  0.70503040921527604  0.71637495613397506  0.72744867244208078
  0.73858655272187879  0.74962348469267936  0.76035043224547505  0.77102481303271342
  0.78189666765486954  0.79310511480282919  0.80489767147939717  0.81748689789681905
  0.83086034475740467  0.84404890101432239  0.85674115851270605  0.86877224931483388
  0.88046150894633035  0.89184854058835905  0.90333637533914235  0.91494246272064117
  0.92649588764339319  0.93809297613082676  0.94981400569820951  0.96131125059237676
  0.97199214605167317  0.98172430646180830  0.99107072220214709  1.00000000000000000
  0.99972408056028028  0.99972741027512868  0.99973018338241326  0.99973296411066515
  0.99973575069972953  0.99973857005733191  0.99974137968125343  0.99974417467460375
  0.99974693597524467  0.99974967339864351  0.99975240756875272  0.99975514702551560
  0.99975790207233073  0.99976060085795848  0.99976317667428449  0.99976574944522212
  0.99976835487943616  0.99977108666672876  0.99977379033057356  0.99977647308213624
  0.99977914518693189  0.99978181220231355  0.99978447001018977  0.99978712725482299
  0.99978977897424059  0.99979242821033132  0.99979506514565208  0.99979770503528020
  0.99980035248179711  0.99980303523061109  0.99980572275539892  0.99980840958639350
  0.99981106429927014  0.99981367226193951  0.99981649423904051  0.99981928382565999
  0.99982208666828254  0.99982490692489079  0.99982773637436106  0.99983057134842557
  0.99983339584369013  0.99983621118140031  0.99983903203871560  0.99984187306590167
  0.99984473057017287  0.99984757522334289  0.99985038706354112  0.99985317117043648
  0.99985594540987432  0.99985870831291945  0.99986147438692385  0.99986423505377853
  0.99986701336453743  0.99986980487557497  0.99987261097576186  0.99987541240793454
  0.99987820723367793  0.99988101112799477  0.99988382681707688  0.99988663820885348
  0.99988943513916417  0.99989222220742457  0.99989500894181838  0.99989781606855743
  0.99990061877869851  0.99990342419572831  0.99990621115144163  0.99990903268345066
  0.99991187419967320  0.99991472447475893  0.99991757655321012  0.99992043459101954
  0.99992331327827078  0.99992620527058418  0.99992911004669849  0.99993202324265451
  0.99993493826694568  0.99993785587099282  0.99994077682645000  0.99994371322543973
  0.99994667707454965  0.99994967581539751  0.99995269591194691  0.99995572532513854
  0.99995878262152893  0.99996189673275515  0.99996507619858255  0.99996831271927800
  0.99997159905893918  0.99997495615545540  0.99997838907088610  0.99998195747119267
  0.99998570582204216  0.99998977126005706  0.99999434136124721  1.00000000000000000
   8.7383800172539434E-005  -1.0000000000000000     
 F F F F F F F F F F F F F F F F F F F F F F F F F F F F F F F F F F F F F F F F F F F F F F F F F F F F F F F F F F F F F F F F
  <DiscreteSampler_grid>
  grouped_processes
  1 # 1 for a reference and 2 for a running grid.
  10 # Attribute 'min_bin_probing_points' of the grid.
  1 # Attribute 'grid_mode' of the grid. 1=='default',2=='initialization'
  0.0000000000000000 # Attribute 'small_contrib_threshold' of the grid.
  0.5000000000000000 # Attribute 'damping_power' of the grid.
 # binID   n_entries weight   weight_sqr   abs_weight
    19   10   1.256904493857455E+007   7.810732705555226E+014   1.256904493857455E+007
    22   10   1.256904493857455E+007   7.810732705555226E+014   1.256904493857455E+007
    25   10   1.256904493857455E+007   7.810732705555226E+014   1.256904493857455E+007
    28   10   1.256904493857455E+007   7.810732705555226E+014   1.256904493857455E+007
  </DiscreteSampler_grid>
