 -0.01350905144131757  0.10100617022755698  0.16418630604934029  0.21173764527032632
  0.25295493804415625  0.29083839336648026  0.32660172851694069  0.35883564912589838
  0.38860092533144108  0.41420096494985692  0.43592465084702425  0.45593920219821793
  0.47810301095315400  0.50039412393359362  0.51824611688917865  0.53260724623167788
  0.54767454627912793  0.56307822956601383  0.57794309201527505  0.59427175496501383
  0.61093499294848352  0.62691533260825472  0.64123682226782874  0.65407195214846947
  0.66659170197475426  0.67897427271139410  0.69000518868507099  0.70024726851297492
  0.70940470694617963  0.71756764926026639  0.72610225107020199  0.73531832953548182
  0.74457991369062426  0.75273087960206653  0.76003712842474846  0.76702933981670118
  0.77495560448461798  0.78402933002268860  0.79354235942011742  0.80264227127062138
  0.81105997991985668  0.81890413891992975  0.82604298598655435  0.83272144775703461
  0.83903927744887474  0.84460433258489398  0.85004251325856162  0.85518345373678262
  0.86059099685368712  0.86601902087399441  0.87134889381985559  0.87619704433860779
  0.88075208407752503  0.88520970735681503  0.88949464924399624  0.89360933290423639
  0.89691528148462296  0.90015414727736220  0.90344353927188414  0.90669383350560973
  0.90983951395452867  0.91317482846923337  0.91694970206591198  0.92071732775032544
  0.92449569443495760  0.92758169982369110  0.93050799425174868  0.93347537723892937
  0.93644948382391968  0.93960106539735455  0.94276270273823026  0.94549211912882669
  0.94782845541104954  0.94998759721337445  0.95216012415614715  0.95424821960203132
  0.95661880274975064  0.95929926191742088  0.96203289209049414  0.96463424682020749
  0.96709810604276591  0.96950911696863695  0.97151520481229725  0.97359377261445379
  0.97542099171165431  0.97716446275786950  0.97879082933981698  0.98038288383740746
  0.98207463612881851  0.98373038100879318  0.98561482011604551  0.98765622076866244
  0.98983946782487320  0.99239291586606548  0.99512424809064581  1.00000000000000000
  0.00000000000654931  0.00000000000828912  0.00000000000958605  0.00000000001067512
  0.00000000001151975  0.00000000001230526  0.00000000001302581  0.00000000001362403
  0.00000000001422843  0.00000000001484089  0.00000000001551058  0.00000000001623010
  0.00000000001717629  0.00000000001803783  0.00000000001901314  0.00000000002016622
  0.00000000002152131  0.00000000002292923  0.00000000002442689  0.00000000002593889
  0.00000000002747824  0.00000000002936315  0.00000000003147447  0.00000000003384079
  0.00000000003662876  0.00000000003927369  0.00000000004184620  0.00000000004435857
  0.00000000004706196  0.00000000004968378  0.00000000005221366  0.00000000005490730
  0.00000000005800951  0.00000000006163437  0.00000000006566833  0.00000000006972154
  0.00000000007373329  0.00000000007772142  0.00000000008172174  0.00000000008568102
  0.00000000008990702  0.00000000009420282  0.00000000009834293  0.00000000010272904
  0.00000000010743607  0.00000000011245176  0.00000000011800389  0.00000000012332939
  0.00000000012852185  0.00000000013377915  0.00000000013966240  0.00000000014634206
  0.00000000015352847  0.00000000016186922  0.00000000017192590  0.00000000018361706
  0.00000000019792946  0.00000000021508925  0.00000000023527970  0.00000000025469212
  0.00000000026953466  0.00000000028257229  0.00000000029524618  0.00000000030815006
  0.00000000032328682  0.00000000034285626  0.00000000036652498  0.00000000039214180
  0.00000000041839074  0.00000000044751853  0.00000000047857151  0.00000000051661951
  0.00000000056358156  0.00000000061549771  0.00000000066919766  0.00000000073305851
  0.00000000080435183  0.00000000089941796  0.00000000103861939  0.00000000119625636
  0.00000000138943434  0.00000000166823266  0.00000000201274968  0.00000000263663336
  0.00000000354266697  0.00000000485627919  0.00000000702776578  0.00000001143585391
  0.00000002261398928  0.00000006879039415  0.00000039469857114  0.00000387512427667
  0.00005606599527381  0.00499217648948725  0.59371321463639248  1.00000000000000000
 -0.00258285702975611  0.00990841921622907  0.02248798197298947  0.03428944527434864
  0.04519333462076437  0.05690130327248067  0.06835737812257672  0.07929310077226134
  0.08992252968403697  0.10002661428900661  0.11103010255425652  0.12125309558397329
  0.13167231855062508  0.14177654706557644  0.15115667968429042  0.15975377578661465
  0.16813043906086628  0.17484899436803825  0.18088725903136024  0.18765958066954749
  0.19661291059078900  0.20763315611211211  0.21856165697118729  0.22919501636493028
  0.23969402231233614  0.24995989262301679  0.26039269795833364  0.27060190365505604
  0.28099820089491784  0.29154332690862189  0.30181733110851805  0.31226848541045843
  0.32259478534916813  0.33298897848184633  0.34370716740027835  0.35456757709087644
  0.36515156285365991  0.37627594293819194  0.38706276927068001  0.39808269107497740
  0.40931977264923897  0.42121955332092142  0.43339777038193611  0.44492002509588530
  0.45585265124169655  0.46597823699798246  0.47578440484231788  0.48551970885330609
  0.49509779706493884  0.50404368533202393  0.51270760420484651  0.52269901479121439
  0.53408094078690727  0.54592021592873030  0.55725534142422606  0.56831173148900238
  0.57958173594410711  0.59100798272226041  0.60203218549227666  0.61258158287931053
  0.62245496491966545  0.63222007660304302  0.64186053856525616  0.65185554104469878
  0.66202140148684419  0.67256133048376587  0.68279513103600853  0.69210878200196435
  0.70220682834875336  0.71239898292614157  0.72325008827724924  0.73450377231764719
  0.74615080643074072  0.75775438443791043  0.76945648942184419  0.78126851463659264
  0.79283966051810384  0.80476567600146354  0.81631823608353826  0.82788315685697877
  0.83934178375754520  0.85074710415466004  0.86224485835382747  0.87353229370250396
  0.88474040646989716  0.89603974556253918  0.90726585830760176  0.91846406317466567
  0.92935293519387274  0.94059053293186823  0.95147945431902770  0.96205504706660805
  0.97222307593981883  0.98161415237778793  0.99040866313046794  1.00000000000000000
 -0.00144284657464200  0.00622233998000603  0.01469741524097582  0.02567230241427251
  0.03526079566766362  0.04500831722312718  0.05656068715967597  0.06742804250442275
  0.07769212156855772  0.08800801411184277  0.09827736035639169  0.10856361262757649
  0.11878415868876403  0.12901539859452521  0.13963935790783044  0.15103501866786512
  0.16304230680366502  0.17420785369077765  0.18409959609134455  0.19363003615882202
  0.20257265899504787  0.21116629476292967  0.22038856605780149  0.23026095202718641
  0.24060331249057798  0.25134990584928213  0.26191986660129718  0.27263961953674237
  0.28368543390788153  0.29464239249359264  0.30514135062274389  0.31606251083040288
  0.32790257685427782  0.34011602349960984  0.35204760315397932  0.36330024341121403
  0.37405541609782328  0.38498618694395259  0.39661052497801758  0.40883867788286749
  0.42092834068750434  0.43209265942947056  0.44211012117992210  0.45141755274200118
  0.46077395147750527  0.47094972356799764  0.48095614905726736  0.49094833535968846
  0.50183047368349654  0.51157774487439034  0.52053763576226475  0.52978930751075681
  0.53831187133498348  0.54785717563061886  0.55775559090210192  0.56911278003294219
  0.58052188507589231  0.59219188003468348  0.60318463771604724  0.61400094195883659
  0.62503080761495267  0.63580623535344027  0.64692506806245242  0.65810282579510093
  0.66952761790012294  0.68143003597528684  0.69403536036194402  0.70663131701177562
  0.71827015915649051  0.72950846149012738  0.73965529748157799  0.74955474888574081
  0.75928141030436336  0.76941767005360595  0.78034309518719736  0.79151602036136470
  0.80259736484980138  0.81351088392305959  0.82465613100014212  0.83486098725189373
  0.84402742043170742  0.85377976864880800  0.86380611083644110  0.87448149673511444
  0.88541137327009645  0.89655240397608438  0.90796993169291440  0.91873012257222364
  0.92858150631532999  0.93751553425566547  0.94575558214534305  0.95476217907415528
  0.96447673096942310  0.97553818448726304  0.98753951465305367  1.00000000000000000
 -0.00247956706381009  0.00950664671719951  0.02111599111878774  0.03397377927546675
  0.04695745646080898  0.05745680793780035  0.06691509753735550  0.07694667864185609
  0.08617646216767072  0.09410994280461116  0.10642110320950390  0.11723433263065212
  0.12862310945823643  0.13926064857554882  0.15035241636745805  0.16104850337901891
  0.17175048664599901  0.18168355183606869  0.19303828193865469  0.20387713668039598
  0.21323105033039647  0.22254820541479201  0.23201371525893744  0.24291884530725721
  0.25513297070242019  0.26713942839350957  0.27915981464901074  0.29050847606210350
  0.30127952450286555  0.31145420588817702  0.32159717486775208  0.33255168556845255
  0.34146877793934138  0.35054616392384086  0.36073683852521232  0.37266687350208483
  0.38250445515905307  0.39194638313212266  0.40142548185973692  0.41094060790803516
  0.42096151956011546  0.43129533999159697  0.44127358381169551  0.45156025284532281
  0.46241642139423050  0.47389604003508518  0.48564500210056766  0.49677776208520813
  0.50735378532635422  0.51754299189855102  0.52734946879128852  0.53688544402591698
  0.54573395229493726  0.55448728014397608  0.56335032687690823  0.57259773077835852
  0.58293753836225604  0.59402207852930000  0.60512251066543921  0.61649788239247938
  0.62806431886883896  0.63882092913961719  0.64855943950346551  0.65842417406961495
  0.66883329313084006  0.67998060148650474  0.69129734156178557  0.70226170958796408
  0.71286970339726186  0.72386198832791115  0.73573614920148744  0.74736171848485045
  0.75850715716896477  0.76949636682816924  0.78047802345716843  0.79131721174124892
  0.80164751327664652  0.81180791290366050  0.82261201609265422  0.83453159351298367
  0.84722535007631550  0.85950972562627181  0.87066468515254736  0.88129185715019476
  0.89169706297832396  0.90233035942712247  0.91376509072995793  0.92524190434721187
  0.93643056742924835  0.94703065457211177  0.95721529078971834  0.96694617474001843
  0.97562755566963488  0.98341919640785003  0.99179943904711954  1.00000000000000000
  0.18571935215231469  0.21030834135578563  0.23545474235084210  0.27425416768746602
  0.31856741749378742  0.35883240303397401  0.39387955855562923  0.42663860423557037
  0.45970348891282636  0.49528024002295312  0.53211830400007998  0.56444879697193184
  0.58930192904061651  0.60509097665213907  0.61613915139812703  0.62546713415012556
  0.63464821418152839  0.64351434256084872  0.65113226819711190  0.65720693632413474
  0.66187079410290950  0.66570727497309234  0.66890515768129222  0.67145114931282524
  0.67396776985228579  0.67605595019674669  0.67775093665521902  0.67924168659320339
  0.68063536569492400  0.68200214010837545  0.68337208183471154  0.68452330822960805
  0.68548845894053978  0.68640231598144308  0.68731243289211796  0.68825202590394619
  0.68914226374753296  0.68990063386743528  0.69057651426809408  0.69123303503565348
  0.69190602259435163  0.69255179357451990  0.69311315970756793  0.69359388809743461
  0.69407442572646094  0.69454500414243658  0.69501057178944170  0.69547282792058318
  0.69591897680555648  0.69640908543419811  0.69693128333763843  0.69736433432432432
  0.69774660069604533  0.69810975314940515  0.69847784721108075  0.69890644014069714
  0.69939701753260586  0.69991893947659389  0.70049188307624666  0.70105174087997901
  0.70160859976023038  0.70217386283916439  0.70272547716690281  0.70326522687613557
  0.70384485481474612  0.70442926283376650  0.70505022697016728  0.70576203320889130
  0.70652785155225295  0.70733531893833934  0.70817625090901870  0.70912058825157864
  0.71016507860117228  0.71127784944281436  0.71239790114021195  0.71352702360574227
  0.71468325398419685  0.71595920167386251  0.71734856669983582  0.71892999229030774
  0.72060916696552813  0.72244576258694093  0.72422783029433269  0.72640191220013739
  0.72874965451427642  0.73179052810704959  0.73562492165065385  0.73986897774494231
  0.74448849643339599  0.75055015521075319  0.75777616484499466  0.76717180565538301
  0.77965814062798533  0.79830845669754491  0.83686893528651929  1.00000000000000000
   2.6377635374995110E-009  -1.0000000000000000     
 F F F F F F F F F F F F F F F F F F F F F F F F F F F F F F F F F F F F F F F F F F F F F F F F F F F F F F F F F F F F F F F F
  <DiscreteSampler_grid>
  grouped_processes
  1 # 1 for a reference and 2 for a running grid.
  10 # Attribute 'min_bin_probing_points' of the grid.
  1 # Attribute 'grid_mode' of the grid. 1=='default',2=='initialization'
  0.0000000000000000 # Attribute 'small_contrib_threshold' of the grid.
  0.5000000000000000 # Attribute 'damping_power' of the grid.
 # binID   n_entries weight   weight_sqr   abs_weight
    19   10   1.620583214176869E+006   1.728993958963897E+013   1.620583214176869E+006
    22   10   1.620583214176869E+006   1.728993958963897E+013   1.620583214176869E+006
    25   10   1.620583214176869E+006   1.728993958963897E+013   1.620583214176869E+006
    28   10   1.620583214176869E+006   1.728993958963897E+013   1.620583214176869E+006
  </DiscreteSampler_grid>
