 -0.01359319251378652  0.10274132215244042  0.15834441971322333  0.20274113399634250
  0.24284658282263188  0.28098559911947285  0.31040674879751040  0.33338337678994917
  0.36273692752228220  0.39061310936799365  0.41527373097374154  0.43640747640515704
  0.45975765665138896  0.48187909165815779  0.50107403012767437  0.51889118659083966
  0.53604996009258898  0.55274126301903115  0.56813354140614092  0.58338051500020727
  0.59848410840325783  0.61290361218096501  0.62794853612571744  0.64347090422597841
  0.65846969864299798  0.67209793369225501  0.68501969493450454  0.69786524483355761
  0.71117267698460140  0.72344243573067180  0.73530755648526225  0.74709651621638773
  0.75774109383027866  0.76733904215911086  0.77637228048879492  0.78535894231492032
  0.79379511492701937  0.80171557633836388  0.80925785750912316  0.81656718627547620
  0.82426080161263249  0.83185459435489895  0.83903903027990123  0.84499616268690292
  0.84999701635345359  0.85491272054862255  0.86036604795286387  0.86644636013998377
  0.87264264461090435  0.87909700043425487  0.88555945416174597  0.89169790240422842
  0.89736195428472565  0.90243719451558713  0.90569573404509351  0.90942735112826101
  0.91301147676953187  0.91577699283509129  0.91842835890556884  0.92180072114029543
  0.92599507913651391  0.92992138572971561  0.93359473293619921  0.93620824785564893
  0.93876448346426500  0.94140215384073422  0.94421379561152063  0.94776698976496010
  0.95110945387436052  0.95413646736461633  0.95703167114653154  0.95989723656704573
  0.96272182803461781  0.96552326911349362  0.96754871199384640  0.96843618379768748
  0.96932365560152856  0.97024660200747159  0.97119480664070290  0.97214301127393421
  0.97287032608329960  0.97352927659129662  0.97418822709929354  0.97561914701599517
  0.97704353903661845  0.97832341720986560  0.97963912330721281  0.98090140871086395
  0.98253236628865259  0.98449263609458104  0.98649771706477318  0.98845763414835686
  0.99089285561187468  0.99318259405402731  0.99502407656902125  1.00000000000000000
  0.00000000008327710  0.00000000008828053  0.00000000009137038  0.00000000009370566
  0.00000000009592300  0.00000000009811758  0.00000000010033033  0.00000000010289759
  0.00000000010552051  0.00000000010802456  0.00000000011046192  0.00000000011286367
  0.00000000011510630  0.00000000011777647  0.00000000012172047  0.00000000012567573
  0.00000000012960794  0.00000000013353550  0.00000000013780459  0.00000000014218295
  0.00000000014688588  0.00000000015291127  0.00000000015844161  0.00000000016367553
  0.00000000016869867  0.00000000017353755  0.00000000017875692  0.00000000018442300
  0.00000000019046950  0.00000000019663556  0.00000000020295530  0.00000000020955347
  0.00000000021688905  0.00000000022521455  0.00000000023393513  0.00000000024249632
  0.00000000025104721  0.00000000025942625  0.00000000026788245  0.00000000027706443
  0.00000000028691875  0.00000000029677075  0.00000000030718946  0.00000000031800826
  0.00000000032978700  0.00000000034268295  0.00000000035843021  0.00000000037514457
  0.00000000039327273  0.00000000040878704  0.00000000042268484  0.00000000043784973
  0.00000000045502614  0.00000000047122015  0.00000000048720274  0.00000000050202496
  0.00000000051842917  0.00000000053995530  0.00000000057767612  0.00000000062447025
  0.00000000067267031  0.00000000072177803  0.00000000077659502  0.00000000083442752
  0.00000000090364359  0.00000000098127654  0.00000000106995574  0.00000000117083153
  0.00000000128346846  0.00000000143066359  0.00000000160846252  0.00000000174638936
  0.00000000186437683  0.00000000199591992  0.00000000215611970  0.00000000231691925
  0.00000000252655529  0.00000000284054411  0.00000000323550098  0.00000000374160812
  0.00000000434661268  0.00000000515476368  0.00000000624313203  0.00000000782800291
  0.00000001044793496  0.00000001610745184  0.00000002599853342  0.00000005764676971
  0.00000020557795448  0.00000077307431365  0.00000420830738570  0.00002683781354257
  0.00019936833908975  0.01180893973291877  0.58096608773444369  1.00000000000000000
 -0.00170050986769661  0.00637564957386911  0.01533963151769096  0.02534549507632392
  0.03677454485088627  0.04842805980903512  0.05824277695975437  0.06810412290751076
  0.07778305246085895  0.08788499200602724  0.09898701671508012  0.10937667080743954
  0.11929846722821194  0.12949684177664877  0.14038987374862216  0.15182770728155309
  0.16272498784394823  0.17266462051910197  0.18282665166764300  0.19258938572757878
  0.20211848201465027  0.21165560018831645  0.22121273751921100  0.23171136300758619
  0.24333966934913281  0.25525584697923048  0.26678435953406365  0.27756188147937444
  0.28827219195503351  0.29872979828296181  0.30978450960841891  0.32033812863033539
  0.33080256638218930  0.34281089617400823  0.35474104302445814  0.36726594024590853
  0.37866886971600039  0.39042598108898580  0.40105674766092536  0.41238952469887846
  0.42164490821788847  0.43160066828909216  0.44162250974403855  0.45124500983016191
  0.46277123210962945  0.47362830271480877  0.48440835849091013  0.49571848195381424
  0.50675965912657350  0.51748410133037470  0.52690545130530564  0.53494573396125356
  0.54291999914239153  0.55087873611629179  0.55980589923161450  0.56978736990504952
  0.58034176025830575  0.59076840878972647  0.60038476606217495  0.60996039616154429
  0.61976756214916773  0.63065846826750593  0.64178949800206808  0.65280833778382841
  0.66390207242511579  0.67483376685837237  0.68514283158665068  0.69573182045139270
  0.70617233729950768  0.71652474863970250  0.72711123086276086  0.73752021951952185
  0.74819685151433857  0.75863090606409045  0.76958998669655598  0.78056816285313724
  0.79000901753989394  0.79923059087888548  0.80993530929446400  0.82113565244557851
  0.83215422049552223  0.84349071287459298  0.85452447949970578  0.86477660525132605
  0.87457576296785722  0.88402849645577208  0.89441733112805188  0.90564179892054231
  0.91792067897832663  0.93002219069895231  0.94197973952062741  0.95347721900654825
  0.96519834675851623  0.97721796568422625  0.98843287946655156  1.00000000000000000
 -0.00213787574793872  0.00924901490952786  0.01906399274713470  0.02928252995831176
  0.03971736692432153  0.04927427245002330  0.05857159903652914  0.06773362912603161
  0.07782247539090986  0.08910456761713434  0.10045609641933602  0.11169313139764997
  0.12150911079106519  0.13043701206668543  0.13938088913115260  0.14775722201229491
  0.15695095911502108  0.16603799200409164  0.17564161882850338  0.18516989659144070
  0.19540083958378676  0.20681747484806354  0.21713123892505340  0.22682307495405346
  0.23576857545155266  0.24513296346844049  0.25586796136433071  0.26723532184687293
  0.27875213495253426  0.29039283012903255  0.30241999683538168  0.31401111617803851
  0.32462188322953195  0.33489305453406398  0.34569527642441539  0.35593354734819410
  0.36574419401447089  0.37551480877367455  0.38571912846141576  0.39675163295718024
  0.40752452956561264  0.41879182637575657  0.43016341531655644  0.44178978766497062
  0.45300920580783344  0.46375617986224793  0.47395655192530844  0.48394296456505864
  0.49379989726062601  0.50319406599611383  0.51253060626962876  0.52287248196153435
  0.53333966469273264  0.54298646309367848  0.55245122507405409  0.56273256546143713
  0.57424235134555490  0.58561606577814174  0.59611709845324523  0.60650271705178060
  0.61717881188148371  0.62997779149970423  0.64327816131694360  0.65551155563042274
  0.66747006682031085  0.67985568304050803  0.69272637565393391  0.70450754523467074
  0.71553579710641690  0.72604073547027415  0.73648281199105725  0.74660367978559805
  0.75605404515072872  0.76567388875995923  0.77599217527632325  0.78685589530688471
  0.79820623902568377  0.80957464903000975  0.82095846265965400  0.83235350162560429
  0.84361291276653239  0.85468416702743377  0.86497714241224466  0.87470977889772172
  0.88438392956398582  0.89477402270664330  0.90587023571828706  0.91681428227480655
  0.92774103447825451  0.93882443635928803  0.95003391321680541  0.96071721982001901
  0.97037070483279186  0.97979308043770919  0.98974361161149060  1.00000000000000000
 -0.00154801456308481  0.00706562520748147  0.01609153843169434  0.02414554643087588
  0.03258466209123386  0.04315260474980440  0.05522917519687077  0.06699021406377094
  0.07866374501972540  0.08972183368199099  0.09982915917234413  0.11015292885470586
  0.12091755187654203  0.13192432182286259  0.14287454427225571  0.15373147520104419
  0.16428958378331643  0.17479232412720661  0.18513612145326316  0.19588510215891022
  0.20777494348674791  0.22041766500658472  0.23297004561461576  0.24525310388761354
  0.25746944507908948  0.26968902531346611  0.28169615906779122  0.29319791411182317
  0.30400155327625616  0.31357868056970772  0.32344563165060342  0.33319300889338077
  0.34202306779987496  0.35029300916448869  0.35852143560269034  0.36678623510416275
  0.37616101823325604  0.38656631014075465  0.39768383481733793  0.40953242986346172
  0.42138804214334258  0.43284168128614914  0.44376016083828629  0.45429570747441717
  0.46444030787288110  0.47441283415986552  0.48425085376589688  0.49476481021943147
  0.50605730217423184  0.51865424744420907  0.52933762163450038  0.53838676080970294
  0.54707940295104307  0.55746352371841434  0.56806777764630700  0.57660601157878710
  0.58577402398235046  0.59476344877485110  0.60418148714982778  0.61485700369731366
  0.62559587331447264  0.63590718879286223  0.64619355754579566  0.65721834029703774
  0.66870924381414587  0.68098129921002837  0.69325322688332924  0.70476244607654992
  0.71523041497208051  0.72502282078735680  0.73437361409240143  0.74360830009262391
  0.75326327754142630  0.76387229393767020  0.77434275993930157  0.78480756857760459
  0.79565323695024703  0.80620931853288924  0.81810745369425630  0.82874211790759633
  0.83885407587101857  0.84900894161386853  0.86065325984848129  0.87178136504365233
  0.88263255227334703  0.89272575336248028  0.90320737131093543  0.91423115588475201
  0.92522846125444846  0.93582731520425400  0.94610314627510828  0.95584915521086999
  0.96571395888608602  0.97691600850379867  0.98826449845551945  1.00000000000000000
  0.18837465348939075  0.19326659183885794  0.20494694061095997  0.22627536739922202
  0.25576975461319951  0.29711659799981960  0.34526180820194646  0.39699290844730450
  0.44721811444260479  0.49079450124334784  0.52379227561614794  0.54547184281371808
  0.56296313433427725  0.58222904762776684  0.60162485517650754  0.61793226118739297
  0.62999419495097830  0.63961305832108084  0.64752177235559460  0.65426460160419408
  0.65972058805078659  0.66412694149685392  0.66785226352565241  0.67108661358230637
  0.67388262254252351  0.67624372195373716  0.67824839244618484  0.67999239262840405
  0.68150774630743804  0.68283058469419922  0.68401591000582673  0.68514643246719975
  0.68625432864161617  0.68726983453955581  0.68814385564895753  0.68894115365241959
  0.68969367856653430  0.69038873194917572  0.69105154108063072  0.69173461577913442
  0.69241756510462371  0.69311588075488195  0.69374985839910730  0.69434482942297859
  0.69492049186008187  0.69544509687188893  0.69601138346340896  0.69652261046006181
  0.69697161488107784  0.69745530574469339  0.69791086922880829  0.69836110250455130
  0.69885552689579833  0.69937585695580740  0.69990015883465351  0.70043019473181678
  0.70096651038356561  0.70153161252369045  0.70212161523864469  0.70271614652248471
  0.70332613816086975  0.70395905029491956  0.70462615961475961  0.70533611025388387
  0.70609357084420366  0.70683891183439673  0.70756067279521107  0.70829122599375249
  0.70904714947620451  0.70996874578345892  0.71093555078771031  0.71193977472145487
  0.71300392851211358  0.71403885139839185  0.71514108464513693  0.71631678844505609
  0.71771940859374606  0.71942637349102467  0.72137831941644170  0.72346905056388333
  0.72550512241541232  0.72743811418874071  0.72961382920495665  0.73214246244944026
  0.73557362221256339  0.73932514818107642  0.74370959295090910  0.74885436797360383
  0.75535285591667878  0.76198896849965425  0.76901730683066116  0.77704159863053623
  0.78655999679469413  0.80350255806452464  0.83860841674427633  1.00000000000000000
   2.4417599408709143E-009  -1.0000000000000000     
 F F F F F F F F F F F F F F F F F F F F F F F F F F F F F F F F F F F F F F F F F F F F F F F F F F F F F F F F F F F F F F F F
  <DiscreteSampler_grid>
  grouped_processes
  1 # 1 for a reference and 2 for a running grid.
  10 # Attribute 'min_bin_probing_points' of the grid.
  1 # Attribute 'grid_mode' of the grid. 1=='default',2=='initialization'
  0.0000000000000000 # Attribute 'small_contrib_threshold' of the grid.
  0.5000000000000000 # Attribute 'damping_power' of the grid.
 # binID   n_entries weight   weight_sqr   abs_weight
    19   10   1.531248884749339E+007   2.289169353987954E+015   1.531248884749339E+007
    22   10   1.531248884749339E+007   2.289169353987954E+015   1.531248884749339E+007
    25   10   1.531248884749339E+007   2.289169353987954E+015   1.531248884749339E+007
    28   10   1.531248884749339E+007   2.289169353987954E+015   1.531248884749339E+007
  </DiscreteSampler_grid>
