 -0.00253794069646121  0.00958278535880387  0.01976147210512755  0.03026077919166940
  0.04076328075313251  0.05129063139161439  0.06182235656280962  0.07235280609811424
  0.08289498251166789  0.09341335994033997  0.10391113949617690  0.11441977674686206
  0.12495000229319726  0.13548731568681890  0.14603083007737166  0.15659731177788946
  0.16716371857881038  0.17772073070080047  0.18825824574103428  0.19881407574146820
  0.20935641904989272  0.21990441607750230  0.23045432411558786  0.24102767357978944
  0.25159071979513903  0.26218461500235496  0.27277026461140769  0.28340136044102560
  0.29398588630003875  0.30453179283322329  0.31506480807314063  0.32560118683741263
  0.33612059405467187  0.34664809033121963  0.35718423901592938  0.36775576364025397
  0.37832508044653856  0.38886853602712362  0.39944734040093699  0.40998985058781195
  0.42055578460339260  0.43103423526950063  0.44155251794009498  0.45212350175638705
  0.46274843296527846  0.47337372885055506  0.48394220456347731  0.49450176662067663
  0.50504905943247691  0.51560501040317497  0.52615745993993746  0.53667592572072997
  0.54720139427936076  0.55771315398254917  0.56822890197982123  0.57872971659232619
  0.58926888994734372  0.59983331178555133  0.61038593683218945  0.62093097677940967
  0.63143396939144414  0.64194831653598738  0.65246372012010212  0.66299531107384557
  0.67349084032560758  0.68401836270892136  0.69457300211329998  0.70518014586963496
  0.71569756503615412  0.72620250080997439  0.73665820796813830  0.74714191344225134
  0.75763684710483958  0.76817604040501952  0.77873639249790083  0.78929908073225885
  0.79986985188894644  0.81044666343973482  0.82097466935841057  0.83149952965444396
  0.84200535807244714  0.85252170734556987  0.86303210582839318  0.87352028257807923
  0.88403981261312226  0.89454216046713741  0.90506306504083855  0.91559319942433837
  0.92613943823092959  0.93670282993165099  0.94729275774689570  0.95786998647505295
  0.96840320107099209  0.97895139002523535  0.98947668725346494  1.00000000000000000
 -0.00242796439921413  0.00956567803997859  0.01975181750359216  0.03027454816102209
  0.04083707403205333  0.05140077221005240  0.06201062588479476  0.07255564345083490
  0.08308905528084484  0.09356999218309239  0.10405706943008773  0.11458199536736388
  0.12516270507425525  0.13575158830811399  0.14633051670076094  0.15686672125305837
  0.16743921135339190  0.17797131637997973  0.18850125874975868  0.19903470128957707
  0.20962009906227774  0.22020530530043070  0.23076742382779536  0.24129558813723914
  0.25181523654434285  0.26230527092803702  0.27278895674608611  0.28324383290195848
  0.29373349124819942  0.30423045621650080  0.31475668066072288  0.32528912049034681
  0.33583988675178938  0.34641014905941403  0.35694615776422495  0.36749378510836600
  0.37802197573291274  0.38859958701181435  0.39914179900379149  0.40970071874498959
  0.42022877362878364  0.43077469549909608  0.44130189817116133  0.45183849532655446
  0.46237964911177659  0.47292557228533449  0.48349076858564716  0.49407330039919400
  0.50466196369530025  0.51526896368060893  0.52587122169087319  0.53647330761164780
  0.54706882472083740  0.55763808367754952  0.56821091713542193  0.57874558764336204
  0.58927985575023623  0.59978415525527840  0.61033852757139606  0.62089900420960475
  0.63145422745445201  0.64199910151157946  0.65259733318301982  0.66319731705390439
  0.67373196638708766  0.68421733838070520  0.69470368884935063  0.70520525488676933
  0.71572608751685318  0.72626086399212297  0.73681192547332475  0.74740101568244266
  0.75797546981147845  0.76852094495445900  0.77902365009165975  0.78952031978432102
  0.80003544572514707  0.81056132090619804  0.82110523943792746  0.83161906515700301
  0.84213818575005073  0.85265570929912304  0.86322483478428835  0.87376818031012271
  0.88431837743180319  0.89484456897685771  0.90535405886339404  0.91585227343487419
  0.92636308465622108  0.93690151957198109  0.94742511452635525  0.95792210357308583
  0.96840187280682999  0.97892570493128472  0.98945837606228537  1.00000000000000000
  0.00539740481917723  0.00906510223324509  0.01519608373017288  0.02221345661664587
  0.02988203213005384  0.03798106069352403  0.04646452046449994  0.05526568804724988
  0.06426917342450057  0.07347223916297767  0.08280877788484180  0.09228157839747188
  0.10185755171104470  0.11152792001829064  0.12126962195147176  0.13106951824494228
  0.14091723874560191  0.15081186046050352  0.16075397842985764  0.17074012947100925
  0.18076744575990963  0.19083350735680457  0.20093583835465209  0.21106483307322721
  0.22121462545743462  0.23138432289814348  0.24157780057602121  0.25179422326801626
  0.26202634571841765  0.27227441845458927  0.28254188123731544  0.29282984558992903
  0.30313502229004957  0.31344693998932988  0.32376314026045194  0.33408398018856916
  0.34442223314549880  0.35478062407556366  0.36515534999655935  0.37554170195281333
  0.38594445639204417  0.39636068705847827  0.40678832424937350  0.41722587274076972
  0.42767666963249351  0.43814279372359377  0.44862050472398846  0.45911135629409155
  0.46960678204628187  0.48011365925900790  0.49063400247728800  0.50116735576475391
  0.51170375497395881  0.52223870375946657  0.53278834625564053  0.54336101188115238
  0.55396175175360074  0.56457598489230021  0.57519378925575815  0.58580998758538172
  0.59643569308363986  0.60707962018876571  0.61774757081091469  0.62842805464474316
  0.63912098850115961  0.64982245080965639  0.66054113397668013  0.67127212334606390
  0.68202157327698287  0.69278010950246172  0.70355924812510995  0.71435813257407266
  0.72518134906320930  0.73602524923306523  0.74689008933101997  0.75777826067621523
  0.76869262956167461  0.77963888775923584  0.79061553522074246  0.80161690603311697
  0.81264175633071523  0.82370331161891697  0.83481170730779508  0.84597661740196706
  0.85720784952527995  0.86851333860068602  0.87990379447460099  0.89139107777821969
  0.90300140208831492  0.91476220723440649  0.92672819651265348  0.93899750193534182
  0.95175152445775502  0.96546266937704495  0.98140188048915256  1.00000000000000000
   1.3124932992420523E-007  -1.0000000000000000     
 F F F F F F F F F F F F T F F F F F F F F F F F F F F F F F F F
  <DiscreteSampler_grid>
  grouped_processes
  1 # 1 for a reference and 2 for a running grid.
  10 # Attribute 'min_bin_probing_points' of the grid.
  1 # Attribute 'grid_mode' of the grid. 1=='default',2=='initialization'
  0.0000000000000000 # Attribute 'small_contrib_threshold' of the grid.
  0.5000000000000000 # Attribute 'damping_power' of the grid.
 # binID   n_entries weight   weight_sqr   abs_weight
    19   10   1.030915336070695E+007   1.902840622235760E+014   1.030915336070695E+007
    22   10   1.030915336070695E+007   1.902840622235760E+014   1.030915336070695E+007
    25   10   1.030915336070695E+007   1.902840622235760E+014   1.030915336070695E+007
    28   10   1.030915336070695E+007   1.902840622235760E+014   1.030915336070695E+007
  </DiscreteSampler_grid>
