 -0.01162085145648778  0.09269794563099482  0.14198399973822615  0.17937343693632740
  0.21766073411432280  0.25346988613791521  0.28334750881640203  0.30863318628612840
  0.33336067854121054  0.35705669257123529  0.37828568500469545  0.40114388829798647
  0.42157946718702871  0.44187360359320188  0.46035570950589927  0.47813189829106773
  0.49682879760633736  0.51523812458500029  0.53286125207369528  0.54965852092606560
  0.56655060190794304  0.58302946018494806  0.59871140514360310  0.61087247805997513
  0.62260484718702058  0.63352729414907494  0.64527455311803628  0.65762696171852786
  0.67060453554270194  0.68273101891144206  0.69367500907859070  0.70443322425935007
  0.71521025417237427  0.72652273415181701  0.73581698347738156  0.74415388372250812
  0.75258800512893986  0.76058719164014854  0.76825645211136517  0.77597230994135069
  0.78392056510646235  0.79178087220963678  0.79890577943732155  0.80504059637057668
  0.81072646082556810  0.81622815229568513  0.82279003289653885  0.82942867176384605
  0.83580300460619106  0.84181749090744984  0.84776090198657006  0.85368080699878246
  0.85958746352800919  0.86544416821791481  0.87131483189574355  0.87706133485600990
  0.88256063398583806  0.88767423991717809  0.89244706120403094  0.89715390273171158
  0.90152476088212974  0.90555310996795779  0.90960121662502458  0.91378349572687356
  0.91823433790069386  0.92284981334376803  0.92735396105515067  0.93177074405428728
  0.93596021198927437  0.93949993303696278  0.94268197016058330  0.94538073393367872
  0.94795487521275534  0.95009203099351858  0.95197585795851980  0.95368826383061522
  0.95567038199406373  0.95779033495261401  0.96011769137429959  0.96234613762962318
  0.96448612001894529  0.96649585046722764  0.96827690461299609  0.97037879465331034
  0.97249258420150597  0.97450193550956388  0.97634642536660743  0.97820861764448419
  0.98009534603429749  0.98192980068708724  0.98370833433701899  0.98547386405498527
  0.98767788275060864  0.99086333269143856  0.99532856712327522  1.00000000000000000
  0.00000000023772303  0.00000000025083800  0.00000000025944416  0.00000000026681751
  0.00000000027385236  0.00000000028107230  0.00000000028854845  0.00000000029629887
  0.00000000030416786  0.00000000031170224  0.00000000031891313  0.00000000032605743
  0.00000000033278290  0.00000000034020606  0.00000000034782149  0.00000000035608839
  0.00000000036466814  0.00000000037373030  0.00000000038444033  0.00000000039709630
  0.00000000041045775  0.00000000042356713  0.00000000043490413  0.00000000044582437
  0.00000000045690924  0.00000000046797322  0.00000000047910589  0.00000000049178685
  0.00000000050377999  0.00000000051516857  0.00000000052693166  0.00000000053940296
  0.00000000055177688  0.00000000056641934  0.00000000058380031  0.00000000060254321
  0.00000000061934864  0.00000000063673402  0.00000000065596987  0.00000000067807010
  0.00000000070192414  0.00000000072594721  0.00000000074926274  0.00000000077165227
  0.00000000079595140  0.00000000082239163  0.00000000085023339  0.00000000088246186
  0.00000000091763377  0.00000000095785159  0.00000000100386113  0.00000000105185155
  0.00000000110719643  0.00000000116833836  0.00000000123204838  0.00000000128908961
  0.00000000133565153  0.00000000138514770  0.00000000143732480  0.00000000151612528
  0.00000000160898670  0.00000000169316508  0.00000000176607218  0.00000000183892880
  0.00000000191540162  0.00000000200900634  0.00000000211367257  0.00000000223993199
  0.00000000238899135  0.00000000255183909  0.00000000276371021  0.00000000308402539
  0.00000000348178248  0.00000000393467462  0.00000000443380958  0.00000000498767111
  0.00000000569215768  0.00000000670014911  0.00000000806369692  0.00000000981032180
  0.00000001237669881  0.00000001589483945  0.00000002182477910  0.00000003386884632
  0.00000006049136384  0.00000012436954593  0.00000030327867334  0.00000075679104689
  0.00000218711606490  0.00000747943064644  0.00003018140927733  0.00012686738100677
  0.00128216789841369  0.02539949996384871  0.60505239947863132  1.00000000000000000
 -0.00205819186477919  0.00906377775902540  0.01927224939314454  0.02975421515292328
  0.04055927956202274  0.05149944437441729  0.06258285371851872  0.07338729857991443
  0.08367643959686137  0.09418572926130872  0.10457807059650871  0.11375939247626712
  0.12230403214694242  0.13223827255544768  0.14240821354042724  0.15238813978564938
  0.16301403673294715  0.17367702598118845  0.18453933822630256  0.19537327527118853
  0.20595621919901685  0.21663566408496407  0.22772318622225343  0.23880387565256977
  0.24976331041902824  0.26064553439389460  0.27197217610965757  0.28343279404268107
  0.29428993813870385  0.30484183417054084  0.31485640546119648  0.32521591113733755
  0.33593402467029770  0.34661420365110973  0.35708117494365116  0.36754995127674661
  0.37813903426329998  0.38888081877892666  0.39880353634036225  0.40808609620158653
  0.41745927555380524  0.42743642679220251  0.43735880908707048  0.44823442932781654
  0.45906756157330197  0.46862781288765570  0.47667918290759975  0.48464647814933282
  0.49521546363824742  0.50730665394791186  0.51756409681031668  0.52729274828372097
  0.53695082361534940  0.54602730546092737  0.55492287622051228  0.56396750133675266
  0.57389767349906118  0.58489721307088782  0.59607665410702804  0.60782182199515711
  0.61929594766765095  0.63054209794686689  0.64196434442290640  0.65262581831447419
  0.66269492073821712  0.67379840301397897  0.68423677364246593  0.69429280663536763
  0.70516618052344060  0.71692177936562385  0.72863872967251375  0.73958606302689389
  0.75041478177573540  0.76125850960700370  0.77219420128894301  0.78329102423198871
  0.79495935711547216  0.80730003218111190  0.81982045475576626  0.83236103692412433
  0.84426758568912630  0.85684418772439053  0.86848861605405436  0.87995043600514700
  0.88900883952108201  0.89654850593412372  0.90466231442323175  0.91186164702353534
  0.92064496309855259  0.93105406425944848  0.94199363944464531  0.95327757664845281
  0.96467180291679622  0.97575890129194776  0.98780959313381700  1.00000000000000000
 -0.00249629222885589  0.00960751332327511  0.02142289438290403  0.03362658861860127
  0.04515818608157159  0.05649109666618335  0.06762767835936809  0.07866166863757856
  0.08950111651376265  0.10062556701665470  0.11185478548956737  0.12246175834647426
  0.13139015774490548  0.14145686291422832  0.15030496966129311  0.15938984629395303
  0.16943119174910035  0.18020777711932764  0.19177665561978682  0.20354026855075219
  0.21447710987794830  0.22450544796085947  0.23371686640124814  0.24365830706802308
  0.25405490429432948  0.26503173582842360  0.27671306861087841  0.28826084185072315
  0.29922845091532874  0.31037993019400079  0.32181859659657025  0.33325795213283832
  0.34422742303281872  0.35435639838884536  0.36390160435794705  0.37277620300109648
  0.37979756755054844  0.38699791335449174  0.39371882719092838  0.40083524721254349
  0.41018162598277175  0.42199138689074223  0.43371804709541267  0.44531458899337678
  0.45724118007857611  0.46923833945730947  0.48114554050116437  0.49253146402335624
  0.50348761792776908  0.51411024246958681  0.52477895538212704  0.53589910170626509
  0.54734425673841225  0.55863580312285277  0.56977272159436620  0.58112093347678528
  0.59302827308360828  0.60484044375232338  0.61607913749826215  0.62709946307847919
  0.63803933969622761  0.64903376721760409  0.65984392653874557  0.67058845765327368
  0.68188985095105004  0.69313945473091965  0.70392424656509145  0.71413225147538173
  0.72395523257223215  0.73432807424483970  0.74534961258478349  0.75725408109018721
  0.76889141933433869  0.77959728738539502  0.78945402026306288  0.79907379071201223
  0.80896520855037579  0.81917837416724437  0.82946834645943601  0.83889888802763524
  0.84830601813781126  0.85771732286790758  0.86723501709556450  0.87781399775576774
  0.88891108770793770  0.90016467038903270  0.91105026984790083  0.92184046473071157
  0.93242839819182433  0.94284116740461998  0.95326046404911247  0.96372378118456992
  0.97348036775994762  0.98256992177915103  0.99141037567998525  1.00000000000000000
 -0.00316273328314646  0.00958975036202059  0.01945927589948206  0.02958319131420613
  0.04030899966076716  0.05106429881425797  0.06188044783585551  0.07259006325827363
  0.08330649074152773  0.09404378597394146  0.10461503095056132  0.11546059033222753
  0.12615406386541977  0.13776218041510530  0.14886685959950699  0.15909443992987340
  0.16859492352776070  0.17829811677874960  0.18833036748281692  0.19853896139548499
  0.20895966404074989  0.21982755925145214  0.22994569084261399  0.23997563166126620
  0.25093406832060616  0.26242509358710114  0.27397932200272396  0.28484557371869823
  0.29450533143857949  0.30374808013487831  0.31347721559777847  0.32415000489200885
  0.33502866536905657  0.34541266978062779  0.35553223412015905  0.36599830309677850
  0.37680479881881518  0.38739575220070249  0.39772853938878916  0.40764029870311286
  0.41745273087516443  0.42767538373408959  0.43815565083144870  0.44916268055782388
  0.45922347912064510  0.46810390336670582  0.47677842484728894  0.48554608160094903
  0.49546597317509367  0.50672303197500823  0.51764496310306229  0.52852037601641377
  0.53993488558931002  0.55211561029158474  0.56234269091761635  0.57126880148277748
  0.58019794471823027  0.58932145685235571  0.59931831391369461  0.61031633927328555
  0.62124932156804669  0.63176646977227580  0.64270586284914843  0.65471248598520904
  0.66702838015297716  0.67924672276929443  0.69085112897011147  0.70225633352935468
  0.71410592712942456  0.72607785237474409  0.73742825687650759  0.74720179154651778
  0.75666867307397556  0.76658830654232868  0.77819702200973007  0.79031176988585128
  0.79959479544062129  0.80791006370739504  0.81751413171079723  0.82684085952879538
  0.83653140592494857  0.84708270076574321  0.85797874642603755  0.86895368012217977
  0.88031137636205714  0.89227680286909905  0.90515369711382876  0.91756003100819239
  0.92876622328679326  0.93903852450365155  0.94858194847562305  0.95779741178179267
  0.96755019150599864  0.97793500107927922  0.98873027420880000  1.00000000000000000
  0.18826964127807544  0.19669266071888075  0.21246532070113641  0.23631730555382302
  0.26672502241299317  0.30542418931094567  0.34576494716963574  0.38548006279196950
  0.42461985589246060  0.46314080461596835  0.50320574280475650  0.53650619506051478
  0.56261068888362087  0.58333589037977729  0.60083121139404128  0.61503493581053126
  0.62657949524774681  0.63555727633306691  0.64292933556768550  0.64914011571744412
  0.65480464625966706  0.65992589223945752  0.66406819207997847  0.66733909079131060
  0.67010627650394139  0.67270916512240653  0.67503500688682372  0.67688072206895067
  0.67851605990063257  0.67996926126161295  0.68135210242636446  0.68284929953525142
  0.68431589111752644  0.68562101518999341  0.68675483799907810  0.68773828154579908
  0.68859822895162415  0.68934422362138958  0.69000163249768132  0.69061706158846348
  0.69124276235472848  0.69187756706493031  0.69251569570407989  0.69313742177864035
  0.69371233739906191  0.69426331769495631  0.69478925036307082  0.69529693746646704
  0.69580417016868124  0.69632030406428003  0.69685696486438864  0.69739831314264511
  0.69793547196071948  0.69848020522920451  0.69901976391577392  0.69952661745792533
  0.70000536723445961  0.70047166539427530  0.70093503882906838  0.70141750717805773
  0.70195206993561376  0.70254321934845720  0.70312327318280909  0.70367562008378792
  0.70427044116373227  0.70493267633488610  0.70563279471353269  0.70635589455835857
  0.70710570767959813  0.70786005284236464  0.70867778512064505  0.70953447830877969
  0.71037045793184450  0.71126652020854120  0.71235220358655094  0.71362489124831197
  0.71502164922589817  0.71656064540497166  0.71829126321075454  0.72018267293657212
  0.72217244857822371  0.72426063741513258  0.72662158153539602  0.72938398036722485
  0.73265304104473594  0.73650851355704750  0.74076149513469702  0.74531380744819853
  0.75021656315960472  0.75602205046235571  0.76330728542077420  0.77277193549920065
  0.78538507267215518  0.80341722563008655  0.84067306512841988  1.00000000000000000
   2.3612700327400205E-009  -1.0000000000000000     
 F F F F F F F F F F F F F F F F F F F F F F F F F F F F F F F F F F F F F F F F F F F F F F F F F F F F F F F F F F F F F F F F
  <DiscreteSampler_grid>
  grouped_processes
  1 # 1 for a reference and 2 for a running grid.
  10 # Attribute 'min_bin_probing_points' of the grid.
  1 # Attribute 'grid_mode' of the grid. 1=='default',2=='initialization'
  0.0000000000000000 # Attribute 'small_contrib_threshold' of the grid.
  0.5000000000000000 # Attribute 'damping_power' of the grid.
 # binID   n_entries weight   weight_sqr   abs_weight
    19   10   1.460460058873809E+005   1.805782899016215E+011   1.460460058873809E+005
    22   10   1.460460058873809E+005   1.805782899016215E+011   1.460460058873809E+005
    25   10   1.460460058873809E+005   1.805782899016215E+011   1.460460058873809E+005
    28   10   1.460460058873809E+005   1.805782899016215E+011   1.460460058873809E+005
  </DiscreteSampler_grid>
