 -0.01318030990945055  0.09887734571607823  0.15256665763794039  0.19542854952821223
  0.23116396294678601  0.26196667369662607  0.29096700361440031  0.31705625564066137
  0.34308064923116022  0.36874708373086468  0.39128341144911960  0.41198300950702499
  0.43065662111795594  0.44944189075340013  0.46927560034720195  0.48887956666103538
  0.50771131556913007  0.52570865811037004  0.54334608814962804  0.55818831246239897
  0.57162101125096998  0.58659493121246586  0.60263389157451508  0.61691443802112311
  0.62963741423668540  0.64172046717974507  0.65372867761325382  0.66547434572937658
  0.67666153010406094  0.68753867372958033  0.69824015657225980  0.70932090439994533
  0.72055902397626415  0.73064621018512388  0.73939294606385875  0.74822661382714428
  0.75735747642771734  0.76690942876958179  0.77639897971126304  0.78536157624890401
  0.79391320722057623  0.80211688929523484  0.81010535165991548  0.81799873460362904
  0.82571921743046872  0.83339562364919340  0.84095025592363803  0.84820324604108077
  0.85511403381896889  0.86168732929654868  0.86815574379758564  0.87449749027209678
  0.88019162255839001  0.88516337901746667  0.88953253953065758  0.89376883311090993
  0.89856941464886209  0.90352288318474683  0.90838550271876839  0.91289000967525369
  0.91706637532213142  0.92124288448938418  0.92543143646819503  0.92950120800677083
  0.93333248308159966  0.93731899739856517  0.94048004341339464  0.94334744040620255
  0.94607510769114289  0.94849144548376219  0.95136557774927211  0.95403934561934201
  0.95626438556835236  0.95850270590808162  0.96070886362117003  0.96296107321438384
  0.96519862882184082  0.96763651861946598  0.96986569677032164  0.97211681935272476
  0.97441048621518056  0.97665186935295401  0.97879272973009224  0.98056360611339888
  0.98191899428870166  0.98340612299776453  0.98497757182371848  0.98660614256036461
  0.98795978362717163  0.98898784931244355  0.99004152736378170  0.99120624895400855
  0.99239191387886450  0.99376625385434192  0.99484580138318823  1.00000000000000000
  0.00000000034040599  0.00000000036733281  0.00000000038595790  0.00000000039850575
  0.00000000041154339  0.00000000042572109  0.00000000043708937  0.00000000044735088
  0.00000000045776076  0.00000000046972131  0.00000000048291568  0.00000000049792447
  0.00000000051460237  0.00000000053188749  0.00000000054904673  0.00000000056518016
  0.00000000058229870  0.00000000059873772  0.00000000061433393  0.00000000062871125
  0.00000000064512586  0.00000000066407128  0.00000000068502493  0.00000000070611561
  0.00000000072877941  0.00000000075548048  0.00000000078425792  0.00000000081330436
  0.00000000084130852  0.00000000086753801  0.00000000089652699  0.00000000092636916
  0.00000000095869171  0.00000000099221446  0.00000000103135354  0.00000000107531095
  0.00000000112119968  0.00000000116844980  0.00000000121316288  0.00000000125392561
  0.00000000129828625  0.00000000134722529  0.00000000139561386  0.00000000145335790
  0.00000000151605001  0.00000000158716685  0.00000000165365253  0.00000000172115824
  0.00000000178742105  0.00000000185180421  0.00000000191705155  0.00000000198681025
  0.00000000206434992  0.00000000213761467  0.00000000226546706  0.00000000243100727
  0.00000000261727810  0.00000000284408391  0.00000000313647985  0.00000000349378449
  0.00000000389550787  0.00000000431559912  0.00000000475696134  0.00000000527680177
  0.00000000589742682  0.00000000656788127  0.00000000736114322  0.00000000831006826
  0.00000000942257713  0.00000001082641073  0.00000001253583314  0.00000001465385143
  0.00000001710704568  0.00000002060043262  0.00000002560887594  0.00000003263638264
  0.00000004259242511  0.00000005688013149  0.00000008284753245  0.00000012030223211
  0.00000019271856335  0.00000032622112717  0.00000054443418160  0.00000092826385572
  0.00000169637309818  0.00000301141456519  0.00000563447086497  0.00001120573988161
  0.00002202819598229  0.00004903265214174  0.00011048597229958  0.00030176372135183
  0.00091139993505662  0.00561828428974822  0.11530958873825739  1.00000000000000000
 -0.00199589408434676  0.00876935425705398  0.01683074770872786  0.02540663479906661
  0.03433648089087815  0.04470548978336175  0.05562094815723754  0.06629293041043445
  0.07725062921283750  0.08821709458132983  0.09925443523544260  0.11009758445038807
  0.12076176715872053  0.13142155267089425  0.14210234380015885  0.15303872455369677
  0.16345193548692985  0.17355830375159051  0.18348811267012674  0.19390654033219371
  0.20484650871441579  0.21576420536009180  0.22587850195174483  0.23499337487823138
  0.24391218202129603  0.25332304856857263  0.26421826955627031  0.27568298849658401
  0.28709495326760792  0.29817682136522322  0.30918451082389575  0.32004030168662018
  0.33083193575402631  0.34130555243153959  0.35222320655027328  0.36359635192679135
  0.37469139440099536  0.38528607170924017  0.39529239695021401  0.40587251568476057
  0.41700217600373723  0.42808241945638420  0.43927019519939015  0.45042141381292250
  0.46111861267913540  0.47214303576821709  0.48269690641524315  0.49325226257907695
  0.50366055229061879  0.51367153393886289  0.52319480116320372  0.53289177249163411
  0.54310820383662628  0.55318840889834475  0.56186251981535007  0.57030481138774858
  0.57978938113083878  0.59040824279619142  0.60114045161436658  0.61204037052362936
  0.62326828215848984  0.63429082460310005  0.64546014894745840  0.65666962689932484
  0.66801268171637296  0.67964430129347941  0.69113522419179041  0.70277295896108005
  0.71461068633609104  0.72599509407188167  0.73627513456356308  0.74556148524688870
  0.75459034156616533  0.76431058926103834  0.77464911590998264  0.78566075567194749
  0.79697911083964612  0.80784738415658919  0.81813390089712568  0.82815807584235912
  0.83854438819252552  0.84943695898133331  0.86094745139992923  0.87275133348033807
  0.88406665824585928  0.89517197659185488  0.90597259248426798  0.91663186490952098
  0.92705369893522793  0.93745255972428476  0.94761526146118924  0.95783299705912350
  0.96840315316285797  0.97904482113901270  0.98836759725497103  1.00000000000000000
 -0.00200338928493633  0.00818385051415344  0.01868438649012633  0.03000406504283587
  0.04174247240328292  0.05222111967691019  0.06242135782251618  0.07278274176641468
  0.08263048498945413  0.09290658427488883  0.10375665520006486  0.11457678548154714
  0.12592433779330606  0.13720974569268640  0.14882958672112254  0.16065945390516395
  0.17239719709714380  0.18424748905202790  0.19614860588557234  0.20778730459063641
  0.21930010556092028  0.23073611454426288  0.24226690965890532  0.25379917494334747
  0.26505474728593448  0.27613993816198101  0.28698893678370541  0.29759916676844661
  0.30744690379124867  0.31676322116652345  0.32615296083139284  0.33540787868388428
  0.34513291412429281  0.35484627319535234  0.36488171198305031  0.37628817789139241
  0.38812148820465475  0.39967726085394800  0.41056734310553283  0.42097835574692016
  0.43121444521754781  0.44141861395191445  0.45197135772669256  0.46204310020769718
  0.47194050706925933  0.48240293156343700  0.49304766604746808  0.50379487463092565
  0.51453425828277755  0.52521479017233108  0.53548023750396623  0.54533219324131343
  0.55537789469276944  0.56563503204518617  0.57568248635889963  0.58560471669749936
  0.59547497100484648  0.60518737501694120  0.61476802323986535  0.62448972559515703
  0.63511394210049787  0.64630949291181539  0.65713877893179629  0.66815039700044387
  0.67952012523614669  0.69078564328100867  0.70148591506941282  0.71198761231263141
  0.72268015306812228  0.73362107012250410  0.74452710198827332  0.75557825653533417
  0.76728790712443939  0.77910710827345120  0.79061764808708468  0.80130398297158090
  0.81132559386767089  0.82080408415864914  0.82987132788382545  0.83907195895021403
  0.84874176557785108  0.85899576648569620  0.86856893031612448  0.87762747940622787
  0.88622991644765869  0.89560531565854562  0.90514387324356926  0.91504458820664036
  0.92458030598495233  0.93408903743024874  0.94388652808110152  0.95465812716470877
  0.96571253308224414  0.97626398891888999  0.98861118466972708  1.00000000000000000
 -0.00255246739625226  0.00982199328681773  0.02110171642271039  0.03257005098946726
  0.04413770176448131  0.05567850927690275  0.06683233457825646  0.07765318896236126
  0.08874670177293072  0.09985246402463949  0.11058932134144420  0.12031408273888713
  0.12933929774822467  0.13769058086451880  0.14728835986196892  0.15857284949763323
  0.16960242022789310  0.18023195948204754  0.19103456194717322  0.20205684226528886
  0.21224986268383439  0.22209279528273054  0.23177905522249639  0.24250861186156819
  0.25402028256740394  0.26532441024705522  0.27725182140567600  0.28843048282668043
  0.29897020463164548  0.30956546336537855  0.31998790980224001  0.32961204695473928
  0.33911208051997316  0.34966455733934187  0.36115088200123530  0.37293248274839946
  0.38427206563514077  0.39521855686203017  0.40582918930135797  0.41664662901991695
  0.42773898254305420  0.43922744113176343  0.45106844549902669  0.46285945256146066
  0.47486784802334331  0.48699835859422369  0.49864774464224260  0.50788574796703778
  0.51686408835893027  0.52680674857919829  0.53645437923922745  0.54501426898697025
  0.55366829745634916  0.56343725409936474  0.57303893762924951  0.58196799676774680
  0.59116447394848903  0.60119939259717547  0.61170008963856248  0.62187971333958714
  0.63159588067997052  0.64070291193593731  0.64956210166163530  0.65903065657404281
  0.66876264399044250  0.68006494275128981  0.69109304911227298  0.70137504603553535
  0.71096762430044869  0.72111483653399389  0.73084201997510867  0.74087955009451067
  0.75132749224877537  0.76227589248612215  0.77332397198496905  0.78403310857325936
  0.79463523005233427  0.80539172007140547  0.81660013023700262  0.82804589982637444
  0.83915392969707803  0.85005596185349341  0.86074785000042708  0.87148701181415644
  0.88238992093979829  0.89324936357364282  0.90409749416576801  0.91504005676223177
  0.92643886862694524  0.93708413231263132  0.94793187268775014  0.95920472849887994
  0.96990179125265097  0.98019595014149608  0.99069875974743360  1.00000000000000000
  0.18779817076962288  0.19685265270437016  0.20616299793573303  0.22264639218702145
  0.25309351407457409  0.29730461605101560  0.34695891253871164  0.39463032168479645
  0.43750801418572832  0.47169807309283268  0.50276553741623742  0.53522335317808567
  0.56430693742316362  0.58885802485416705  0.60680429966147165  0.62100744946387942
  0.63274877864764467  0.64232971682862194  0.64980887582033897  0.65580720715442287
  0.66070841377464196  0.66491616921862162  0.66841846153608442  0.67108241472652896
  0.67332122238963765  0.67542163347584838  0.67751172082704159  0.67941950033829401
  0.68108056635110703  0.68258490898681123  0.68396706383332473  0.68517919043770525
  0.68624157333895253  0.68718581392474609  0.68802983712114707  0.68885107460657913
  0.68962906853631167  0.69037556941440070  0.69112296914219151  0.69184154992082303
  0.69251291492198430  0.69310800749195300  0.69363046515093119  0.69413240471486282
  0.69465304221031698  0.69519123970478602  0.69572910975115909  0.69627539395113636
  0.69680782397451002  0.69732418222289272  0.69782343327076224  0.69830231324343006
  0.69877642763324899  0.69925264564943335  0.69973758217414350  0.70024069544996204
  0.70077092383711059  0.70130940332334957  0.70185175244059150  0.70239565392720216
  0.70294981896031983  0.70352391191468777  0.70411632493710108  0.70473693979852314
  0.70538043171555831  0.70605084592280587  0.70677389604639174  0.70756773832040198
  0.70842461812342017  0.70932764926433800  0.71028303016088590  0.71128827728057575
  0.71238415601556693  0.71357925790005883  0.71486263480872569  0.71625235479037486
  0.71775695950292140  0.71934934336897016  0.72088432548772285  0.72254750366440057
  0.72450926384738101  0.72682494720577762  0.72934599201489347  0.73222740845394574
  0.73551736044606464  0.73933021884499794  0.74346836999116517  0.74798287639676508
  0.75293552969142996  0.75909399489374030  0.76681436334500608  0.77714063093039876
  0.79086170624541285  0.81001914572605915  0.84927972825834508  1.00000000000000000
   2.1479364861956911E-009  -1.0000000000000000     
 F F F F F F F F F F F F F F F F F F F F F F F F F F F F F F F F F F F F F F F F F F F F F F F F F F F F F F F F F F F F F F F F
  <DiscreteSampler_grid>
  grouped_processes
  1 # 1 for a reference and 2 for a running grid.
  10 # Attribute 'min_bin_probing_points' of the grid.
  1 # Attribute 'grid_mode' of the grid. 1=='default',2=='initialization'
  0.0000000000000000 # Attribute 'small_contrib_threshold' of the grid.
  0.5000000000000000 # Attribute 'damping_power' of the grid.
 # binID   n_entries weight   weight_sqr   abs_weight
    19   10   4.023173793404125E+005   6.374132396321412E+011   4.023173793404125E+005
    22   10   4.023173793404125E+005   6.374132396321412E+011   4.023173793404125E+005
    25   10   4.023173793404125E+005   6.374132396321412E+011   4.023173793404125E+005
    28   10   4.023173793404125E+005   6.374132396321412E+011   4.023173793404125E+005
  </DiscreteSampler_grid>
