 -0.01237099567373880  0.09536744509177661  0.14909746296143278  0.19242227871988954
  0.22566401958047294  0.25670752801550878  0.28624029928541406  0.31424660051521064
  0.34025080589530882  0.36325423544248964  0.38603655356962568  0.40930550492451545
  0.43246442907541627  0.45460702999098351  0.47459268970966484  0.49177558070058941
  0.50837625921708962  0.52590714791376092  0.54160863054754560  0.55714615611373397
  0.57199366138850760  0.58686715435415715  0.60150276250028611  0.61461796586842266
  0.62723397174170126  0.64006707695442688  0.65303617763029553  0.66593925796027420
  0.67869254747493868  0.69064980969578693  0.70108061699287894  0.71056024917731664
  0.72024876362403800  0.73067056414290621  0.74150101524571310  0.75207928915058930
  0.76227439973210698  0.77212491693260488  0.78190728317361391  0.79126280795422776
  0.79993280243790243  0.80848049787611997  0.81674879726200911  0.82481628290557785
  0.83313740243499168  0.84120139911223457  0.84963028708098398  0.85757018299866661
  0.86483154428060272  0.87072940854276482  0.87625845489314313  0.88178558877764590
  0.88726315254456234  0.89313548118031894  0.89941310742620895  0.90563247064662844
  0.91176053414157210  0.91808944017290517  0.92435577677326375  0.93022603209586019
  0.93563991483984799  0.94063800132594244  0.94539476306055081  0.94970658746515602
  0.95280626021002723  0.95492079948094999  0.95701056471499135  0.95909123188942125
  0.96112197058654425  0.96301199412649641  0.96452431746323053  0.96602118477655030
  0.96803298457098652  0.97044214164560083  0.97229305882793582  0.97408983517210002
  0.97586138404446998  0.97760602775687722  0.97946021198406752  0.98147830865270824
  0.98303480103065666  0.98443330643656723  0.98582111302955089  0.98710726594979403
  0.98784378426751818  0.98859880216046192  0.98938058118521688  0.99028124580504562
  0.99128651499182985  0.99230874587889051  0.99318228622104499  0.99373402795661714
  0.99428937934380601  0.99464317970378868  0.99479241005070473  1.00000000000000000
  0.00000000003632522  0.00000000003944626  0.00000000004167727  0.00000000004355125
  0.00000000004540089  0.00000000004707345  0.00000000004884675  0.00000000005090472
  0.00000000005297903  0.00000000005500686  0.00000000005697802  0.00000000005891737
  0.00000000006081920  0.00000000006268263  0.00000000006502416  0.00000000006736344
  0.00000000006970470  0.00000000007227194  0.00000000007468132  0.00000000007707701
  0.00000000007943409  0.00000000008170344  0.00000000008435072  0.00000000008716002
  0.00000000009007833  0.00000000009305628  0.00000000009601459  0.00000000009890696
  0.00000000010181991  0.00000000010471572  0.00000000010749518  0.00000000011040761
  0.00000000011350977  0.00000000011667943  0.00000000011974782  0.00000000012290509
  0.00000000012635706  0.00000000013026855  0.00000000013473319  0.00000000013929525
  0.00000000014361423  0.00000000014787534  0.00000000015251905  0.00000000015760602
  0.00000000016249542  0.00000000016770958  0.00000000017215591  0.00000000017615548
  0.00000000017989250  0.00000000018547051  0.00000000019241805  0.00000000019954078
  0.00000000020769532  0.00000000021653312  0.00000000022580037  0.00000000023446302
  0.00000000024655920  0.00000000026109330  0.00000000027735072  0.00000000029664471
  0.00000000031742894  0.00000000033846895  0.00000000036481723  0.00000000039334473
  0.00000000042371480  0.00000000045632279  0.00000000049190599  0.00000000052848969
  0.00000000057082296  0.00000000062135889  0.00000000067705102  0.00000000073853947
  0.00000000080985281  0.00000000090458618  0.00000000100716676  0.00000000111883129
  0.00000000124361940  0.00000000141822364  0.00000000168549129  0.00000000199163902
  0.00000000235153478  0.00000000279845112  0.00000000350139885  0.00000000442883669
  0.00000000553004259  0.00000000802869596  0.00000001210799057  0.00000002053497478
  0.00000005142516563  0.00000019955289650  0.00000123199068489  0.00001064219389909
  0.00012849799375708  0.01852133198732381  0.61166203862195989  1.00000000000000000
 -0.00205306633993927  0.00842912907242272  0.01939149863991608  0.03035543668647903
  0.04142126621328534  0.05264882897388647  0.06278760736512182  0.07250695741664981
  0.08175106615384019  0.09137593463379907  0.10093895435079109  0.11091480779707634
  0.12087225832432438  0.13097213946893599  0.14142988283217123  0.15198372153153983
  0.16265687006259610  0.17292045076934900  0.18286038148545675  0.19288890807938852
  0.20327336706405205  0.21404448999212183  0.22452045664123438  0.23430763745162825
  0.24342183854959806  0.25270139825901722  0.26313803804366309  0.27394178776726935
  0.28473618466481826  0.29430630293864385  0.30385242713434396  0.31362471642778728
  0.32515914755354447  0.33786837098857797  0.35017752875423486  0.36184114729758005
  0.37247255806083768  0.38311327335884132  0.39424150763963789  0.40496592638680018
  0.41518339065878151  0.42453766897877659  0.43418230685793069  0.44536796754611951
  0.45561997334960425  0.46626530083837792  0.47671495577928841  0.48742356216862182
  0.49835527736904933  0.50825916461738940  0.51790729872952701  0.52780960374724573
  0.53884243280873956  0.55042148366350840  0.56192203615630332  0.57348900640419909
  0.58519228267343892  0.59630407473263281  0.60683366511712533  0.61716956913338672
  0.62777815590215658  0.63856033012949354  0.64887635849595549  0.65913166930459866
  0.66926423553397296  0.67958828157985507  0.69041354914640929  0.70096805787541372
  0.71256771347041126  0.72388050500371193  0.73566618235973635  0.74729114106268069
  0.75910685957408941  0.77075144422190911  0.78200517465743991  0.79390221636526914
  0.80643725510273612  0.81817629934268543  0.82965425805231463  0.84156001897449728
  0.85450195450639199  0.86627595027179571  0.87447152157675756  0.88226174439105243
  0.88948475099334767  0.89646980534477028  0.90418632792284037  0.91470039577720552
  0.92632745555366802  0.93698146431674478  0.94760452016255303  0.95856451895953387
  0.96884467164881372  0.97874919008863459  0.98891273176794903  1.00000000000000000
 -0.00266398971627963  0.00928520676266035  0.02101136152908048  0.03085658690125252
  0.04084615015097071  0.05071167506946271  0.06025738950617596  0.07143236919209203
  0.08287561202948660  0.09407860388734689  0.10500319959567556  0.11559466801603809
  0.12657192480951204  0.13791778399895993  0.14951303628517834  0.16056805060793186
  0.17135405445094357  0.18163601311806407  0.19198580439139434  0.20246926936391341
  0.21272244279963401  0.22263887495421616  0.23193918945254421  0.24079742250258443
  0.25076285813526000  0.26101312743811650  0.27259923950004855  0.28415784620523260
  0.29560898559811599  0.30640019310034683  0.31667969152429970  0.32714939762260703
  0.33730758099661479  0.34664168273685853  0.35600335758410917  0.36643043317692897
  0.37803566983163783  0.38948438174113864  0.39916263566076743  0.40751368900343321
  0.41613824511660269  0.42615504656439673  0.43761870846009832  0.44837341059230096
  0.45918214822972153  0.46960109116031312  0.48038199155081995  0.49053794420397689
  0.50110325491026420  0.51146819749805428  0.51924293864966808  0.52562195305950410
  0.53248853230739845  0.53941005570374001  0.54825342237413444  0.55905648864616475
  0.56986410547811150  0.57991880955621444  0.58981705471590562  0.60017473598823767
  0.61127553875539198  0.62218297039580406  0.63242080933654676  0.64250015178526954
  0.65315968533961077  0.66418945436378030  0.67523854839648412  0.68595851546889319
  0.69628010561982689  0.70662465154786847  0.71756541542526120  0.72750689212971464
  0.73760355003031253  0.74803247285776164  0.75843840993482858  0.76929053612231024
  0.78033243005267705  0.79132824796089418  0.80218950197221361  0.81328461605768354
  0.82475332064153994  0.83656627373584191  0.84861084279917121  0.86045832396720201
  0.87240578778642530  0.88363885402640052  0.89492256668901660  0.90633353528509297
  0.91775663094920501  0.92909302676088790  0.94047407265722416  0.95228547787172935
  0.96373591033334960  0.97544980955641980  0.98718248025675404  1.00000000000000000
 -0.00238981338919671  0.00857777888597485  0.01845537575536768  0.02831227955757133
  0.03908633389766532  0.05108453340374063  0.06256489308546333  0.07318089338243079
  0.08315217803307209  0.09204029464203270  0.10234985372747431  0.11172780727501651
  0.12235971032195291  0.13301064579031688  0.14320352260435720  0.15360326015090864
  0.16521765683268422  0.17619507986573846  0.18607612479297317  0.19569860618167512
  0.20582040719709480  0.21715229890928311  0.22823334127465680  0.23898810962035405
  0.24998381582668169  0.26125365743834839  0.27231046055249575  0.28332877619727259
  0.29466907198957110  0.30666969142741646  0.31857768663334296  0.32958947535463468
  0.33966977137861648  0.34960381886114394  0.35943122389925680  0.37004891149577052
  0.38122851128006430  0.39159666941808630  0.40190910122582107  0.41182283522338975
  0.42188476223855037  0.43300941647152019  0.44415902957538878  0.45529791389031848
  0.46648875135314000  0.47782928460992119  0.48921725468362492  0.50049524909999732
  0.51169328800838887  0.52287805058266557  0.53282936361791111  0.54136761170537240
  0.54926268278983448  0.55671707080549937  0.56357403774994674  0.57465355169468335
  0.58712666215409726  0.59856543458776601  0.60942041228816080  0.62013490897990853
  0.63088233522630155  0.64141902245353988  0.65145779727287756  0.66163538942772249
  0.67182653511262858  0.68282805495071230  0.69414025838821536  0.70564261702393849
  0.71695255579908079  0.72791450205956310  0.73940563057475051  0.75157603099496428
  0.76340951712579597  0.77463004066932473  0.78504477971420417  0.79431715298211747
  0.80343699165530380  0.81289691666617703  0.82267435395835853  0.83295573231928810
  0.84414362530693121  0.85544153382775134  0.86664386953899064  0.87738694098313952
  0.88771582850707442  0.89868522530507144  0.91012274469574783  0.92125439863210390
  0.93133596119231721  0.94084048279370758  0.95100967602028941  0.96103977645437078
  0.97129525952515650  0.98061057878211999  0.99062626337552140  1.00000000000000000
  0.18568680732976281  0.20518313451647957  0.22689649283742205  0.26061768846879901
  0.30683418367164161  0.35796208796307344  0.41249997228820395  0.45992449179586514
  0.49986566440942504  0.53108206720066875  0.55385287220252610  0.57321833472080808
  0.59259720646871494  0.60880163009122046  0.62534195595889763  0.63732492203681135
  0.64657967352680989  0.65303409926678535  0.65795862399720306  0.66191579739862338
  0.66525453128775447  0.66810900106844762  0.67092375417121497  0.67356768859960348
  0.67588513968969699  0.67786383863249000  0.67960643625559114  0.68111412371302615
  0.68245133450890583  0.68358792942854385  0.68467423479240297  0.68571089174803135
  0.68665421583313968  0.68755203092125750  0.68839173469889892  0.68917790466657503
  0.68993455638352896  0.69066241020899533  0.69134524749451554  0.69195162667577137
  0.69251983011345886  0.69307285469425561  0.69362720625747543  0.69418457894642860
  0.69472046828472522  0.69524273372139755  0.69574754133476846  0.69620743117372774
  0.69666494170457649  0.69711838459092279  0.69757119023341763  0.69803663089480339
  0.69851258581204401  0.69900618053082630  0.69950216444446545  0.69994895807232960
  0.70040364549363066  0.70086572903636180  0.70140443842516842  0.70200173308505265
  0.70261438333675352  0.70320219713173304  0.70374873521411241  0.70431747423129853
  0.70491579593668319  0.70558194931755458  0.70632266080118156  0.70710400475691293
  0.70793725270158903  0.70882388509754246  0.70977598383656604  0.71081356252949923
  0.71193091380636730  0.71312666693497506  0.71445413779808431  0.71591389813345963
  0.71736548162946567  0.71883003225014641  0.72041088144650756  0.72222989871016274
  0.72445591029304801  0.72698321155630208  0.72993204842659798  0.73346128710239678
  0.73750901114499190  0.74206592193426557  0.74688161830736322  0.75231873162268026
  0.75721770411917944  0.76254380802325594  0.76873183995987149  0.77761794645170923
  0.79281082364994593  0.81673336091471782  0.86895374448434426  1.00000000000000000
   2.4645615272457028E-009  -1.0000000000000000     
 F F F F F F F F F F F F F F F F F F F F F F F F F F F F F F F F F F F F F F F F F F F F F F F F F F F F F F F F F F F F F F F F
  <DiscreteSampler_grid>
  grouped_processes
  1 # 1 for a reference and 2 for a running grid.
  10 # Attribute 'min_bin_probing_points' of the grid.
  1 # Attribute 'grid_mode' of the grid. 1=='default',2=='initialization'
  0.0000000000000000 # Attribute 'small_contrib_threshold' of the grid.
  0.5000000000000000 # Attribute 'damping_power' of the grid.
 # binID   n_entries weight   weight_sqr   abs_weight
    19   10   7.465593647116662E+005   5.182579655749067E+012   7.465593647116662E+005
    22   10   7.465593647116662E+005   5.182579655749067E+012   7.465593647116662E+005
    25   10   7.465593647116662E+005   5.182579655749067E+012   7.465593647116662E+005
    28   10   7.465593647116662E+005   5.182579655749067E+012   7.465593647116662E+005
  </DiscreteSampler_grid>
