  0.00601895102768871  0.00683661714598357  0.00769619450475504  0.00889819920294816
  0.01032307930813189  0.01185868365736413  0.01369028980601881  0.01572803163748654
  0.01802663266642764  0.02090724168926165  0.02428254940623763  0.02818043029981058
  0.03271025376355937  0.03794706693560874  0.04394889224866686  0.05214184006502379
  0.06038897169882104  0.06980194019840839  0.08006427072004653  0.09114341305071173
  0.10302963287621075  0.11526126891157283  0.12756705356907538  0.13976802833864754
  0.15122752653094287  0.16243563832027882  0.17534701416977772  0.19175247020097089
  0.20958505785777876  0.22571883986561875  0.24001828366919647  0.25263822645657108
  0.26448981484425527  0.27449935425254612  0.28383925033625729  0.29313361570529600
  0.30359686649886375  0.31451125882363312  0.32614787866923262  0.33862667340300395
  0.35485371401681398  0.36928389431720499  0.38275470327222783  0.39524853891951683
  0.40782641980763534  0.42000368007610345  0.43168353115451014  0.44387069507802024
  0.45566706453732730  0.46622436597682049  0.47677476541921809  0.48922580410252514
  0.50264749000825870  0.51646392337929892  0.52894784313914944  0.54022508775997513
  0.55109010851708740  0.56119715610166532  0.57116266502762147  0.58190420026562284
  0.59459074519005795  0.60859092284012672  0.62157922439709634  0.63581270252406696
  0.64955391653103245  0.66169305767239872  0.67295084346721701  0.68404543727758660
  0.69477829876143993  0.70581567805369372  0.71716778221365529  0.72775490525696362
  0.73605932444406519  0.74303408339954258  0.75008708626148102  0.75705494595391598
  0.76385483366948315  0.77074361064142161  0.77749818148810668  0.78515745291363426
  0.79123834941576510  0.79798253488997695  0.80504062764204443  0.81207080745674076
  0.81981690407353880  0.82804397228553661  0.83688689613453626  0.84820617555820099
  0.85929414284486783  0.87037258861279609  0.88145726091286658  0.89152557187459536
  0.90923827260596790  0.92320704327998304  0.97258126986257987  1.00000000000000000
 -0.00328993130652122  0.01149864984807326  0.02407134508316316  0.03626987001039688
  0.04791329628851036  0.05881327978815864  0.06914440871361224  0.07925057958703031
  0.08999653652411954  0.10200446432393007  0.11452367383222391  0.12702302457761039
  0.13842568017849963  0.15013592347827867  0.16083600621866609  0.17170969571103759
  0.18212922569947970  0.19272554568608125  0.20370268423662855  0.21467307039668343
  0.22617304256136647  0.23705251389446377  0.24732662758393484  0.25706723216019289
  0.26686109068726788  0.27731709887583250  0.28940551593323821  0.30059407590978837
  0.31248595689713349  0.32356155779380702  0.33680845688945288  0.35015059268085352
  0.36294269813147240  0.37431316287572064  0.38586682410923673  0.39789903897378587
  0.41060756844158647  0.42334723477990238  0.43483193981033541  0.44494411280747481
  0.45461122279022459  0.46473477737443797  0.47515818153321304  0.48508217571742879
  0.49466983535818254  0.50528748682020408  0.51675482385980032  0.52775143259393509
  0.53782578928021385  0.54755051429576507  0.55723889713151309  0.56772175674920766
  0.57901267709315118  0.59032207038809215  0.60228202485845794  0.61401559143942963
  0.62480148528706936  0.63421168855148591  0.64340889048840844  0.65248370852889204
  0.66128036442176485  0.67008333179930102  0.67905331022663196  0.68848982413944149
  0.69864500491625248  0.70916002688635593  0.71994668468258460  0.72990777436587673
  0.73934702516415540  0.74916589889844998  0.76019721800363738  0.77177013162113217
  0.78039105099615746  0.78913424126248644  0.79773654798436988  0.80759285213492826
  0.81733582026146190  0.82820312409719177  0.83897283198509787  0.84952532882128606
  0.86024163984554669  0.86999424922282487  0.87933615139833710  0.88779172592788469
  0.89632609586525258  0.90513812990594233  0.91581834501576931  0.92661604948033605
  0.93556818590835522  0.94341544459114601  0.95178356848722434  0.96086024933515968
  0.97083912893818669  0.98081737618351705  0.99095519661871956  1.00000000000000000
 -0.00227872574464619  0.00908334861403718  0.01915316651759810  0.02815370369647639
  0.03657221917972036  0.04509497328881272  0.05374316781511828  0.06206947533756887
  0.07309924410755889  0.08429183191730925  0.09366200352136517  0.10242437023542958
  0.11058395878849550  0.11898488746975083  0.12849006709640096  0.13770060929888167
  0.14718581258421073  0.15736330180971281  0.16728898191102923  0.17756626869484271
  0.18845946104825043  0.20027659425621666  0.21218936835828606  0.22372181012805881
  0.23518487435776672  0.24662765391171934  0.25753189954763939  0.26808776023281683
  0.27896610954642193  0.29025058667505682  0.30213829651685209  0.31349067188601631
  0.32425811373726482  0.33517991162019806  0.34685425416586174  0.35903542297072483
  0.37104754160522652  0.38278413035286996  0.39388828946548449  0.40408690912905043
  0.41384469434526833  0.42347827236996394  0.43290187086447202  0.44206496204607770
  0.45144742942860738  0.46186240640232540  0.47301774172119737  0.48450016968499626
  0.49537515264299753  0.50754942861161789  0.52099989035185346  0.53525858775364643
  0.54758622063009044  0.55710825411240850  0.56633020102264309  0.57535877580695105
  0.58457607547902646  0.59289499900939957  0.60121567959641364  0.60995850553614173
  0.61797246068650091  0.62608962996346240  0.63313575865340344  0.64077899733458554
  0.65032395940995558  0.66293218096635509  0.67572142394765600  0.68737114871699956
  0.69811425872329835  0.70905960004998025  0.71990880003880187  0.73058012285275298
  0.74074911302701807  0.75074322980348018  0.76065172609082787  0.77051178926974329
  0.78025246377870872  0.79007646708558188  0.80075034013993762  0.81182446458236024
  0.82356433400392437  0.83530464021064244  0.84720017606068765  0.86093676035848365
  0.87523180810776680  0.88832984779351909  0.90049903798057862  0.91012112171225834
  0.92013605650614638  0.92930544602500731  0.93936794927984224  0.95048636896395133
  0.96230800230255209  0.97510458586613169  0.98742789566128997  1.00000000000000000
 -0.00371127783617318  0.02352382975929955  0.03759299355070036  0.04931781095388735
  0.05939488774027602  0.07058165040853881  0.08126270390687262  0.09200921588477570
  0.10171826520716966  0.11070692844580714  0.11934153384792431  0.12647881637972563
  0.13216021255309976  0.13768175661050397  0.14299495277286514  0.14819719571532300
  0.15358904387326916  0.15948404746232384  0.16541268095373443  0.17073403231787351
  0.17603858682409568  0.18165557585057715  0.18735650887138020  0.19290118145598295
  0.19798938194421903  0.20289598789612570  0.20777791979358054  0.21337563641715163
  0.21969367654862645  0.22642324280868500  0.23349109415496513  0.24021245907645294
  0.24658602360596091  0.25331802673112885  0.26091849487497437  0.26892214819693361
  0.27634700538882473  0.28342116910033177  0.29026880166853042  0.29657123608079405
  0.30237981631028871  0.30802964131931021  0.31366584737350084  0.31967815335273270
  0.32618427103212272  0.33316299560135365  0.33995467661754192  0.34576887069512940
  0.35140337561709872  0.35665878512082344  0.36185779827644193  0.36711163452216211
  0.37175407985742198  0.37675310815326801  0.38218068750487061  0.38791655573795036
  0.39433892568002821  0.40092518761600882  0.40765069882633198  0.41468902324374890
  0.42147759804224566  0.42784714558271636  0.43410141402127456  0.44042333835739467
  0.44699961006396816  0.45400484817076470  0.46156435403046220  0.46965351131813782
  0.47733865168870804  0.48439519423846161  0.49246678899033980  0.50056601179875715
  0.50940335301023931  0.51920406789422180  0.52825767269085411  0.53720285157559433
  0.54629540838453916  0.55511529882312372  0.56443965509156013  0.57495195028029400
  0.58724983390184016  0.60044920130009682  0.61250405269313446  0.62389954657427016
  0.63552074594931696  0.64776667556261569  0.66063667759326938  0.67502860593208247
  0.69399155326944850  0.71454130566105634  0.73402376279253412  0.75536686098051786
  0.78074180997510223  0.81654269645580413  0.87148422718699270  1.00000000000000000
 -0.00212350807009837  0.00827779259205575  0.01771705566635418  0.02814914791848417
  0.03775378319125533  0.04656296617977960  0.05554177225825876  0.06553205412123823
  0.07818525315210730  0.08992706621154856  0.10102972354807027  0.11198742609262742
  0.12263287452710164  0.13266597177076397  0.14199033198327324  0.15093240736299154
  0.16069900402273871  0.17159630234216056  0.18343174073369523  0.19418336535564862
  0.20538038745873854  0.21726215430945389  0.23016428296137298  0.24375125139548715
  0.25605185843920258  0.26696001949074355  0.27761938701917427  0.28863363104081718
  0.29917892399146589  0.31052341974588449  0.32334392889133207  0.33612100196492295
  0.34562167641432368  0.35457375512987499  0.36319131252371045  0.37212976957327687
  0.38049194810344122  0.38886057352491388  0.39767830650931957  0.40785414022800176
  0.41748060312440938  0.42669772581473275  0.43606763901496487  0.44605585072297832
  0.45610027291006677  0.46594916814296133  0.47614059728186187  0.48590812452149634
  0.49494153534999363  0.50311948862569478  0.51133951509973696  0.51966593459920529
  0.52912064237000100  0.53971674721442930  0.55061860958536624  0.56106766446535827
  0.57074932831218816  0.58090301067764294  0.59175025823370564  0.60362542287080034
  0.61505271225830682  0.62642680555150820  0.63633380704986975  0.64527995371830171
  0.65496602406916737  0.66548326641719302  0.67593635966000631  0.68620594407901547
  0.69767198383499307  0.71003505657137522  0.72191209021416003  0.73264963182013809
  0.74271031547681687  0.75338448893838572  0.76490473877452825  0.77660083567672467
  0.78763737953603674  0.79795484253903215  0.80837430908107211  0.81821591126037685
  0.82955529562950081  0.84105540821432434  0.85181444690823704  0.86239492118894678
  0.87366614368141449  0.88659390113876224  0.90132514842007161  0.91653476938158862
  0.92949987999413308  0.94008201890922338  0.94979718347689268  0.95957749111351065
  0.96964370616466811  0.97968126034654324  0.98945060815800523  1.00000000000000000
  0.02701681651269675  0.02810455626490091  0.03052344447631133  0.03337158877550207
  0.03635531365866650  0.03963571678615732  0.04342835457835318  0.04786658432135334
  0.05283911903799430  0.05799809625784996  0.06332496309234721  0.06920015906972649
  0.07571350713829113  0.08361193104917324  0.09272142276457512  0.10210808284494019
  0.11267325318756546  0.12451280257733841  0.13564023592817259  0.14819337688349934
  0.16303292992341534  0.17977421824959489  0.19850004945148278  0.21800848545236526
  0.23798751471370405  0.26158124030968855  0.29121264487178061  0.31970423119251129
  0.34855287538112806  0.37395649892337601  0.40050165330692822  0.42989900000271736
  0.46447569847716841  0.50670058517724093  0.55109834203296371  0.58719050036735088
  0.61968860460922703  0.64801632880803717  0.67682606652902488  0.70632709217514011
  0.73393797277104678  0.76080301315876819  0.78605165054689696  0.80440604189758536
  0.82130150727740292  0.84003245787946090  0.85574206233243477  0.86779619371251582
  0.87722072979363230  0.88472137292503816  0.89198982896858670  0.89852902250564648
  0.90484899652464845  0.91072113105553376  0.91581515446535366  0.92005900322492573
  0.92384401962899620  0.92750815499822692  0.93085904499252914  0.93402547115041323
  0.93694861223543036  0.93952836387185112  0.94171804869021536  0.94374539084934739
  0.94550666330468436  0.94717465397369283  0.94882851670913759  0.95049501147414484
  0.95217029690894728  0.95381467512031204  0.95543860340317255  0.95683441933615010
  0.95805674134542074  0.95923683869413490  0.96014896366767266  0.96105520959124568
  0.96194644579877686  0.96281421962483216  0.96365313080925297  0.96443655485142687
  0.96519214854168167  0.96592047909055190  0.96661520331144934  0.96731570597742278
  0.96798850760562183  0.96862992293790151  0.96925027862349256  0.96985725518064425
  0.97045524865935362  0.97107088075442660  0.97166904064626125  0.97225103890524567
  0.97281151227347051  0.97324486053376436  0.97356101742655110  1.00000000000000000
   1.2949021915294150E-013  -1.0000000000000000     
 F F F F F F F F F F F F F F F F F F F F F F F F F F F F F F F F F F F F F F F F F F F F F F F F F F F F F F F F F F F F F F F F
  <DiscreteSampler_grid>
  grouped_processes
  1 # 1 for a reference and 2 for a running grid.
  10 # Attribute 'min_bin_probing_points' of the grid.
  1 # Attribute 'grid_mode' of the grid. 1=='default',2=='initialization'
  0.0000000000000000 # Attribute 'small_contrib_threshold' of the grid.
  0.5000000000000000 # Attribute 'damping_power' of the grid.
 # binID   n_entries weight   weight_sqr   abs_weight
    19   10   1.388697258654689E-002   1.362936533913062E-003   1.388697258654689E-002
    22   10   1.388697258654689E-002   1.362936533913062E-003   1.388697258654689E-002
    25   10   1.388697258654689E-002   1.362936533913062E-003   1.388697258654689E-002
    28   10   1.388697258654689E-002   1.362936533913062E-003   1.388697258654689E-002
  </DiscreteSampler_grid>
