 -0.01438155367723047  0.10836182989305945  0.16420974728210139  0.20412119749020244
  0.23996794230119614  0.27227027958119404  0.29741522945235399  0.32670423749575722
  0.35503333301020412  0.37958196458698262  0.40414322056543578  0.42544848260643042
  0.44446147162767657  0.46307005039990451  0.48286147999214324  0.50214635888833381
  0.51965465731146343  0.53663851415552055  0.55502581626787095  0.57218758647725210
  0.58861830776177515  0.60650708936662001  0.62558705258546998  0.64289042005943620
  0.65858792049277337  0.67329306798124755  0.68756413448117704  0.70085095626359939
  0.71348808392029683  0.72584828429112302  0.73829819837593469  0.75076423257850655
  0.76041952003832780  0.76730082887539353  0.77348483457523032  0.78083542959659058
  0.78974072676799112  0.79924317027718061  0.80501377696999321  0.81084396576412543
  0.81663622673704106  0.82149041770052567  0.82886548414417671  0.83787382812478062
  0.84618049949789587  0.85293398763461470  0.85892965333113835  0.86476592557129384
  0.87092573103934856  0.87655842864317657  0.88074154435146279  0.88446000086618459
  0.88849638771924166  0.89298969211453716  0.89759705059570172  0.90124899040692907
  0.90496425151166737  0.90863172679311766  0.91220107155811592  0.91550707418904864
  0.91893255089037618  0.92257353976149192  0.92599267696187293  0.92957806161173373
  0.93346802534784468  0.93738004567200317  0.94061333090368671  0.94355260456205459
  0.94665279966915117  0.94977684377256399  0.95281005419131282  0.95579618103301323
  0.95859996455089680  0.96096809994082788  0.96325563919848178  0.96550249415806422
  0.96796574413522807  0.97074598734063722  0.97275007314450634  0.97336912227636774
  0.97398817140822913  0.97460722054009052  0.97522742053941980  0.97585077472045589
  0.97647412890149188  0.97709748308252797  0.97773191298274265  0.97838890882962914
  0.97904590467651575  0.97970290052340225  0.98109707314797490  0.98382071094088719
  0.98712955478082776  0.99108096406925406  0.99563418029674144  1.00000000000000000
  0.00000000000736552  0.00000000000798896  0.00000000000853240  0.00000000000916581
  0.00000000000987347  0.00000000001062745  0.00000000001152843  0.00000000001230928
  0.00000000001299927  0.00000000001343514  0.00000000001386440  0.00000000001436590
  0.00000000001487440  0.00000000001536571  0.00000000001585082  0.00000000001637407
  0.00000000001700978  0.00000000001766421  0.00000000001827358  0.00000000001883178
  0.00000000001937050  0.00000000001996839  0.00000000002062863  0.00000000002134316
  0.00000000002210447  0.00000000002296023  0.00000000002393498  0.00000000002502777
  0.00000000002627851  0.00000000002742186  0.00000000002862561  0.00000000002992916
  0.00000000003115572  0.00000000003234525  0.00000000003348612  0.00000000003476214
  0.00000000003622628  0.00000000003745836  0.00000000003888663  0.00000000004048621
  0.00000000004228807  0.00000000004431442  0.00000000004655971  0.00000000004935211
  0.00000000005249828  0.00000000005583500  0.00000000005931327  0.00000000006351381
  0.00000000006750223  0.00000000007161888  0.00000000007620520  0.00000000008167562
  0.00000000008719293  0.00000000009259726  0.00000000009821916  0.00000000010339915
  0.00000000010804731  0.00000000011265289  0.00000000011776718  0.00000000012408655
  0.00000000013126777  0.00000000013935914  0.00000000014617378  0.00000000015385638
  0.00000000016260204  0.00000000017152489  0.00000000018109113  0.00000000019044448
  0.00000000020387731  0.00000000021852147  0.00000000023470011  0.00000000025314196
  0.00000000027329277  0.00000000029520399  0.00000000031795164  0.00000000034225481
  0.00000000037096007  0.00000000040898995  0.00000000044612552  0.00000000049165243
  0.00000000057158966  0.00000000066224189  0.00000000077131673  0.00000000090976133
  0.00000000111143978  0.00000000137974486  0.00000000183337984  0.00000000260462445
  0.00000000402642547  0.00000000710502147  0.00000001435787238  0.00000004152835245
  0.00000096594879167  0.00006718646264736  0.12697978603926302  1.00000000000000000
 -0.00334011645378149  0.01042771555275438  0.01995122688207244  0.02828692865766499
  0.03643518925439414  0.04386601231352129  0.05236459802743698  0.06199986001056612
  0.07156610296273713  0.08135168252655130  0.09176941994881416  0.10266680608590957
  0.11376400390064174  0.12515894035332051  0.13660446614668359  0.14787735257869394
  0.15840283518415824  0.16867800521625947  0.17883396094734647  0.18839934513653417
  0.19887422818710526  0.21066309848898646  0.22299070768300996  0.23540886810165873
  0.24742635368138435  0.25908858366260279  0.27042278622876237  0.28149543614869338
  0.29276872370115359  0.30404406978687404  0.31406856429464897  0.32131224552747245
  0.32805003603057309  0.33515358874526219  0.34362407400652689  0.35393869128047406
  0.36403683605299275  0.37436206771204750  0.38560074249369297  0.39748877362516521
  0.40764346139276614  0.41688725172298646  0.42610681510613546  0.43609746782039549
  0.44627716885875890  0.45720590335087508  0.46804395202458560  0.47897179722392469
  0.48978482739955875  0.50006788125105428  0.51028125441628180  0.52130325678532685
  0.53284302887854529  0.54323139635132356  0.55314702882770694  0.56319191743942087
  0.57330723702796327  0.58285451236753327  0.59074902995395528  0.59843895636713129
  0.60642011297079668  0.61533741340593395  0.62623815351587220  0.63862534153287587
  0.65097567221823205  0.66267610930562115  0.67381138469069812  0.68443698564590139
  0.69514694344456796  0.70675788990274169  0.71859113338734104  0.72994122985034582
  0.74062383304657953  0.75129516229118765  0.76226644189551807  0.77406377154422967
  0.78627545572937052  0.79805673544374545  0.80977822377115682  0.82128309499007834
  0.83190430469485777  0.84161204493538422  0.85078837841773858  0.86049685801692066
  0.87108922127855071  0.88260223410806260  0.89397934316572880  0.90533307815126618
  0.91698461736207648  0.92873342890522237  0.94094982036819452  0.95326236049193669
  0.96503608142359754  0.97638515820170635  0.98780059241171425  1.00000000000000000
 -0.00233456121100470  0.00957675033795177  0.02180017587783677  0.03344196305980814
  0.04220960023851068  0.05039778120975713  0.05950288355835028  0.06977449651775082
  0.08136912016521436  0.09299254102733832  0.10500615576972205  0.11563923958752240
  0.12603642809785404  0.13648936499531755  0.14677315566523672  0.15684646848742859
  0.16695733013648023  0.17739613764981543  0.18840553487560247  0.19900085039561666
  0.20907565193601485  0.21881871571297770  0.22905549764490954  0.23992208205895127
  0.25153768799719539  0.26346348765052879  0.27552803856969382  0.28765780030838634
  0.29996428619177856  0.31174965198298898  0.32327649212078796  0.33537999956025616
  0.34831953733511184  0.36112277201116993  0.37330535666075387  0.38475090939501450
  0.39572084136138336  0.40648553987809460  0.41715115481329246  0.42788132872630497
  0.43907631378780410  0.44978053982189337  0.45941514146941120  0.46932716299156740
  0.47859686167200388  0.48811834404937332  0.49824215995937787  0.50910149638377378
  0.52053829816611752  0.53072740112970029  0.54083661493662061  0.55146229806382230
  0.56254780977772845  0.57326897292177736  0.58332599324746159  0.59336334759013221
  0.60415745334591608  0.61610418231049568  0.62796090851152775  0.63897329817832038
  0.65009643395795802  0.66211349662662999  0.67442993217400848  0.68639233116530585
  0.69739260226593502  0.70903024319386565  0.71733298370931731  0.72506881992233674
  0.73314381634221171  0.74054438094136876  0.74839641095186593  0.75793241499762654
  0.76763759712465252  0.77814497906391422  0.78884724745042267  0.80013981442508719
  0.81220230380273484  0.82450412084580682  0.83638703555445104  0.84802031167323644
  0.85956087679905557  0.86990081929482832  0.87852731547703755  0.88739610748328468
  0.89652622025292839  0.90631761579971071  0.91836050504425426  0.92848014129764211
  0.93626943249885919  0.94352952047775707  0.95086913136485796  0.96023711820339719
  0.97016065014522135  0.98054291359468104  0.99093873608220739  1.00000000000000000
 -0.00234348732413427  0.00843971017974379  0.01884192663086020  0.03008414454766127
  0.04081474421662525  0.05158226838667566  0.06103703566800808  0.07075088669604666
  0.08061324152006619  0.09098753873817605  0.10205027935877894  0.11220699163254776
  0.12185002769993671  0.13124614442682236  0.14089782399893208  0.15158111696869661
  0.16348570827274037  0.17475790383839337  0.18403057532783518  0.19233986956526017
  0.20063260759423029  0.21022440029255623  0.22140277108035880  0.23291031338888460
  0.24322249783994943  0.25366587974992116  0.26451000578282802  0.27709149324276233
  0.28967886609617161  0.30132362572457044  0.31331691702455672  0.32560932203341780
  0.33690005050933974  0.34770197376947015  0.35904447088441710  0.36962798278063719
  0.37981494778090197  0.39009480511848127  0.40180088768509864  0.41293049866161957
  0.42368469415062354  0.43455333031377136  0.44572322560866828  0.45711596151107170
  0.46872301589175130  0.48081321724128012  0.49329740859435567  0.50517811062128803
  0.51629075059365703  0.52774348996158271  0.53885453367930303  0.54985365854274149
  0.56137641081202394  0.57318842306134399  0.58561440287989786  0.59774410660285104
  0.60913407088828209  0.61940092669191504  0.62772419611209040  0.63599883979079586
  0.64418508948695830  0.65222970815828141  0.66307256866056241  0.67366048048891680
  0.68420233976520584  0.69514093354850270  0.70621448895258243  0.71816693358844541
  0.72944632034941059  0.73972343483695380  0.74826723947456941  0.75543248436378596
  0.76309742772148603  0.77107878920399509  0.78003628129951075  0.79173442394820792
  0.80240667147371791  0.81126332264536860  0.82014303603683636  0.83043581813936984
  0.84214385264917613  0.85436139130285360  0.86643376125487936  0.87813921362555603
  0.88975486663382286  0.90157646987483364  0.91363612401904148  0.92502185303969309
  0.93510688887115467  0.94446582711609794  0.95364588753029944  0.96355693265983877
  0.97350194345253127  0.98319441955890674  0.99168665037548609  1.00000000000000000
  0.18390776233500009  0.21424950147313734  0.23887209659533268  0.27403099455171981
  0.31657569063728619  0.35517435084430776  0.39686185583464262  0.43939794422246276
  0.48100319661071761  0.51492651221671493  0.54441204361341411  0.56952200395642627
  0.59104641602423247  0.60758137629850806  0.61973066776716068  0.63021882910307980
  0.63952221491142247  0.64739796076226808  0.65346874034631319  0.65865556533550884
  0.66338021790386126  0.66746127444856940  0.67071376417719997  0.67342272864040142
  0.67575201312612454  0.67784726367326442  0.67967887726015941  0.68124898581195104
  0.68257613326694333  0.68376987563415259  0.68491267301582526  0.68603087112900640
  0.68706429179828121  0.68799726674954353  0.68876686819400301  0.68949046812366133
  0.69020612040205720  0.69094170229637930  0.69164588402789395  0.69229175198888659
  0.69290324056569008  0.69349067021532518  0.69401917529389345  0.69451432590399920
  0.69497988022879975  0.69544606609401316  0.69595200791803780  0.69645427868841747
  0.69694990094445453  0.69744936073654817  0.69794535079406106  0.69846333976661479
  0.69899614926198439  0.69954547472770423  0.70012942651810051  0.70075374477702101
  0.70139982308585613  0.70203163921336253  0.70265747618351715  0.70330094806374654
  0.70396020556641714  0.70462656394396816  0.70531575778310074  0.70606392661763562
  0.70672062589371676  0.70725626196644376  0.70783161487594315  0.70848304867864276
  0.70920237896502425  0.70984167341067339  0.71055280078209759  0.71126754767838896
  0.71211373664040301  0.71336016605519825  0.71466991304162464  0.71601082851535469
  0.71742004161023765  0.71893654068803348  0.72037752208190597  0.72182987988460734
  0.72338136773724637  0.72531245593794313  0.72740863992322913  0.72995748283409057
  0.73310403350287423  0.73678966222139208  0.74124855671605661  0.74642034047707229
  0.75264288589990236  0.76062238733916221  0.76958955839472454  0.77779338437351253
  0.78982077783315241  0.80758238989673103  0.83406051264771985  1.00000000000000000
   2.8424186790324031E-009  -1.0000000000000000     
 F F F F F F F F F F F F F F F F F F F F F F F F F F F F F F F F F F F F F F F F F F F F F F F F F F F F F F F F F F F F F F F F
  <DiscreteSampler_grid>
  grouped_processes
  1 # 1 for a reference and 2 for a running grid.
  10 # Attribute 'min_bin_probing_points' of the grid.
  1 # Attribute 'grid_mode' of the grid. 1=='default',2=='initialization'
  0.0000000000000000 # Attribute 'small_contrib_threshold' of the grid.
  0.5000000000000000 # Attribute 'damping_power' of the grid.
 # binID   n_entries weight   weight_sqr   abs_weight
    19   10   9.473702942147644E+005   4.644633099352584E+012   9.473702942147644E+005
    22   10   9.473702942147644E+005   4.644633099352584E+012   9.473702942147644E+005
    25   10   9.473702942147644E+005   4.644633099352584E+012   9.473702942147644E+005
    28   10   9.473702942147644E+005   4.644633099352584E+012   9.473702942147644E+005
  </DiscreteSampler_grid>
