 -0.01095202355073128  0.08986092883287307  0.14393522527685856  0.18938606926388743
  0.22721882792490664  0.25930498592328877  0.28872071759480100  0.31424668324847199
  0.33709369680906714  0.36161064558781564  0.38354904785862548  0.40300827822398311
  0.41962885107319781  0.43759684087949191  0.45821218944258557  0.47636695076197144
  0.49445848369643092  0.51298450668662832  0.53109171921202958  0.54831983674015106
  0.56368485432167903  0.57596281973403884  0.58638935538190573  0.59769168819563256
  0.61033957209387657  0.62439060306831451  0.63782503173058180  0.65091790849881481
  0.66263044741443211  0.67376895455381591  0.68497395953128382  0.69703525770281161
  0.70839740605806500  0.71944270075842642  0.73017168245469466  0.74093808825063601
  0.75039106466985306  0.75733552497427059  0.76422562481186262  0.77090294679777682
  0.77691262185813725  0.78503699729874499  0.79284204325116725  0.80128760236419827
  0.80973909413695067  0.81772492405816799  0.82531333875960888  0.83202608841990655
  0.83878125000468640  0.84566468591882382  0.85273150933301889  0.86021291869695338
  0.86721280257005862  0.87373887378685067  0.87974184044934045  0.88546982451866418
  0.89114500790732865  0.89658186460623013  0.90169757565383990  0.90647883384315331
  0.91107384953605663  0.91486142600352038  0.91872195031053250  0.92248949183061002
  0.92600258783609846  0.93052736222547761  0.93502407634203011  0.93952810581589330
  0.94402362238522519  0.94823535355882294  0.95134642511481471  0.95385467220899678
  0.95610674851294120  0.95797236657591556  0.95972520737416467  0.96156104874739590
  0.96349295742749252  0.96544731358733382  0.96744391399864216  0.96948454572183762
  0.97186149562879343  0.97455055419685255  0.97689869629751869  0.97844833259167963
  0.97964511975893775  0.98063816664330561  0.98144798082261397  0.98252977012534648
  0.98377310879005031  0.98514166592288654  0.98705481323667821  0.98877383927131257
  0.99072854178870440  0.99291409997001423  0.99520510272234319  1.00000000000000000
  0.00000000000339612  0.00000000000528466  0.00000000000718296  0.00000000000921555
  0.00000000001124814  0.00000000001378013  0.00000000001657371  0.00000000001939901
  0.00000000002231333  0.00000000002522765  0.00000000002909176  0.00000000003310394
  0.00000000003736778  0.00000000004162042  0.00000000004563322  0.00000000004970853
  0.00000000005395465  0.00000000005839052  0.00000000006295653  0.00000000006761611
  0.00000000007226861  0.00000000007689632  0.00000000008192960  0.00000000008707598
  0.00000000009200729  0.00000000009700131  0.00000000010183092  0.00000000010644682
  0.00000000011128193  0.00000000011608938  0.00000000012180998  0.00000000012918312
  0.00000000013668588  0.00000000014534957  0.00000000015418185  0.00000000016275245
  0.00000000017084702  0.00000000017914710  0.00000000018766442  0.00000000019651125
  0.00000000020686674  0.00000000021789577  0.00000000023007615  0.00000000024395510
  0.00000000025791495  0.00000000027088610  0.00000000028431255  0.00000000029844800
  0.00000000031547388  0.00000000033594103  0.00000000036085255  0.00000000038905994
  0.00000000041533289  0.00000000044039675  0.00000000047258159  0.00000000050762068
  0.00000000054729090  0.00000000058675108  0.00000000062035143  0.00000000065609225
  0.00000000070005005  0.00000000075238951  0.00000000081251647  0.00000000087281955
  0.00000000092722370  0.00000000098966709  0.00000000109233451  0.00000000122897007
  0.00000000136003714  0.00000000146691131  0.00000000159835855  0.00000000180191668
  0.00000000201073920  0.00000000226441450  0.00000000259548593  0.00000000301661215
  0.00000000353465193  0.00000000417336543  0.00000000503625012  0.00000000618778249
  0.00000000767945893  0.00000000959613509  0.00000001275634070  0.00000001756431204
  0.00000002753482832  0.00000004955908758  0.00000010455742147  0.00000024197873319
  0.00000063251373169  0.00000193762016679  0.00000659233484713  0.00002615407062572
  0.00012575919002350  0.00107177044634021  0.05367713166916666  1.00000000000000000
 -0.00268856387875599  0.01049669187183897  0.02299736467440253  0.03396332273732020
  0.04376263810663850  0.05350151150795456  0.06293795393637636  0.07320499346857204
  0.08296307168679207  0.09306002978834708  0.10325295688946069  0.11435945727609058
  0.12564709924464562  0.13575760403083620  0.14560967322796400  0.15612942901129248
  0.16736049827134880  0.17899847431412566  0.18997012026103122  0.20007426182606869
  0.21026674090697556  0.22049446260450520  0.23084698826017827  0.24113422669924758
  0.25091663681715698  0.26018021650971490  0.27015250068760771  0.28097590035694647
  0.29082388243215668  0.29828698182491586  0.30546113475050196  0.31251347768718168
  0.32074050143877830  0.33156211258880935  0.34281887729269117  0.35401489700382910
  0.36428770888453482  0.37305134160587078  0.38133197695946131  0.38971055107712943
  0.39851229845177716  0.41056032478149562  0.42255181420553445  0.43518807037819779
  0.44811738392829747  0.46132343179916779  0.47434801246323360  0.48660550170354433
  0.49697549600168162  0.50696498248996302  0.51676210654748700  0.52703517178483172
  0.53682623271780372  0.54664611525504292  0.55703436163155284  0.56808954599818073
  0.57947934460099881  0.59020045797115950  0.60039146896690743  0.61025669310919972
  0.62041775238384211  0.63074696344933723  0.64148974275443948  0.65295390395621322
  0.66523932480077586  0.67741932317513309  0.68926547654648374  0.70070483648506099
  0.71199882764847389  0.72216599839251994  0.73269549148749868  0.74413814748765161
  0.75600831942042368  0.76826960726184523  0.77979633741776322  0.79105217985570853
  0.80191368859190659  0.81310358491774593  0.82421703477314023  0.83445633621301896
  0.84390849011297642  0.85313839751632747  0.86359521284894825  0.87398382440454359
  0.88421115451570864  0.89456335223456829  0.90496071348790885  0.91559214640389353
  0.92668866268931338  0.93704790008239092  0.94713487396089580  0.95783243655545758
  0.96888319211176521  0.97988214544228036  0.99003178737880881  1.00000000000000000
 -0.00143655436039288  0.00691333578319349  0.01609454560487154  0.02523523268316621
  0.03629064381014876  0.04721891140034489  0.05898341544397941  0.07120767965016143
  0.08218080675197520  0.09294815490350197  0.10421068151716639  0.11552379430570353
  0.12626122920793303  0.13620377812552326  0.14492089959690690  0.15330007661591738
  0.16222049531793495  0.17267823347924033  0.18440121610214863  0.19609876273402768
  0.20745105417129989  0.21865379684645006  0.23006615050149878  0.24068814115768819
  0.25091558643813949  0.26182489708945322  0.27374804029456384  0.28589533110402976
  0.29694524676409251  0.30702044885489632  0.31519934362782071  0.32323051129386804
  0.33141777753182988  0.33992478327502706  0.35025964470748727  0.36207550036071828
  0.37318499792487958  0.38358223328181162  0.39363854796730818  0.40393217700031531
  0.41418396684988701  0.42330818724161551  0.43062278090504874  0.43750307477449513
  0.44520979501331753  0.45432813018084639  0.46581066504729696  0.47728071636296648
  0.48812094762506547  0.49852687058102657  0.50910364348004444  0.51988604740964661
  0.53021181075854751  0.54071566654430825  0.55154331069638918  0.56287536864636334
  0.57465020896225116  0.58633726734917546  0.59726370296528586  0.60733501405600943
  0.61731385833358388  0.62759251261950832  0.63795057463177640  0.64883724854834868
  0.66009335131078806  0.67189866802029430  0.68389688271184268  0.69546051624617833
  0.70696308243194173  0.71909961148928925  0.73093974601456480  0.74190214200632165
  0.75228763700548051  0.76155544170825784  0.77034476406835461  0.77909066617601197
  0.78838362563811870  0.79869746489543680  0.80933212931125786  0.81983797093441380
  0.83120932070333475  0.84288224560938807  0.85474744497502908  0.86627252608348881
  0.87853658621473962  0.89136969076460859  0.90403850634039540  0.91600746160742408
  0.92700177422639030  0.93708519831048542  0.94711013240176833  0.95753091939543011
  0.96921975464657661  0.98031945626852257  0.99047474727775819  1.00000000000000000
 -0.00228897006544250  0.00948907109276872  0.01877749696368674  0.02894767966903132
  0.04073670175563359  0.05403658840191342  0.06682212910622851  0.07764395917595429
  0.08811610164849989  0.09784902075668613  0.10897983380453814  0.12115119715370824
  0.13364654894732889  0.14577992426865824  0.15768290870812340  0.16926435757971661
  0.18154461245608200  0.19400470379883084  0.20557259511842008  0.21637644907325917
  0.22641716114490057  0.23584291712872066  0.24489130223734096  0.25471105430972918
  0.26591318800424635  0.27749470613483102  0.28840413125426417  0.29849284023725586
  0.30834522843083334  0.31929024847359411  0.33045372769008102  0.34158901561392241
  0.35305177192689613  0.36530277991465104  0.37715934825776287  0.38880446777174499
  0.39954603916752773  0.40904043826688341  0.41849087014663688  0.42819578910684447
  0.43918196223228495  0.45108642900397977  0.46206578517038466  0.47256740778462752
  0.48324536672613932  0.49267880435141465  0.50244367448638660  0.51267537280260400
  0.52394758202789471  0.53423721739501751  0.54219530131117599  0.54900507876406479
  0.55617898124123888  0.56378424633358282  0.57131633418689565  0.58082706420393360
  0.59167846824300141  0.60354644769122245  0.61632326832037643  0.62800761944227990
  0.63709533927789452  0.64566400147214331  0.65433994509350035  0.66311374089327124
  0.67329497091746215  0.68367527769589276  0.69354632255213899  0.70353252548653045
  0.71393955355926797  0.72444150649446404  0.73484435720629537  0.74571538540215698
  0.75644116388308091  0.76652251924974524  0.77673562998191981  0.78704971213444008
  0.79930365095930322  0.81149348201165727  0.82332927405067224  0.83450557301864503
  0.84591417088229737  0.85677259096285940  0.86839638286253829  0.88021031141777906
  0.89254273282302254  0.90363358999608401  0.91394478243992983  0.92297957048757684
  0.93171869307722099  0.94061564200706105  0.95101757211096150  0.96155344435094137
  0.97115405530672072  0.98015142141449796  0.98949851554590396  1.00000000000000000
  0.18352692592602837  0.21019747354447313  0.23383788124381699  0.26464797298556925
  0.30565449917946785  0.34821784899924196  0.38845900640564390  0.42795688123128367
  0.47064883976745153  0.51056500655809878  0.54181369892680431  0.56369745689183748
  0.57553231672142635  0.58582710032016327  0.59636042729928129  0.60760695615189486
  0.62028459787985069  0.63107882519852365  0.63935246064546236  0.64614539629075185
  0.65256129852847200  0.65839756603153743  0.66315202789453032  0.66704023182714178
  0.67041734123867813  0.67337851944274496  0.67591928320277861  0.67790045220876993
  0.67950555833343917  0.68105731464348096  0.68248018608767513  0.68371621467269483
  0.68488330385196583  0.68596658204492500  0.68698419783451925  0.68795403604135685
  0.68877266595149811  0.68951422150115704  0.69017845941144185  0.69076244889476335
  0.69139173215844729  0.69201773675322464  0.69264620698113699  0.69322167357192377
  0.69372805304096574  0.69417243105743487  0.69462819639356344  0.69511952161661594
  0.69566195868248193  0.69618201945471359  0.69669662184196168  0.69721063706774877
  0.69776330833714661  0.69831609633799951  0.69879922971858044  0.69924160954849890
  0.69966922092959749  0.70012908027908005  0.70066266789005960  0.70123789836631312
  0.70180794314893347  0.70237942262325903  0.70298371343606281  0.70359837223407384
  0.70428306441908872  0.70499030653783101  0.70576278062131637  0.70648706600377664
  0.70712981064702729  0.70778005210020511  0.70843182849690423  0.70916166167748129
  0.71009937898034525  0.71124204161043347  0.71243104114916866  0.71374727444436048
  0.71516726302601075  0.71677291812749055  0.71860086955300317  0.72055463784528073
  0.72257439819609026  0.72468828873814006  0.72688163278817453  0.72936208201123554
  0.73225886579769839  0.73585707960878843  0.74044135582695847  0.74564945177049369
  0.75132463475280742  0.75736580497809780  0.76440365469127125  0.77353094566109015
  0.78655413994786283  0.80473728002824485  0.84019642266810246  1.00000000000000000
   2.7673329968409674E-009  -1.0000000000000000     
 F F F F F F F F F F F F F F F F F F F F F F F F F F F F F F F F F F F F F F F F F F F F F F F F F F F F F F F F F F F F F F F F
  <DiscreteSampler_grid>
  grouped_processes
  1 # 1 for a reference and 2 for a running grid.
  10 # Attribute 'min_bin_probing_points' of the grid.
  1 # Attribute 'grid_mode' of the grid. 1=='default',2=='initialization'
  0.0000000000000000 # Attribute 'small_contrib_threshold' of the grid.
  0.5000000000000000 # Attribute 'damping_power' of the grid.
 # binID   n_entries weight   weight_sqr   abs_weight
    19   10   2.086175039219784E+006   3.551248463603698E+013   2.086175039219784E+006
    22   10   2.086175039219784E+006   3.551248463603698E+013   2.086175039219784E+006
    25   10   2.086175039219784E+006   3.551248463603698E+013   2.086175039219784E+006
    28   10   2.086175039219784E+006   3.551248463603698E+013   2.086175039219784E+006
  </DiscreteSampler_grid>
