 -0.01394198007194925  0.10455448805636713  0.16041110626613134  0.20220883084311275
  0.23772457749358064  0.27069052044285663  0.30013703732614400  0.32781857203156378
  0.34879878409041237  0.36664773862007966  0.38674969850250951  0.41053444769542430
  0.43108739181183225  0.44806656550136664  0.46740416771068027  0.48806771340237326
  0.50826912794388923  0.52741023288353128  0.54495707804662075  0.55609154310028619
  0.56629279050798753  0.57688665449599308  0.58917994691417064  0.60284338085001088
  0.61627357887114464  0.62876965330329027  0.64139443263103202  0.65346537946591643
  0.66493132482482953  0.67621478843010185  0.68739006419958137  0.69801833431433269
  0.70828414009216822  0.71819487630395185  0.72779097089539924  0.73833962897674532
  0.74853163379047682  0.75845996552919459  0.76793278639549767  0.77695424784182687
  0.78623802393780362  0.79529321839230471  0.80442826613570639  0.81198859066630946
  0.81736880047262539  0.82217543616822264  0.82732325160348530  0.83248525412417484
  0.83793353767727796  0.84408154151664394  0.85071858644694920  0.85705825866194507
  0.86282613662687480  0.86852158572247218  0.87402791253169354  0.87961627399442244
  0.88503447782061107  0.89034476836041632  0.89544001710549415  0.89942232720727699
  0.90207873379464887  0.90485024154979654  0.90758315839580994  0.91020171282180573
  0.91346786347908671  0.91777124276858357  0.92227889447208256  0.92647497177627691
  0.93041595344083727  0.93386073838675920  0.93684058836086781  0.93975446668434870
  0.94260554852112177  0.94565667144203236  0.94860431311609494  0.95131499433750422
  0.95397936215365930  0.95639536057084718  0.95856766760459478  0.96104322388314356
  0.96358215546094284  0.96605308709687754  0.96839457935710460  0.97065704859741075
  0.97278511713388116  0.97491383681151322  0.97725754076970373  0.97956667845746337
  0.98192260260614994  0.98444288300565952  0.98680547404525709  0.98920282731755471
  0.99190176127421037  0.99378852826017994  0.99513769250070849  1.00000000000000000
  0.00000000001370493  0.00000000001579340  0.00000000001737240  0.00000000001863836
  0.00000000001992469  0.00000000002133507  0.00000000002281839  0.00000000002440451
  0.00000000002602194  0.00000000002765375  0.00000000002932525  0.00000000003101630
  0.00000000003308502  0.00000000003519495  0.00000000003741777  0.00000000003941526
  0.00000000004127509  0.00000000004317152  0.00000000004507972  0.00000000004703473
  0.00000000004922415  0.00000000005207784  0.00000000005498625  0.00000000005797732
  0.00000000006118807  0.00000000006418759  0.00000000006735831  0.00000000007088511
  0.00000000007427468  0.00000000007771326  0.00000000008128369  0.00000000008487302
  0.00000000008855007  0.00000000009239916  0.00000000009650212  0.00000000010088356
  0.00000000010621958  0.00000000011192318  0.00000000011758411  0.00000000012237287
  0.00000000012684472  0.00000000013154081  0.00000000013642313  0.00000000014122056
  0.00000000014603956  0.00000000015149256  0.00000000015684284  0.00000000016096460
  0.00000000016514661  0.00000000017117534  0.00000000017837036  0.00000000018498772
  0.00000000019216058  0.00000000019978850  0.00000000020433332  0.00000000020924407
  0.00000000021437989  0.00000000022273861  0.00000000023318980  0.00000000025094520
  0.00000000027164736  0.00000000029206420  0.00000000031569205  0.00000000033889217
  0.00000000036200511  0.00000000038707516  0.00000000040938711  0.00000000043083810
  0.00000000045344008  0.00000000047653761  0.00000000050155810  0.00000000054274127
  0.00000000059759846  0.00000000065872128  0.00000000071884257  0.00000000078600658
  0.00000000086354404  0.00000000097404147  0.00000000111650855  0.00000000128207662
  0.00000000146956105  0.00000000169722116  0.00000000210622988  0.00000000270244486
  0.00000000356098128  0.00000000489469840  0.00000000676270002  0.00000001034088237
  0.00000001903171307  0.00000005054179592  0.00000020212259140  0.00000140761832877
  0.00001695392537258  0.00037986134850045  0.15665175710522200  1.00000000000000000
 -0.00139607111859266  0.00646892740746931  0.01532394858047284  0.02353364650221853
  0.03289205723199966  0.04301029129030328  0.05311473809022449  0.06401213124668298
  0.07526524940172540  0.08625946007602217  0.09688902799052888  0.10813650982815969
  0.11972627793191196  0.13187630904704256  0.14382070248486176  0.15540011749253482
  0.16646763037059456  0.17391615420098522  0.18102047313479377  0.18733077257504277
  0.19402490888696888  0.20245516474059963  0.21283327031242782  0.22320888627304941
  0.23392322049490299  0.24550428955119086  0.25760966323411955  0.26984723670092414
  0.28175990714493959  0.29355302992899596  0.30563461951405346  0.31799417480303305
  0.33024996181428445  0.34212468052172612  0.35416243807451414  0.36661780676800571
  0.37821712534678464  0.38704827035465900  0.39513821364349344  0.40342440509771310
  0.41108736022896430  0.42119773382751807  0.43189847889815208  0.44253747847731290
  0.45335371389846441  0.46468846952022708  0.47596445651013275  0.48653198932303826
  0.49642251232158657  0.50612085264759177  0.51567611037290573  0.52485234243805878
  0.53377387124679954  0.54339603523152735  0.55380037592205311  0.56510339690856781
  0.57673298030805187  0.58675958611261825  0.59654902790292397  0.60698207970735829
  0.61765259512896031  0.62757815259232841  0.63734225558289737  0.64726480884019055
  0.65804773499745828  0.67023525959309183  0.68281146042378826  0.69492565728555677
  0.70656681523393650  0.71823968500667668  0.73039488464548297  0.74264259483878714
  0.75418766150382044  0.76486784884483283  0.77489730503719800  0.78293836820290219
  0.79085990923355154  0.79916797353131153  0.80816209080789014  0.81855265307638536
  0.82951036280858292  0.84028697513941519  0.85108706116992472  0.86204673051936309
  0.87314190432661298  0.88432990202709427  0.89614176522396982  0.90866888040188376
  0.92074989126189000  0.93255413901396333  0.94377991146699980  0.95503379714836456
  0.96614015341659798  0.97685352694757621  0.98813261217489845  1.00000000000000000
 -0.00206444894030205  0.00792726189964116  0.01907952901819405  0.03072946625986087
  0.04296607795497196  0.05432662536655339  0.06551994537942592  0.07570415131699457
  0.08519448334800117  0.09491358176223748  0.10476120492790719  0.11549844029932685
  0.12698658901332538  0.13784798036661111  0.14672651487244495  0.15530248000004104
  0.16414330571280747  0.17370729613924568  0.18452612762968065  0.19566711124474948
  0.20641410002770369  0.21757784713152095  0.22888639505826683  0.24083105741222255
  0.25134915956782666  0.25995189075442104  0.26770756467261386  0.27663943553654119
  0.28439074376042528  0.29173806957060477  0.30013256014375062  0.30992590550009563
  0.32109290568028315  0.33305208586970325  0.34500704869379983  0.35708466820696755
  0.36912487779488246  0.38095057455220632  0.39257656859745832  0.40437218326813595
  0.41683423240197015  0.42958216657480142  0.44129362596875160  0.45125138920262209
  0.46006565789664794  0.46709575367980943  0.47412567291457602  0.48269034810462164
  0.49166885360695206  0.50282661446574939  0.51429457598916817  0.52591601475900696
  0.53696093692186420  0.54808046003057587  0.55922019711281201  0.57025403608137004
  0.58141789531298416  0.59306969373526874  0.60531268744316713  0.61764406609849876
  0.62943960594669823  0.64096646782266586  0.65241446305969952  0.66388402814532743
  0.67499933378887211  0.68555997593242557  0.69527518569920532  0.70442661288766339
  0.71316022671981427  0.72158879608171478  0.73065442405477665  0.74081945617227274
  0.75146238239030361  0.76198871455303296  0.77220758594854133  0.78215752750510714
  0.79270353623598577  0.80382223546847686  0.81480784995617628  0.82526337515273707
  0.83500648733722904  0.84449627978186059  0.85451614951002597  0.86552377858773588
  0.87726104287714934  0.88914840083232161  0.90092133956037301  0.91159270514492963
  0.92161312678707563  0.93124100431816392  0.94088352501490413  0.95172999463464181
  0.96338523337409077  0.97510906643565909  0.98744270899092723  1.00000000000000000
 -0.00239944881971811  0.00944634654528964  0.01926428222446354  0.02974179938288605
  0.04064727542399725  0.05208242397478329  0.06102443834286141  0.07077319759703457
  0.08086010873389929  0.09157799452884646  0.10220281495802655  0.11234570750929788
  0.12180923122067322  0.13098798015781110  0.13972566976279979  0.14842987657834622
  0.15796852265700126  0.16904891703732949  0.17971511403834259  0.19101106549621188
  0.20198103414807791  0.21380980161268689  0.22543496793815920  0.23688129041060010
  0.24769930529884598  0.25934090859848230  0.27115986817945881  0.28215754142132504
  0.29309809865583275  0.30350466964038059  0.31352334028780177  0.32353095686493399
  0.33382723217489613  0.34524005505043798  0.35654027813184158  0.36771316975953244
  0.37854003517619755  0.38920395938023311  0.40015019355420500  0.41253009954603936
  0.42495616311242629  0.43760143966668236  0.44913187425163664  0.46065952454075576
  0.47136205975292755  0.48248215727651278  0.49407241492352300  0.50560687475201571
  0.51711614845128562  0.52749128348571839  0.53717318368184441  0.54573158221146179
  0.55347802368467136  0.56194233548222594  0.57019331533606865  0.57797393713609080
  0.58820898720948267  0.60058413442071756  0.61222306946560534  0.62393153514926747
  0.63522313519364837  0.64596656691418086  0.65669383729673325  0.66747636385190545
  0.67908168766072197  0.69119422956593335  0.70198445802301779  0.71206027520801418
  0.72137561769895986  0.72997042182935323  0.74055827826829423  0.75180119748070207
  0.76269663993849712  0.77360832289661285  0.78489720084935544  0.79538034954708769
  0.80564399575170320  0.81590829899826389  0.82627158872256956  0.83636587174515797
  0.84647141035803208  0.85739950335662940  0.86862432453247362  0.87954897997405879
  0.88898582828586870  0.89954271196704205  0.90946953918804740  0.91848945543275284
  0.92837086838583194  0.93839586695497179  0.94881059975651860  0.95950608064491216
  0.97037814456352245  0.98025177510012895  0.98982060860871235  1.00000000000000000
  0.18578167828527709  0.20299379824866173  0.22185529316518912  0.25255706169759695
  0.29247128304655684  0.33663789715167886  0.38653468896705911  0.43396138232037834
  0.47757737341932766  0.51826388491555209  0.55267881972353150  0.57585540659394363
  0.59144348374350164  0.60371733913717707  0.61366829810427459  0.62557610987806733
  0.63693066368000661  0.64616628493043238  0.65311747122078168  0.65874598852060373
  0.66339529361396454  0.66721067907911780  0.67021801071792586  0.67284139418107691
  0.67507250827039689  0.67698677634290205  0.67874314811181569  0.68030893693017025
  0.68180355457905872  0.68316326905834146  0.68439313850661021  0.68543568677920974
  0.68644413560083040  0.68740221773658672  0.68827236734766739  0.68907626739244787
  0.68981141567221194  0.69051604850607418  0.69111429164904259  0.69158003768038478
  0.69201735744965631  0.69244126703868758  0.69290315610786501  0.69344863263517897
  0.69400677808747202  0.69454954201091978  0.69507628341586547  0.69558464681023435
  0.69611137224906372  0.69667097992880411  0.69723657219568391  0.69774318745470565
  0.69816370184138687  0.69854344290259096  0.69889649098898232  0.69926645703262269
  0.69971369263980965  0.70025377565024471  0.70085193425438119  0.70146721968418213
  0.70208721877352709  0.70270272302259318  0.70330970507880797  0.70392242167799868
  0.70456481150034467  0.70527040157917320  0.70603781418379008  0.70686245502698408
  0.70771878625705009  0.70862954890940966  0.70958173236375977  0.71049440282452714
  0.71132114749170094  0.71218104790408743  0.71314041408922235  0.71417477665276974
  0.71551304397105808  0.71698445561945878  0.71863169835265850  0.72041418907212218
  0.72229025594061136  0.72412526239397113  0.72591110143563475  0.72792095648388921
  0.73040816363789529  0.73364746111010504  0.73737832896662736  0.74172959878612832
  0.74666064476371397  0.75275112784458575  0.76003838173833249  0.76899370775548381
  0.78117112269534350  0.79950972502438711  0.83707776301724146  1.00000000000000000
   2.5159659855938579E-009  -1.0000000000000000     
 F F F F F F F F F F F F F F F F F F F F F F F F F F F F F F F F F F F F F F F F F F F F F F F F F F F F F F F F F F F F F F F F
  <DiscreteSampler_grid>
  grouped_processes
  1 # 1 for a reference and 2 for a running grid.
  10 # Attribute 'min_bin_probing_points' of the grid.
  1 # Attribute 'grid_mode' of the grid. 1=='default',2=='initialization'
  0.0000000000000000 # Attribute 'small_contrib_threshold' of the grid.
  0.5000000000000000 # Attribute 'damping_power' of the grid.
 # binID   n_entries weight   weight_sqr   abs_weight
    19   10   3.183195081582557E+005   4.415847802981257E+011   3.183195081582557E+005
    22   10   3.183195081582557E+005   4.415847802981257E+011   3.183195081582557E+005
    25   10   3.183195081582557E+005   4.415847802981257E+011   3.183195081582557E+005
    28   10   3.183195081582557E+005   4.415847802981257E+011   3.183195081582557E+005
  </DiscreteSampler_grid>
