 -0.01553255585423886  0.10680573216304973  0.16523979814609099  0.21222692542319532
  0.25068652889017179  0.28131224811648231  0.30712080611136516  0.33246075018052468
  0.35821733765066988  0.38214943412553287  0.40454832268022112  0.42744157899042923
  0.45017077388799209  0.47195925072610473  0.49234902096105870  0.51200444796711875
  0.53090660008793200  0.54906584538982284  0.56539446278035843  0.58066051703632116
  0.59540028708680481  0.61111189186560921  0.62742865834220374  0.64293004519164298
  0.65745275483605337  0.67139980237692798  0.68456449743956205  0.69688386795691670
  0.70953427692941851  0.72162477504207101  0.73261230218522377  0.74348561209165021
  0.75210942556805227  0.76313681388577059  0.77410667735133287  0.78447830269469787
  0.79491875828365577  0.80480128269903706  0.81359513351597135  0.82160970488116225
  0.82918088733023210  0.83698419824371695  0.84452393488727062  0.85072204730246292
  0.85675788237618999  0.86270034013907648  0.86782801637804363  0.87288641476443984
  0.87819114865762871  0.88344893066606101  0.88962276008554420  0.89666785282340389
  0.90345001689034499  0.90971552796094490  0.91485518580059710  0.91913872376313821
  0.92283052197306481  0.92596761233444391  0.92877721331150376  0.93153669396110861
  0.93461990701926556  0.93730745507485003  0.93911099970068956  0.94130973061014023
  0.94351926810356679  0.94571002714157670  0.94787979310895243  0.94997372204360664
  0.95230046765057297  0.95513252204104548  0.95779299651202421  0.96034818047509507
  0.96267876362374427  0.96466754321913273  0.96643327907465970  0.96825186827866072
  0.96982507398890205  0.97118069301638976  0.97263327562512158  0.97386806079068022
  0.97477103425925227  0.97550839324229732  0.97625039428055327  0.97712879744703773
  0.97807128509004793  0.97900334136985523  0.97993082289507327  0.98093179683099252
  0.98186204633649321  0.98270932613901651  0.98400481779314442  0.98611437453767259
  0.98885570329531536  0.99214241210533183  0.99524869391645543  1.00000000000000000
  0.00000000002500692  0.00000000002775435  0.00000000002986172  0.00000000003184783
  0.00000000003373921  0.00000000003575933  0.00000000003779769  0.00000000003972519
  0.00000000004154896  0.00000000004329108  0.00000000004495853  0.00000000004680944
  0.00000000004864933  0.00000000005043464  0.00000000005235939  0.00000000005433598
  0.00000000005635870  0.00000000005858194  0.00000000006041797  0.00000000006222575
  0.00000000006402732  0.00000000006576368  0.00000000006772086  0.00000000006943288
  0.00000000007111070  0.00000000007295580  0.00000000007512368  0.00000000007764596
  0.00000000008065286  0.00000000008358505  0.00000000008704351  0.00000000009058938
  0.00000000009433862  0.00000000009816534  0.00000000010176308  0.00000000010555809
  0.00000000010946800  0.00000000011387794  0.00000000011858605  0.00000000012295611
  0.00000000012714266  0.00000000013150066  0.00000000013602221  0.00000000014155185
  0.00000000014823877  0.00000000015535984  0.00000000016254494  0.00000000016940689
  0.00000000017746456  0.00000000018585324  0.00000000019482156  0.00000000020259812
  0.00000000021075143  0.00000000021977276  0.00000000022982188  0.00000000024446777
  0.00000000026088217  0.00000000027728566  0.00000000029371230  0.00000000031220405
  0.00000000033369123  0.00000000035702496  0.00000000038366713  0.00000000040977365
  0.00000000043848638  0.00000000046844904  0.00000000050639244  0.00000000055218127
  0.00000000060251077  0.00000000065846920  0.00000000071862057  0.00000000077837328
  0.00000000084013283  0.00000000091591145  0.00000000101730275  0.00000000114500449
  0.00000000129579857  0.00000000150781454  0.00000000180162572  0.00000000219497243
  0.00000000270362243  0.00000000339651628  0.00000000424910290  0.00000000528625170
  0.00000000656525531  0.00000000834691939  0.00000001150476369  0.00000002121705079
  0.00000004690438089  0.00000015463214032  0.00000109563770386  0.00000942917836254
  0.00011241196874760  0.01403578545467336  0.60736639721907315  1.00000000000000000
 -0.00184803583506066  0.00795986649059659  0.01805494946991993  0.02833369038691381
  0.03902981003977229  0.04954824965244675  0.06049750536920359  0.07156172231820121
  0.08320668200566968  0.09502113846859248  0.10667375401706158  0.11732111481450253
  0.12736562506889071  0.13789298401991545  0.14912006568110078  0.16077509225961067
  0.17208111616010510  0.18288054506512894  0.19363624612501118  0.20422924897277633
  0.21476920679897879  0.22579858914305409  0.23697071849212273  0.24827621180945592
  0.25963840207313860  0.27024779826046846  0.28040392205759956  0.29099672527812465
  0.30155842413333950  0.31143619686980095  0.32075891389914246  0.32910960522500798
  0.33784806331423461  0.34760302411490090  0.35896979849342148  0.37038169994611853
  0.38190170823235797  0.39380861732571076  0.40610385222631823  0.41797054955819724
  0.42937706747306464  0.44039570520250315  0.45196016713759429  0.46329866491061922
  0.47387325846765199  0.48421113042148312  0.49522111084354015  0.50614958710810587
  0.51665673756573893  0.52765364930648118  0.53945800505714714  0.55045145101349102
  0.56150438793579771  0.57321514663134887  0.58569768560763247  0.59838671438774282
  0.61039920296431083  0.62249319040436302  0.63413912893371860  0.64438381187906058
  0.65375607864100005  0.66273194355723597  0.67314683944327725  0.68454702453615790
  0.69566526266651230  0.70637278064297115  0.71685528045452340  0.72751832466131128
  0.73846836590696241  0.74898057006722063  0.75861743783983782  0.76794601048389544
  0.77782069274540000  0.78751123771068776  0.79770553599349547  0.80827943842501215
  0.81940016747450661  0.83088898655111165  0.84259995313373293  0.85306665122429104
  0.86375948691520710  0.87320045906725885  0.88141305185625829  0.88926993096433338
  0.89687066952143968  0.90471831384929136  0.91351977073261581  0.92294118766954125
  0.93273341373560026  0.94381035153703319  0.95498804891017453  0.96306589523268182
  0.97095321965313452  0.97900507157869532  0.98725127024525106  1.00000000000000000
 -0.00253679920491392  0.00972554128829170  0.02116411968736616  0.03366383422754150
  0.04526464743757096  0.05610377668204366  0.06606779916881660  0.07641620794023067
  0.08639051702840909  0.09702744991981620  0.10709007712089913  0.11648172015677194
  0.12518037808182886  0.13438818425713861  0.14463679014625497  0.15573196659698413
  0.16705906730196748  0.17828495545675485  0.18959845222606747  0.19873375925976455
  0.20623216218685128  0.21352633477490285  0.22186261533122417  0.23150379765435969
  0.24167085454592968  0.25167897318974430  0.26186564566392073  0.27238399550878467
  0.28282397085150690  0.29319946162785010  0.30348352621106217  0.31344187091068026
  0.32410174197283831  0.33377384396271825  0.34306569926068059  0.35185201927344761
  0.36112882140707436  0.37030175174991675  0.37931323695949509  0.38829661213172911
  0.39763830685719848  0.40741583887996530  0.41808933774647195  0.42828638103305083
  0.43873827043039176  0.44849409295335019  0.45920265543994887  0.47008686296913182
  0.48183396067583378  0.49395897495125446  0.50595372776762704  0.51785852857101489
  0.52944700927286781  0.54076047707289121  0.55186038260435943  0.56281066388632606
  0.57367994098523178  0.58452819519118837  0.59587766974377232  0.60773918151803696
  0.61863347042528005  0.62830214761895475  0.63737547814055617  0.64609368284705082
  0.65619590898411273  0.66788333658870602  0.67935628798927039  0.69029121292877937
  0.70042110489661868  0.71067645975400551  0.72182987406575927  0.73264161779344994
  0.74416486557773609  0.75583666249898340  0.76796570833697786  0.78049181078689600
  0.79252807698051575  0.80402074293601300  0.81540718097280818  0.82613885410964538
  0.83693796837094958  0.84781915403792463  0.85877751155380855  0.87101105580011995
  0.88318062836955313  0.89458975005237107  0.90503788865598500  0.91509184653461861
  0.92599004334588242  0.93785198827887839  0.94933886269875489  0.96012185444130749
  0.97024298506411533  0.97962578589365434  0.98951315781838134  1.00000000000000000
 -0.00310126185501433  0.01203524159889542  0.01996243467666553  0.03011876516192748
  0.03980946992030282  0.04837029823453822  0.05719403164456399  0.06647882693002652
  0.07628528450369122  0.08693085582288269  0.09752707790355376  0.10777472237750597
  0.11748747847334105  0.12702215809784201  0.13631530470595593  0.14623043933458532
  0.15670756945816214  0.16807767465197579  0.17812123193698845  0.18788898543424043
  0.19792303799247946  0.20847483293644098  0.21937398850793971  0.23073825450405142
  0.24209505887814592  0.25418949382489853  0.26553813710503404  0.27674852454649418
  0.28767470656155308  0.29887480779764491  0.31052043844418770  0.32168717259384738
  0.33072066364835373  0.33961488245909743  0.34933985309209414  0.36058338959031511
  0.37250617831986010  0.38459695924517540  0.39548541627939582  0.40546078900858940
  0.41497883741192609  0.42430551566568137  0.43430825646425819  0.44475367814208677
  0.45603372923620494  0.46764978358813142  0.47854108463749767  0.48916720508817035
  0.49935388021609017  0.50900506446176597  0.51854918255424709  0.52743298859204013
  0.53727462075592858  0.54692599844959100  0.55670531697215175  0.56695873117663431
  0.57725936106649289  0.58776270659390606  0.59803986668103493  0.60775100733733001
  0.61567196199425933  0.62386426460501265  0.63234685332304130  0.64087615039252144
  0.65152708928707526  0.66295757076910888  0.67489242314838549  0.68834626664549503
  0.70177309178463820  0.71482092275934861  0.72714711337176119  0.73857376214665527
  0.74929018597856600  0.75846522162503482  0.76749919363320274  0.77702664833654456
  0.78696761859631426  0.79803070086514971  0.80978495388653182  0.82129651987958430
  0.83287115061716843  0.84456702548656037  0.85658704764595206  0.86768457660287523
  0.87870032391668118  0.88899077680818883  0.89863190351550948  0.90940222770946588
  0.92042964930401860  0.93240869092434719  0.94421926031308590  0.95608218172822401
  0.96731034326814191  0.97812872817668572  0.98861421605936850  1.00000000000000000
  0.18772532946637868  0.19226573991698126  0.19745670620580752  0.20513251287583628
  0.22377693962087750  0.25876505048370496  0.30974471703366430  0.36699053568837703
  0.42525070877960180  0.47537255605903594  0.51278119268967315  0.54512634114511349
  0.57354498392025921  0.59678613891434229  0.61443677007549335  0.62730792426880588
  0.63681068326071411  0.64476054349996836  0.65097874784641774  0.65636773726993003
  0.66111336746436589  0.66519882182674317  0.66853530509680059  0.67139175791947525
  0.67397620027260330  0.67631033324049561  0.67835374106138924  0.68023082431416670
  0.68194919249337071  0.68346430467841846  0.68469049712258001  0.68577824166686197
  0.68679173615197331  0.68771359010889754  0.68852822989970708  0.68925068848839433
  0.68995978041415518  0.69069603031707616  0.69141146834412848  0.69208718872882480
  0.69272531195719789  0.69331898485681454  0.69389665509884302  0.69446298027847952
  0.69504663080610751  0.69561239900514071  0.69616648257871272  0.69670548039137603
  0.69724132344809731  0.69776735139003965  0.69827373752529331  0.69875537480565442
  0.69923734875852661  0.69975262344788958  0.70031901348645098  0.70089136438751698
  0.70147903546651880  0.70206578385303842  0.70265325958743174  0.70326207017163778
  0.70386142616472758  0.70444888216254309  0.70504339337705235  0.70568496151985027
  0.70636577749928475  0.70709973766202994  0.70794390655703177  0.70887819998222079
  0.70985033720198731  0.71085585680300034  0.71193071039736933  0.71295450265161087
  0.71402744478864999  0.71526374296423723  0.71649877915158788  0.71782128156935154
  0.71930825000899035  0.72093867869560546  0.72300639570548941  0.72545912999485596
  0.72806188239328928  0.73077098857548928  0.73308634335094625  0.73567317590318260
  0.73853976192043935  0.74118025013864763  0.74467341923279307  0.74936987455083592
  0.75537053009901645  0.76276517898088225  0.77051701207945489  0.77966654091967358
  0.79006564601991869  0.80762593774206803  0.83552476512034735  1.00000000000000000
   2.5551377914122680E-009  -1.0000000000000000     
 F F F F F F F F F F F F F F F F F F F F F F F F F F F F F F F F F F F F F F F F F F F F F F F F F F F F F F F F F F F F F F F F
  <DiscreteSampler_grid>
  grouped_processes
  1 # 1 for a reference and 2 for a running grid.
  10 # Attribute 'min_bin_probing_points' of the grid.
  1 # Attribute 'grid_mode' of the grid. 1=='default',2=='initialization'
  0.0000000000000000 # Attribute 'small_contrib_threshold' of the grid.
  0.5000000000000000 # Attribute 'damping_power' of the grid.
 # binID   n_entries weight   weight_sqr   abs_weight
    19   10   5.174290638471352E+006   1.831089447981119E+014   5.174290638471352E+006
    22   10   5.174290638471352E+006   1.831089447981119E+014   5.174290638471352E+006
    25   10   5.174290638471352E+006   1.831089447981119E+014   5.174290638471352E+006
    28   10   5.174290638471352E+006   1.831089447981119E+014   5.174290638471352E+006
  </DiscreteSampler_grid>
