 -0.01278951561018454  0.10027714126702444  0.15695147810119717  0.20229376698279825
  0.24273879927365510  0.27582684364179544  0.30299108466495167  0.32785247345465562
  0.35202199670089340  0.37162927266538331  0.39096580853420759  0.40900417913323978
  0.42727621356927015  0.44625329408726228  0.46493736844095002  0.48339462560022306
  0.50169013629015669  0.51958342556865189  0.53709693135688530  0.55266125714530845
  0.56705273119198352  0.58153938760159241  0.59571521742692224  0.60956049697060954
  0.62337734178328175  0.63682809465502699  0.64941425190439206  0.66143332134923161
  0.67326618802729277  0.68495547467468076  0.69627331893384348  0.70741961785987562
  0.71894761735146928  0.73043511000110772  0.74115240186072118  0.75053123899400331
  0.75810614211535710  0.76560953923253017  0.77328161183864219  0.78207677139192322
  0.79143120509184184  0.80030156914523531  0.80854341651391270  0.81578712739860726
  0.82259447440682432  0.82916504662673562  0.83611406658719112  0.84230064995447473
  0.84808384694695982  0.85372840538148265  0.85955460114802873  0.86539519989341729
  0.87078582089521717  0.87598852258445692  0.88133162799404452  0.88683932901417362
  0.89215177828098302  0.89699570020858188  0.90140281568213954  0.90554224026996488
  0.90952993612448951  0.91353228707240575  0.91745536717807319  0.92115947062311987
  0.92465039165437768  0.92798240891742012  0.93134971891352103  0.93483788300514048
  0.93884744581531032  0.94248126263515097  0.94588746894290521  0.94855290360512623
  0.95090178168754247  0.95318194754480823  0.95550444582548977  0.95815260752519749
  0.96074847111461303  0.96312434096634070  0.96544004940406625  0.96771680792429104
  0.96998754422982170  0.97233909553470155  0.97427347971757705  0.97625924362393046
  0.97823379310156378  0.98015567977774209  0.98184330286501365  0.98353501976603985
  0.98528551120818875  0.98691873973020217  0.98845160784587260  0.99020814917636490
  0.99223765370861450  0.99381103892997624  0.99520644703622674  1.00000000000000000
  0.00000000008035611  0.00000000008597630  0.00000000009004046  0.00000000009340534
  0.00000000009641476  0.00000000009885924  0.00000000010131414  0.00000000010369444
  0.00000000010592049  0.00000000010824974  0.00000000011069739  0.00000000011336646
  0.00000000011613119  0.00000000011956637  0.00000000012326583  0.00000000012581848
  0.00000000012833485  0.00000000013075939  0.00000000013312187  0.00000000013537071
  0.00000000013828241  0.00000000014208685  0.00000000014612594  0.00000000015054793
  0.00000000015462473  0.00000000015834694  0.00000000016177194  0.00000000016550431
  0.00000000016960515  0.00000000017390132  0.00000000017996152  0.00000000018628659
  0.00000000019308843  0.00000000020026623  0.00000000020764806  0.00000000021527130
  0.00000000022243935  0.00000000022896447  0.00000000023604554  0.00000000024345650
  0.00000000025091156  0.00000000025891614  0.00000000026774031  0.00000000027775124
  0.00000000028924480  0.00000000030051308  0.00000000031266346  0.00000000032551950
  0.00000000033899830  0.00000000035483715  0.00000000037271270  0.00000000039293217
  0.00000000041583068  0.00000000043971224  0.00000000045959392  0.00000000047678982
  0.00000000049453547  0.00000000051367703  0.00000000053902642  0.00000000057083937
  0.00000000060922844  0.00000000065293651  0.00000000069617375  0.00000000074225654
  0.00000000078901588  0.00000000084464794  0.00000000090550955  0.00000000097581841
  0.00000000106406787  0.00000000116617844  0.00000000127626388  0.00000000140965857
  0.00000000154930389  0.00000000170923760  0.00000000192075060  0.00000000220854174
  0.00000000258521699  0.00000000300376519  0.00000000345936207  0.00000000401664698
  0.00000000490439363  0.00000000610206198  0.00000000768538220  0.00000001044666525
  0.00000001571922238  0.00000002570553049  0.00000004548600631  0.00000010376662330
  0.00000030380423796  0.00000103458922746  0.00000435713160705  0.00001900630310072
  0.00010053262141109  0.00126171873799221  0.20717242842484002  1.00000000000000000
 -0.00231524235349436  0.00956343835574247  0.01884811364950743  0.02843171531642439
  0.03830742677547919  0.04871881670440025  0.05948647042461753  0.06923374062323434
  0.07943314693904244  0.09104778575074080  0.10241173235649899  0.11310308572542410
  0.12363423877193516  0.13433777680415324  0.14536638238930114  0.15603809968443066
  0.16679610558671351  0.17806126732403579  0.18991781585538839  0.20172772620530499
  0.21312301769748485  0.22418244471436699  0.23295289968342109  0.24209521072446125
  0.25203256901936538  0.26189398557061871  0.27141737498039387  0.28133250357747763
  0.29096707760521651  0.30183977935900175  0.31348021033913154  0.32383464570712822
  0.33450471625893058  0.34486710493984352  0.35499012130783614  0.36510253543076215
  0.37515195888975794  0.38594687437005537  0.39717468502626924  0.40810973200073469
  0.41872075082769161  0.42955187464737044  0.44064699783061151  0.45157395638929937
  0.46185101054322120  0.47184830294306801  0.48162420967921382  0.49123788999716883
  0.50146738215496256  0.51147942806331492  0.52184309521907302  0.53326967625704635
  0.54508242244672445  0.55626092179289210  0.56764441070033467  0.57901314455463915
  0.59047188316133992  0.60174079112528700  0.61316668198287638  0.62431851525552307
  0.63523608950132016  0.64641000859440012  0.65784781390907587  0.66951569276636747
  0.68076607141920942  0.69225813267478442  0.70325788138997103  0.71358263505110608
  0.72274320750633148  0.73135847904702012  0.74046603919913745  0.75038267699384131
  0.76162346093308819  0.77274345021140500  0.78335560356806699  0.79371058272398887
  0.80418002199782124  0.81466443461521598  0.82431848463619062  0.83357242475163673
  0.84256743488282493  0.85299823249459350  0.86446804392001764  0.87521194322876150
  0.88544032918346183  0.89497704536668854  0.90477296224225556  0.91410460777821378
  0.92355406031556353  0.93313321355366774  0.94459236549945647  0.95550229011401966
  0.96662447064834656  0.97772748803808140  0.98888156036996611  1.00000000000000000
 -0.00269497497570270  0.00936940835785679  0.02052351065206918  0.03180759819028483
  0.04281327805019304  0.05369984209901649  0.06431640223508490  0.07506104590537827
  0.08591466108728246  0.09777931204494375  0.10932447290138743  0.12035027997372842
  0.13124621151069688  0.14262744195470589  0.15439568863609313  0.16474942434034298
  0.17450949832153506  0.18450851128429407  0.19480647914388882  0.20565866609838315
  0.21646578807523095  0.22724698562642828  0.23798784247130947  0.24886009755894486
  0.25960943381144380  0.26951633704871697  0.27979991154676453  0.28988635957863196
  0.30009148169040734  0.31041739900811421  0.32125469200537415  0.33132410403883350
  0.34214043000956279  0.35268001472451638  0.36331684565499545  0.37400838912254347
  0.38464707281294425  0.39565664833684111  0.40708780899695401  0.41745965129534773
  0.42734509510672647  0.43636721667684369  0.44651832486295051  0.45749657183809483
  0.46889190573118172  0.48031119191953170  0.49106194148615390  0.50094931137259935
  0.51033612298707165  0.52002160480105430  0.53021622229795207  0.54096232538116429
  0.55142635456593270  0.56061092582383487  0.56921172509575224  0.57792025083921394
  0.58808137184250142  0.59773228221766073  0.60653109351219081  0.61547876984929251
  0.62443851976731291  0.63507653893009142  0.64599143513234814  0.65829085419189848
  0.67091723219885813  0.68298824878555253  0.69351376397235853  0.70433599845011430
  0.71501391397086855  0.72507710857602525  0.73643395137894641  0.74654439438909626
  0.75774255493179621  0.76881227567630139  0.78007168808720750  0.79099647679150176
  0.80141447290026613  0.81197705954875310  0.82244338898417457  0.83288848210441713
  0.84323672972571284  0.85364887297187364  0.86381100339188055  0.87432131240056243
  0.88490366443972623  0.89550327595027157  0.90568283058608645  0.91589750281996862
  0.92638562614297859  0.93686345851113162  0.94749901411831361  0.95771117077377077
  0.96845962902296323  0.97900575645746868  0.98971257219734454  1.00000000000000000
 -0.00274236072219923  0.01081623922940609  0.02211706532863698  0.03208821573274299
  0.04199321169330671  0.05203265121011093  0.06287076236017333  0.07449151475244373
  0.08552415041131248  0.09616281565212834  0.10676242165128329  0.11746330441124590
  0.12840089651899655  0.13959296392549239  0.15105143182968139  0.16239068422298036
  0.17341415846699018  0.18455546739477219  0.19601452977162168  0.20782179253656799
  0.21999724933564185  0.23224084170749398  0.24409051309103033  0.25529469676396355
  0.26614337466370458  0.27710380411753882  0.28838337453773216  0.29998818199071087
  0.31161862350944469  0.32380462979719687  0.33606794675625873  0.34781449618210725
  0.35843267287637792  0.36843731228255655  0.37774101863614268  0.38732877175486380
  0.39724354918381660  0.40835906466090732  0.41983204064081314  0.43081597169580943
  0.44103718781185952  0.45053106640547880  0.45916750216832464  0.46752558125969307
  0.47593383000493733  0.48501929444154929  0.49544698062223652  0.50596791959328447
  0.51563250677143313  0.52557721317331207  0.53692484630360160  0.54886959111777611
  0.56028973989184649  0.57091614967938442  0.58117797945916194  0.59183357232279710
  0.60290343392426848  0.61363810750495817  0.62400599546636470  0.63415028036097010
  0.64444630235102329  0.65460780780156114  0.66443132535540095  0.67458160040204729
  0.68493131239360305  0.69545032885790714  0.70552603018209148  0.71562889548350150
  0.72556131892398534  0.73494337691529998  0.74414915851211982  0.75367777485937149
  0.76368172012617319  0.77403029034169346  0.78423034290891891  0.79360819254647053
  0.80293539177467799  0.81279762470774053  0.82272415845843749  0.83275086219379213
  0.84327063811402192  0.85425781015803004  0.86552416831833823  0.87646677825602237
  0.88679924075847549  0.89732343623497945  0.90838492849314878  0.91949698032453375
  0.93009822361232897  0.94046548217704040  0.95133346823431986  0.96093528128893069
  0.96963690382137757  0.97813532427950001  0.98701336775404858  1.00000000000000000
  0.19361853543975013  0.19958912851799196  0.21587077610115726  0.24068058746922999
  0.27281725436190080  0.31130673160342265  0.35278235350809700  0.39988832621754672
  0.43708221127486513  0.47186845400238520  0.50655235298522672  0.53869875246371945
  0.56684728608336377  0.58975897129265842  0.60768182391945547  0.62062601077442114
  0.63027429644240718  0.63784929095046916  0.64416596746906740  0.65027492913087881
  0.65624685490079959  0.66160433939163688  0.66600683998852050  0.66931294495884164
  0.67211753872050706  0.67445938849502518  0.67640153536042702  0.67812311165307582
  0.67967132445890577  0.68113938213370462  0.68252350513514026  0.68383551600090609
  0.68505534486424546  0.68618517004871094  0.68714897968715605  0.68800120624159333
  0.68872900083177235  0.68944607579494555  0.69015285211329114  0.69078761155772073
  0.69136229072390121  0.69194040618179953  0.69252761158930665  0.69310663127134853
  0.69365462688557933  0.69417273286160663  0.69468245164032827  0.69520004616798237
  0.69572867155723128  0.69625809345674150  0.69680137740657544  0.69735314237304991
  0.69790203545138629  0.69844441459628004  0.69895958058942120  0.69946313840044017
  0.69996165918342002  0.70049425088048012  0.70105192772476599  0.70160862597026497
  0.70217530893827951  0.70276048799405177  0.70337865138682609  0.70404315673509854
  0.70474114818007960  0.70542564928502416  0.70607816326563344  0.70671758287198783
  0.70738400000424229  0.70812727350228433  0.70901168529932135  0.70992860840529515
  0.71084581553732240  0.71184080096799929  0.71291257527992558  0.71404920410746597
  0.71521103002369490  0.71656145171819885  0.71808375036833527  0.71981191899482921
  0.72180143120687057  0.72396913522330530  0.72618775797888702  0.72853408874023806
  0.73138263529129888  0.73490712974120709  0.73894959524344750  0.74348512692488555
  0.74856833510761955  0.75476455586901581  0.76239547920832595  0.77260657583102010
  0.78610457884018670  0.80541835329053180  0.84470894367832094  1.00000000000000000
   2.4145984498552085E-009  -1.0000000000000000     
 F F F F F F F F F F F F F F F F F F F F F F F F F F F F F F F F F F F F F F F F F F F F F F F F F F F F F F F F F F F F F F F F
  <DiscreteSampler_grid>
  grouped_processes
  1 # 1 for a reference and 2 for a running grid.
  10 # Attribute 'min_bin_probing_points' of the grid.
  1 # Attribute 'grid_mode' of the grid. 1=='default',2=='initialization'
  0.0000000000000000 # Attribute 'small_contrib_threshold' of the grid.
  0.5000000000000000 # Attribute 'damping_power' of the grid.
 # binID   n_entries weight   weight_sqr   abs_weight
    19   10   5.062120360170129E+005   2.441977495251421E+012   5.062120360170129E+005
    22   10   5.062120360170129E+005   2.441977495251421E+012   5.062120360170129E+005
    25   10   5.062120360170129E+005   2.441977495251421E+012   5.062120360170129E+005
    28   10   5.062120360170129E+005   2.441977495251421E+012   5.062120360170129E+005
  </DiscreteSampler_grid>
