 -0.01243762727129570  0.09568867314765936  0.15051387758322396  0.19050588729180226
  0.22574271523900838  0.25480595613667228  0.28267052196107317  0.31030876488242265
  0.33756404381710653  0.36177155312019271  0.38287463023509000  0.40347146184974947
  0.42440946340815872  0.44495413507066606  0.46411247886089924  0.48235417409677989
  0.49990587804032866  0.51595881349287331  0.53058594739759424  0.54383188386003900
  0.55696724010440779  0.57049375853614370  0.58373350430657467  0.59741140629192635
  0.61127599857679371  0.62384339103259046  0.63589422036028398  0.64793291075049542
  0.66024862675845697  0.67264017542809496  0.68477858180912277  0.69633930900183383
  0.70724881351174729  0.71727717019953463  0.72666222706082195  0.73510375484103041
  0.74400656342788440  0.75318097534543105  0.76300331519274145  0.77145134689158934
  0.77865886370076487  0.78591552324368996  0.79233405045382954  0.79864223005838797
  0.80599369064573934  0.81411645244882924  0.82214722002672280  0.83021822094569586
  0.83756599104451068  0.84475659726881569  0.85185682824913345  0.85884270625592019
  0.86559334653634623  0.87200643128302346  0.87798235939744163  0.88374893191188031
  0.88893947393486461  0.89384515946620491  0.89857239928889621  0.90319723540175334
  0.90785661629362646  0.91245530759076177  0.91704667868102330  0.92087740413519681
  0.92478245181464735  0.92855555667435885  0.93216188131003297  0.93569599517840085
  0.93933497109217445  0.94276107533035303  0.94638632774282183  0.95001984803565531
  0.95318460886974010  0.95570913970567140  0.95795625439772414  0.96039189068553998
  0.96275952586186353  0.96511765615184408  0.96762966786478377  0.97025878290276957
  0.97283988232300900  0.97535073056591193  0.97777279370634762  0.97986037308987839
  0.98136742781462871  0.98261777441146503  0.98396177591322809  0.98554599809822518
  0.98721818330369349  0.98863064551822799  0.98966638107485738  0.99075604046922094
  0.99196639434645462  0.99347941777109727  0.99487811713924157  1.00000000000000000
  0.00000000010846915  0.00000000011954206  0.00000000012733732  0.00000000013304781
  0.00000000013842365  0.00000000014435154  0.00000000015002955  0.00000000015444705
  0.00000000015905846  0.00000000016390739  0.00000000016938781  0.00000000017526312
  0.00000000018095696  0.00000000018606213  0.00000000019125365  0.00000000019642362
  0.00000000020093083  0.00000000020601198  0.00000000021144250  0.00000000021649997
  0.00000000022158609  0.00000000022774775  0.00000000023446549  0.00000000024163884
  0.00000000024902798  0.00000000025648239  0.00000000026391255  0.00000000027161688
  0.00000000027968106  0.00000000028918956  0.00000000029834161  0.00000000030739210
  0.00000000031679188  0.00000000032819185  0.00000000033952779  0.00000000035378078
  0.00000000036869116  0.00000000038322361  0.00000000039803329  0.00000000041409855
  0.00000000043286636  0.00000000045302312  0.00000000047325136  0.00000000049194135
  0.00000000050991137  0.00000000052768564  0.00000000054663393  0.00000000056903303
  0.00000000059427740  0.00000000061963672  0.00000000064381309  0.00000000066980908
  0.00000000069844226  0.00000000073658044  0.00000000078119907  0.00000000082259834
  0.00000000086453525  0.00000000090842129  0.00000000095488917  0.00000000100728897
  0.00000000107179667  0.00000000114756956  0.00000000122818433  0.00000000130995021
  0.00000000140032493  0.00000000150096356  0.00000000163190485  0.00000000179804395
  0.00000000197995723  0.00000000217246288  0.00000000238364727  0.00000000263226318
  0.00000000295360300  0.00000000333366219  0.00000000377253716  0.00000000424652547
  0.00000000479540220  0.00000000559374662  0.00000000668435498  0.00000000797971370
  0.00000000972251266  0.00000001297923865  0.00000001796754242  0.00000002611126874
  0.00000004396042492  0.00000009601253008  0.00000023775606460  0.00000070977378136
  0.00000207266662786  0.00000729738649695  0.00002818314481334  0.00011226382863958
  0.00081716496820957  0.05601424567793011  0.61992906383340918  1.00000000000000000
 -0.00228307315711714  0.00901034710946742  0.01987004238105278  0.03041727217391317
  0.04089036105547356  0.05190954845269291  0.06313291581698818  0.07398531382481090
  0.08354269388234309  0.09258673560464502  0.10211395033355358  0.11257105632373859
  0.12383231473638055  0.13563225812587698  0.14752531350334658  0.15885670560382137
  0.17000750612967899  0.18105362639089778  0.19202927586299215  0.20321905603107268
  0.21463075018974190  0.22636822961757327  0.23804493191471116  0.24894026917735093
  0.25946910262798245  0.27021787298949312  0.28178997435148007  0.29247288749969591
  0.30193008582009162  0.31162186457338142  0.32227825013719097  0.33218283762502548
  0.34214074269372902  0.35254436132785638  0.36470263746380566  0.37656300015771715
  0.38839278196008148  0.39892114319980027  0.41016186320887416  0.42042918917493483
  0.43086407545861932  0.44079681969896117  0.45094130965827189  0.46182386316094115
  0.47274378227176828  0.48323527926052151  0.49319973366894537  0.50247333336822220
  0.51218815094922532  0.52207089669126650  0.53223501939863360  0.54201956334673773
  0.55265547725548891  0.56419533749010864  0.57590335173405738  0.58719417137254115
  0.59735327747615485  0.60666838399817657  0.61457878989347225  0.62263908227085474
  0.63163000848426420  0.64236281419349162  0.65373387168769570  0.66464858389669401
  0.67540210689127489  0.68624131945854905  0.69712118418692604  0.70781226885175796
  0.71804458062281429  0.72832574029413666  0.73853518309219868  0.74914283959117023
  0.75985109095462222  0.77053130796470015  0.78133124914361374  0.79241251957163927
  0.80353767243646979  0.81482055358208139  0.82555065059219956  0.83604117371851827
  0.84624339716782826  0.85671271786253800  0.86729754727669373  0.87784003854957027
  0.88826906956634921  0.89849372181652620  0.90831086260866256  0.91797580231044851
  0.92791246201450606  0.93859277352334258  0.94974481374100406  0.96033331367759089
  0.97019187553567954  0.98015593651092470  0.99034705479292573  1.00000000000000000
 -0.00259778250113073  0.01005380462449651  0.01984946836209261  0.03049150934542718
  0.04200767464623040  0.05274848076870561  0.06279796698357655  0.07238611296417152
  0.08171303746692871  0.09204795939589965  0.10296238861280026  0.11440049895638668
  0.12619088905072098  0.13823909138703913  0.15041097443916776  0.16200166006653433
  0.17226861327503223  0.18193756439830094  0.19181950624418759  0.20235310643357757
  0.21331424510500446  0.22375213642986275  0.23380597984539328  0.24405204197612324
  0.25474969965245370  0.26528401455339079  0.27518569926619324  0.28508664338082673
  0.29517091312246169  0.30424949956292363  0.31422122491132015  0.32455902175214818
  0.33523211571491013  0.34571531540475664  0.35671421709921547  0.36761531613684650
  0.37751278112407516  0.38693275052549830  0.39621869006933591  0.40562916970281665
  0.41575698081689955  0.42582322530213024  0.43560295716643910  0.44550574681772570
  0.45576390613933299  0.46620720729060666  0.47673170975463736  0.48716801042635272
  0.49803409165275614  0.50916261013254849  0.52069961603055648  0.53212423426109934
  0.54278912475820551  0.55248626898982056  0.56165923764999159  0.57083186723114421
  0.58007314148870526  0.58967577182755415  0.59978174212884117  0.61113967387949231
  0.62308255715367666  0.63487614473041887  0.64616470937262438  0.65720699547346595
  0.66840718133939803  0.67983701905134852  0.68972139358456408  0.69819606871206008
  0.70656777161263074  0.71591396287535680  0.72719910784296249  0.73842119618148450
  0.74954428024211939  0.76046759832824362  0.77182541851494157  0.78271791988848483
  0.79336645444071774  0.80413195008839877  0.81597745293274493  0.82721759967025521
  0.83839683862651693  0.84949469273171574  0.86107231617644076  0.87252204557938795
  0.88369010730210473  0.89488534600197556  0.90585774944747899  0.91674984266975712
  0.92690022553236284  0.93615691690150549  0.94597749252812757  0.95636822019829659
  0.96770523943424624  0.97868145647005000  0.98979187701594673  1.00000000000000000
 -0.00246727801298227  0.00970865056628816  0.02068290849089412  0.03038068599818670
  0.03978765072856420  0.04890969981635928  0.05830302695380561  0.06819644026857831
  0.07817442240593567  0.08834646705193365  0.09840486724659850  0.10874495588179929
  0.11963512810127681  0.13073899315629231  0.14084114347644888  0.15042495513563595
  0.16026232737473919  0.17077034843483993  0.18179256470507280  0.19247094372134871
  0.20321731481659155  0.21360341690522011  0.22416018898647311  0.23438351665006193
  0.24427358990566969  0.25403240303233854  0.26369478288757953  0.27291488340824566
  0.28252603208147381  0.29279726145162771  0.30335128347725865  0.31452862853710534
  0.32577547836695742  0.33684933113388188  0.34760587045417485  0.35822888852475898
  0.36868933389811354  0.37938223358781797  0.39108257174481043  0.40252440673763445
  0.41353413937238398  0.42365062217556537  0.43317755462609281  0.44296545837076218
  0.45321206786385576  0.46405012310820326  0.47466515274639415  0.48466479932959322
  0.49460579059531906  0.50504180968466306  0.51616462920339123  0.52775087986216651
  0.53902833246821380  0.55024718133859907  0.56192881271772921  0.57336780621838135
  0.58478354573472535  0.59589311204935991  0.60729313181841060  0.61881443332801933
  0.63044706993832011  0.64200722043269853  0.65369605017697185  0.66580892549377768
  0.67743558342694177  0.68859267255629419  0.69970490576683109  0.71055365013521488
  0.72002951684408978  0.72908627226240896  0.73869315621264364  0.74947674168950318
  0.76013099697015085  0.77035226516005828  0.78063626070296965  0.79141129862447546
  0.80283010854840220  0.81432995422988419  0.82557037861254745  0.83644786656792913
  0.84715995354739071  0.85776614369217075  0.86832930957253629  0.87852405772441267
  0.88829467020360386  0.89816844346891722  0.90834489101902860  0.91866364875901929
  0.92882125046804120  0.93853983344119418  0.94843974198822212  0.95774188336740318
  0.96701730202789848  0.97856492537647599  0.98932974434712850  1.00000000000000000
  0.18646948027830018  0.20301100253120852  0.22080151196295181  0.24896916092811910
  0.28713399071502466  0.32815283562845876  0.37420525382595915  0.42168205167788358
  0.46781931647321190  0.50479479607686029  0.53784814935797165  0.56363515092967165
  0.58275553536068170  0.59886654414533080  0.61464315558981530  0.62837804189226254
  0.63897731788629664  0.64660865848463234  0.65241152154905635  0.65765530003584860
  0.66231481280873683  0.66645515456316606  0.66999494280380634  0.67302875507688209
  0.67551839297319205  0.67759639879609646  0.67928730888772770  0.68086127868486079
  0.68226800319363656  0.68358341065864514  0.68474166774295120  0.68573676120233773
  0.68667459619318849  0.68759151803259233  0.68841389664761432  0.68920178487543726
  0.69000975751872395  0.69077514489056346  0.69146946492421912  0.69210348852868053
  0.69267595069579313  0.69323194776914110  0.69376827484770776  0.69430930730876295
  0.69487470241542326  0.69543509530197267  0.69595082400631325  0.69642922991397860
  0.69687020654372533  0.69727019923538835  0.69766306496675090  0.69806828371708041
  0.69849949250976240  0.69893919950846528  0.69938686104584369  0.69988289821624927
  0.70041640269664418  0.70093459966751881  0.70145740628319886  0.70200229882149379
  0.70261365963373079  0.70323433794449086  0.70385453423012323  0.70446505734257270
  0.70510141617789179  0.70574436125429518  0.70645353417602519  0.70710590244322380
  0.70775088123576635  0.70848768125672712  0.70926392932692661  0.71008254859686648
  0.71111095663535118  0.71225426345361131  0.71348619537865687  0.71482720491511687
  0.71626310756682166  0.71790255482618348  0.71955908763625420  0.72140813455407027
  0.72332377014753202  0.72542376077060100  0.72782036330081656  0.73044814339225428
  0.73362251051021932  0.73712535403113522  0.74099170086662625  0.74554593115213896
  0.75093719042044715  0.75740134863988495  0.76514929688847844  0.77498381996902788
  0.78814031202170820  0.80692468944425710  0.84349556839175333  1.00000000000000000
   2.4136890846553479E-009  -1.0000000000000000     
 F F F F F F F F F F F F F F F F F F F F F F F F F F F F F F F F F F F F F F F F F F F F F F F F F F F F F F F F F F F F F F F F
  <DiscreteSampler_grid>
  grouped_processes
  1 # 1 for a reference and 2 for a running grid.
  10 # Attribute 'min_bin_probing_points' of the grid.
  1 # Attribute 'grid_mode' of the grid. 1=='default',2=='initialization'
  0.0000000000000000 # Attribute 'small_contrib_threshold' of the grid.
  0.5000000000000000 # Attribute 'damping_power' of the grid.
 # binID   n_entries weight   weight_sqr   abs_weight
    19   10   3.077633853825369E+005   3.667688273118209E+011   3.077633853825369E+005
    22   10   3.077633853825369E+005   3.667688273118209E+011   3.077633853825369E+005
    25   10   3.077633853825369E+005   3.667688273118209E+011   3.077633853825369E+005
    28   10   3.077633853825369E+005   3.667688273118209E+011   3.077633853825369E+005
  </DiscreteSampler_grid>
