 -0.00992944384803136  0.05038775332288435  0.06857949900338733  0.08404756596954627
  0.10058530941153750  0.11905350497333891  0.13931098000857595  0.15209119647125513
  0.16308259422541482  0.17326167074080692  0.18519378152615229  0.19825368965167173
  0.21170657720454386  0.22466039456973352  0.23663668450621231  0.24849809358683392
  0.26176604959721222  0.27458579481922735  0.28461952617357544  0.29470667609197837
  0.30661869297131661  0.31766502332793095  0.32802129328040847  0.34045908208140085
  0.35767927862480681  0.37498751806037184  0.38821403515110131  0.39747307661673975
  0.40479211612720511  0.41313161914769136  0.42129738363317742  0.42910348450163749
  0.43695163124641162  0.44443362400123410  0.45084387449948415  0.46127438391898312
  0.48198339605999441  0.50588280511321893  0.53110974713577130  0.55850220541578832
  0.57807707660288088  0.59765652382970369  0.61878920513605251  0.63624284133131959
  0.64562387067299398  0.65572711480948820  0.66477936561207107  0.67387922903351660
  0.68335633878490587  0.69348693725087707  0.70464209212755824  0.71380328325275311
  0.72221395107554898  0.73121014634029380  0.74046055348367046  0.75042400679167620
  0.76103844440631363  0.77190147792572905  0.78186203176875380  0.79201119826776878
  0.80175456607983031  0.81190437054031861  0.82131582348950982  0.83046823880681997
  0.83866571239192012  0.85366973819387615  0.87503273645745905  0.89718569197296694
  0.91416045779873567  0.92428209678148887  0.92922107378017049  0.93461357007309243
  0.93997678665206630  0.94573384494030044  0.95104673931006867  0.95548524209904273
  0.95912117596441837  0.96210854939462420  0.96485347141389233  0.96769308321650993
  0.97094122729762744  0.97381110958381800  0.97624245083115058  0.97830609057166684
  0.98021614251854938  0.98210987049456833  0.98411517084912070  0.98593722508946202
  0.98775221373483157  0.98957679934216891  0.99129890869116377  0.99270414064910173
  0.99382124086214685  0.99471333781280136  0.99508495936134700  1.00000000000000000
 -0.00004343924106017  0.00109089591930529  0.00373001522501993  0.00650955707393025
  0.01275831934682650  0.02018436193445500  0.02658867272293590  0.03327546492507132
  0.03825387457908318  0.04441330131442364  0.05153444575313668  0.05904736985675474
  0.06607744571960267  0.07229010061664461  0.07889087130437000  0.08598050993132199
  0.09297920895598406  0.10045640916898380  0.10965583352566553  0.11979784253801502
  0.12972390536655817  0.13902413087711785  0.14816878596355648  0.15774257357096322
  0.16727775918268736  0.17458283412696660  0.17988238966336947  0.18587707147895832
  0.19193444104118909  0.19730822927087080  0.20208490475864066  0.20727310149844072
  0.21413859152001694  0.22095962268853045  0.22612499786180659  0.23159616083780862
  0.23763688127741242  0.24345958387412131  0.24959717536889720  0.25622657348565331
  0.26367356576378875  0.27205051715437878  0.27938119064051298  0.28596267301363681
  0.29282602908113309  0.30097218303661255  0.31076097355232385  0.32105383232883172
  0.33078479693217810  0.34048863397897156  0.35084520877162617  0.36211852010653911
  0.37237931599325913  0.38127626030303058  0.38987579658238264  0.39875427705125188
  0.40840157476018885  0.41743586650930886  0.42599907707081153  0.43477083583416620
  0.44375866839780592  0.45359948845156622  0.46432074367323262  0.47499860457595477
  0.48530000815672447  0.49591327919761580  0.50581667800761942  0.51700891735268173
  0.52857843330460563  0.54010523655807463  0.55126545208492395  0.56079110680634381
  0.57023618810573640  0.58969550989897157  0.60749683884172145  0.62983993906747948
  0.65624796455484524  0.68194526431971136  0.70786903363197839  0.73424990824927883
  0.76176971520060055  0.78575764701953321  0.80404430715974695  0.81658997366197039
  0.83071905100986487  0.84508026413866366  0.85862022952810590  0.87071697912923363
  0.88215190091167017  0.89144361419805052  0.90139202195547108  0.91538845062155783
  0.93450208027193205  0.95553793775132945  0.97737946366330641  1.00000000000000000
  0.00220848526152489  0.00860435349884233  0.01456034416166748  0.02051875176577149
  0.02400939855067568  0.02679062055938236  0.03252912622587360  0.03908427497279818
  0.04527804379904693  0.05204948752935560  0.06008101051834953  0.06686240227676314
  0.07372685380940072  0.08224153650737018  0.09630763138904007  0.11834611096444010
  0.13192276447477305  0.14475950296993417  0.15654697415060512  0.16710334924079534
  0.17701863183842381  0.18685734499867990  0.19714524881379711  0.20757415400480872
  0.21731124082578185  0.22585254662640691  0.23484170946521488  0.24448841181313466
  0.25447556934034316  0.26458385788406530  0.27505703672931048  0.28539414094245347
  0.29596964620177563  0.30658508688730396  0.31762477971883279  0.32989417995268583
  0.34200065350466524  0.35522763392870910  0.36639462029743025  0.37687932632527760
  0.38717763587707299  0.39622352750915862  0.40484569702780349  0.41183457184630512
  0.42214323324488462  0.43666889498536515  0.45020698851630553  0.45863289935888962
  0.46607712287437392  0.47311529983320039  0.47956776372694332  0.48593471060264309
  0.49172138593244552  0.49831286836220573  0.50534044141175427  0.51154635452205244
  0.51735203754277315  0.52631788975627847  0.53947213670227290  0.55233277884289944
  0.56348306477172383  0.57278516052830697  0.58265012812193917  0.59284263553942229
  0.60105882932796817  0.60788977969158486  0.61507013395057519  0.62009736302618157
  0.63557784748599555  0.65603728516701099  0.67563436008597066  0.69541895426411982
  0.71230218079141328  0.72737963026387087  0.74337980515947955  0.76009131579784772
  0.77372666090215136  0.78446574407522929  0.79719219284989740  0.81009815170537192
  0.82325977404736805  0.83860367423914350  0.85647094837638249  0.87548523854288329
  0.89448973807526855  0.91150836708164251  0.92506677478062604  0.93602482645891449
  0.94547318485815945  0.95433613298840947  0.96170143024343113  0.96729905278028905
  0.97278257329232942  0.97851071823303815  0.99105339541428261  1.00000000000000000
  0.03846201814151479  0.07159195590340388  0.07896252484417914  0.08314660216063045
  0.08896796479060057  0.09549499139286517  0.10224078276698026  0.10813464243137566
  0.11364698117432989  0.11882979384429623  0.12332101230186253  0.12850980172890672
  0.13326471796798589  0.13812438465705407  0.14229431571085829  0.14600621983018963
  0.15018586758694621  0.15434387539252586  0.15907988036790074  0.16458958551687475
  0.17173692624361195  0.18275509421096123  0.19749512384425408  0.21631014280090410
  0.23084770997393475  0.24102300772308330  0.24839190061314104  0.25629185640841873
  0.26418861549484057  0.27186711108262201  0.27945389229959389  0.28725894213125619
  0.29550720373733558  0.30554221495478673  0.31605187356484160  0.32650337189306883
  0.33528201801139329  0.34524357303318032  0.35583946357137641  0.36711690763588967
  0.37889543731453362  0.39051628868046268  0.40095915924192688  0.41076198750456983
  0.42040418198974061  0.43041114667449548  0.44065082298858793  0.45102574627489045
  0.46480591199110510  0.48494336379065811  0.50409726975978586  0.51521409641374771
  0.52706743001665135  0.53811068867160472  0.54988299942712993  0.55885116787238787
  0.57339982068067707  0.59268936602282773  0.60828722059218077  0.62003960248859036
  0.63101706250754097  0.64156799297353773  0.65048960303721792  0.65783759761537430
  0.66500968276569683  0.67208563071500138  0.67889162136395753  0.68647885567290201
  0.69610091152535480  0.70841996040708077  0.72231949887653724  0.73520552566842123
  0.74767645832223406  0.76007099788751831  0.77324631781146647  0.78710952486688224
  0.80116666083408106  0.81436697235648492  0.82392036508406408  0.83170760058095305
  0.83893382600895772  0.84589022567971106  0.85351034059593078  0.86038566503327185
  0.86651023519282766  0.87229711844789148  0.87812111725549546  0.88416748122367439
  0.88985981476734322  0.89656521449728399  0.90529631757534657  0.91833137476104265
  0.93385160492618480  0.95028976773140572  0.97237837438029739  1.00000000000000000
 -0.00285666721208082  0.01100685889846484  0.02953845394067697  0.04840398451066762
  0.06512163208394246  0.07854739052961571  0.08911501028371997  0.09902920562859560
  0.10811301162529488  0.11673709470560983  0.12571388223387467  0.13445322238464821
  0.14532465919718013  0.15768482744478135  0.17093889168118920  0.18496759030668763
  0.20332810013436881  0.22270992785676308  0.24150824618705302  0.25955753185537911
  0.27713438362008425  0.29121321817621421  0.29913419147039982  0.30514310922510407
  0.31057486242472665  0.31606757517977779  0.32187403599879566  0.32772759158997011
  0.33285159032106088  0.33675089161303762  0.34028934840036817  0.34401110229974979
  0.34827043934302165  0.35194469084662761  0.35583359213713078  0.36079778971530591
  0.36615328847108441  0.37166732595007818  0.37759638426549652  0.38389409507299488
  0.39011008935469166  0.39623053168961042  0.40566569046179329  0.41915736074413107
  0.43700764522297658  0.45876659577820950  0.48381488700952152  0.50931087460065150
  0.52493529959028007  0.53884978512200032  0.55135529022983243  0.56219164131851240
  0.57270980641225389  0.58312015117457761  0.59304262019074561  0.60200135357813567
  0.61020093512638485  0.61823252491585168  0.62604235712561718  0.63367326042337535
  0.64191703935353106  0.65113599939820987  0.66105983819651870  0.67141534052061680
  0.68170777864838861  0.69231350950900949  0.70603996373945610  0.72162923810459823
  0.74056460640536281  0.76062425543825185  0.77720487523354653  0.78651045806408837
  0.79440345209825458  0.80154823866633074  0.80893855031707074  0.81702543666273808
  0.82514527641858948  0.83332683331695334  0.84075126613144791  0.84856935940326439
  0.85594634073229858  0.86364247518469983  0.87133119284423577  0.87866668294793193
  0.88457119664594352  0.89026758440129750  0.89633787632792872  0.90216816811874367
  0.90839987823089674  0.91543196567725660  0.92354229409619759  0.93465882299312375
  0.94933512381766427  0.96599300403546717  0.98312170421152145  1.00000000000000000
  0.99972670732453461  0.99972971006667100  0.99973235160099416  0.99973535620255216
  0.99973823931936145  0.99974107855934413  0.99974400824360377  0.99974697733166129
  0.99975004070382645  0.99975311595807026  0.99975595708016574  0.99975850311679837
  0.99976074883048460  0.99976280898452541  0.99976497859940117  0.99976725145611045
  0.99976958678095651  0.99977174348379316  0.99977372564415545  0.99977563678734216
  0.99977745932150452  0.99977944135255881  0.99978176237126581  0.99978428749477966
  0.99978680267837672  0.99978920513837499  0.99979140834018998  0.99979348473023333
  0.99979560477845653  0.99979788677804926  0.99980033366240950  0.99980259047125086
  0.99980492902298912  0.99980747676024451  0.99980980099685213  0.99981188762071727
  0.99981393348998870  0.99981616355727077  0.99981852425323858  0.99982097069033793
  0.99982346019024604  0.99982604882278103  0.99982877090077016  0.99983146486183638
  0.99983401112571813  0.99983637129972958  0.99983858709003759  0.99984084233581183
  0.99984320547889982  0.99984571008961454  0.99984830576306960  0.99985089661979198
  0.99985343396778426  0.99985598957196342  0.99985848936336863  0.99986088899465464
  0.99986330893718078  0.99986565545472395  0.99986811263155517  0.99987078605088009
  0.99987372334447278  0.99987691418416969  0.99988019684960661  0.99988332747328301
  0.99988614878412674  0.99988880485075227  0.99989150032170193  0.99989435437104413
  0.99989731091680312  0.99990022508492526  0.99990311512765007  0.99990604430031960
  0.99990898494489533  0.99991200530799262  0.99991507630256382  0.99991848088800883
  0.99992207281914214  0.99992584740758428  0.99992960764410233  0.99993329001942854
  0.99993694629238494  0.99994072069340001  0.99994462784523030  0.99994852124781120
  0.99995237690921668  0.99995626045937147  0.99996028371325074  0.99996461105417345
  0.99996908176129184  0.99997344817035150  0.99997756033847562  0.99998123795601079
  0.99998493497535157  0.99998901841531629  0.99999405550855913  1.00000000000000000
   5.7192694622382739E-038  -1.0000000000000000     
 F F F F F F F F F F F F F F F F F F F F F F F F F F F F F F F F F F F F F F F F F F F F F F F F F F F F F F F F F F F F F F F F
  <DiscreteSampler_grid>
  grouped_processes
  1 # 1 for a reference and 2 for a running grid.
  10 # Attribute 'min_bin_probing_points' of the grid.
  1 # Attribute 'grid_mode' of the grid. 1=='default',2=='initialization'
  0.0000000000000000 # Attribute 'small_contrib_threshold' of the grid.
  0.5000000000000000 # Attribute 'damping_power' of the grid.
 # binID   n_entries weight   weight_sqr   abs_weight
    19   10   6.636132200972718E-027   1.334343533716627E-052   6.636132200972718E-027
    22   10   6.636132200972718E-027   1.334343533716627E-052   6.636132200972718E-027
    25   10   6.636132200972718E-027   1.334343533716627E-052   6.636132200972718E-027
    28   10   6.636132200972718E-027   1.334343533716627E-052   6.636132200972718E-027
  </DiscreteSampler_grid>
