 -0.00860715477477809  0.07799616046177420  0.11884239923659494  0.16180354027693522
  0.19818597065360716  0.22787564912594530  0.25355983189041731  0.27893586739589360
  0.30656986115918372  0.33472412149329756  0.35846330079979610  0.37931963276047465
  0.39909532564813216  0.41884725404989204  0.43965320032999161  0.45926363002711024
  0.47482830472997900  0.48919218893020155  0.50450610050568745  0.52103425071122167
  0.53735892132848839  0.55326056489616793  0.56777860132507896  0.58134033837140775
  0.59541323770397336  0.60950957564609043  0.62302728792659778  0.63592151729348112
  0.64848219785214178  0.66048269210457100  0.67202334305079092  0.68400591082669671
  0.69602543598262412  0.70748025448328689  0.71806454224925886  0.72828041700483981
  0.73867238789590406  0.74861175965859483  0.75718299267909417  0.76446379896696193
  0.77212890237248899  0.78027839558209999  0.78870771868560174  0.79681171494480507
  0.80465437154498076  0.81137814731912783  0.81811783650523318  0.82511112312798607
  0.83206109291002572  0.83883100908474628  0.84545265898143607  0.85258841647792005
  0.86021195845931941  0.86771120289413239  0.87477584211630899  0.88140511640526342
  0.88755161445301911  0.89232946704439997  0.89680094068872462  0.90108412758819334
  0.90519970850692799  0.91029892373425392  0.91450004592143919  0.91850999742735628
  0.92230007045046136  0.92577561550265763  0.92895876854727655  0.93174776250581393
  0.93505716242010761  0.93848038067459782  0.94132855341179611  0.94386111054201838
  0.94639449747387272  0.94881591735843940  0.95120775553809478  0.95359652985898058
  0.95594804644410358  0.95852322432457371  0.96121572823694512  0.96367212100705402
  0.96592804011931688  0.96815623956406138  0.97044041266765901  0.97261913245450726
  0.97481240213271014  0.97702380217911711  0.97882734675643890  0.98055712211021218
  0.98216370638963835  0.98381491751117911  0.98555626779342431  0.98733813481058608
  0.99009176947198574  0.99291095718705324  0.99545475325548416  1.00000000000000000
  0.00000000006703866  0.00000000007028124  0.00000000007258654  0.00000000007460236
  0.00000000007673200  0.00000000007888736  0.00000000008096809  0.00000000008321171
  0.00000000008564670  0.00000000008851538  0.00000000009165485  0.00000000009478669
  0.00000000009774458  0.00000000010045380  0.00000000010322013  0.00000000010603285
  0.00000000010895349  0.00000000011186913  0.00000000011464737  0.00000000011770053
  0.00000000012097701  0.00000000012447175  0.00000000012922784  0.00000000013386594
  0.00000000013864682  0.00000000014404429  0.00000000014920367  0.00000000015436385
  0.00000000015974738  0.00000000016537618  0.00000000017077759  0.00000000017645303
  0.00000000018219406  0.00000000018836336  0.00000000019549648  0.00000000020353844
  0.00000000021263861  0.00000000022278275  0.00000000023332297  0.00000000024398482
  0.00000000025447275  0.00000000026430102  0.00000000027408575  0.00000000028424268
  0.00000000029513792  0.00000000030619358  0.00000000031609408  0.00000000032585283
  0.00000000033595279  0.00000000034646621  0.00000000035895233  0.00000000037062763
  0.00000000038338588  0.00000000039848485  0.00000000041699882  0.00000000043736117
  0.00000000045717147  0.00000000047631850  0.00000000049847972  0.00000000052655630
  0.00000000055805465  0.00000000059294406  0.00000000063378358  0.00000000068185952
  0.00000000073510764  0.00000000078805505  0.00000000084578964  0.00000000090596106
  0.00000000096943543  0.00000000104481502  0.00000000114061933  0.00000000126028290
  0.00000000140739428  0.00000000155898317  0.00000000169588069  0.00000000181853946
  0.00000000197551856  0.00000000218560185  0.00000000250936964  0.00000000291892421
  0.00000000350165489  0.00000000433427638  0.00000000541060418  0.00000000700858285
  0.00000000921395580  0.00000001260927670  0.00000001889755148  0.00000002849417799
  0.00000005786229843  0.00000019483774713  0.00000083445176075  0.00000434556657542
  0.00002527640704928  0.00020130597745548  0.01035224951216141  1.00000000000000000
 -0.00242598036656126  0.00892832097250762  0.02064513361897762  0.03197893378110050
  0.04268483968905998  0.05248282907273861  0.06215515564746844  0.07284062123053953
  0.08418597338492909  0.09488066147529804  0.10525847853823272  0.11595811911221623
  0.12813790261476915  0.13909154004642280  0.15012904276352312  0.16136134075597641
  0.17340306687992665  0.18607825054047905  0.19884511522865092  0.21146991032225401
  0.22321996945809353  0.23427659659675212  0.24487462540006771  0.25486963558349179
  0.26487016755528331  0.27461642760529242  0.28437745761777661  0.29470235130667427
  0.30552835041666565  0.31625976566381286  0.32668512353727380  0.33679324310342429
  0.34668489221688664  0.35655119963794735  0.36675204922207549  0.37854313959124070
  0.39032862757929365  0.40224559571439961  0.41444324692125734  0.42653247262720911
  0.43843152068948588  0.45026638936169755  0.46215897460293992  0.47429187309542420
  0.48658413458016858  0.49832251428863350  0.50925689100091664  0.51949592859437588
  0.52947197927249245  0.53978130390215184  0.55039496057257342  0.56200706464371708
  0.57361753117939018  0.58379182832632215  0.59368108656125640  0.60282529651182448
  0.61276579866740832  0.62335720955222007  0.63368877513146282  0.64358883181462467
  0.65353593363972295  0.66345934764242454  0.67373813943534777  0.68374690347786315
  0.69216647640591900  0.70076888827368811  0.71056557925547525  0.72150369942467185
  0.73148342933682342  0.73899490743350171  0.74599374057703638  0.75310471949391189
  0.76110360886529427  0.77185318056787644  0.78426098079266415  0.79673674139795581
  0.80801634992885663  0.81836680684060215  0.82871971207103157  0.83891457479714848
  0.84857702465244367  0.85784262859984595  0.86683319626770150  0.87580201961812798
  0.88548090235594490  0.89636878684867649  0.90788300960891422  0.91921743090707575
  0.92968637421514611  0.94006602330500766  0.94969521883496333  0.95869039290197799
  0.96706093482278277  0.97585162695432515  0.98497294245515155  1.00000000000000000
 -0.00239330277592135  0.00867623256583316  0.01806810619555587  0.02890548709617084
  0.04008157995854156  0.05167398937895467  0.06286962492044226  0.07396963319788298
  0.08468254829086998  0.09160440205604728  0.09886080935046805  0.10676041811278815
  0.11721520113850528  0.12845210786567304  0.13922031945593089  0.14887048424388705
  0.15843963978068368  0.16815058731324123  0.17624287655547391  0.18512463084291961
  0.19324857983550914  0.20303625927575766  0.21315681764167929  0.22497005956423755
  0.23737936018953970  0.24996915806617040  0.26000903276793214  0.26948891247866730
  0.27851019688084011  0.28838647172793830  0.29870125405619824  0.30875938018442772
  0.31993077635487205  0.33139104934618557  0.34354142639551316  0.35594765887391622
  0.36839929061245175  0.38033665916066811  0.39185696692849054  0.40342529813787303
  0.41408297003923683  0.42416629402034151  0.43399856585107738  0.44414702298070219
  0.45490167768646023  0.46556883918366221  0.47550927126855869  0.48547801136095287
  0.49551637751209954  0.50591711265968087  0.51709267762450761  0.52832461311010992
  0.53933640456816712  0.55052287743114314  0.56186928580276130  0.57372541880334138
  0.58599932969240764  0.59828493862327603  0.61025988912755003  0.62162230608239066
  0.63207281942937477  0.64210762535009447  0.65263163757570197  0.66380852741448559
  0.67511618454065181  0.68514755597595722  0.69420639841267862  0.70367209971569500
  0.71399230653487988  0.72575959745067453  0.73775916472546188  0.74797278174500115
  0.75895478399829586  0.76991370965471895  0.78168721546103970  0.79376694358422351
  0.80589942292907679  0.81709384479284863  0.82679906101640466  0.83559725499014759
  0.84441206055021367  0.85299109124902295  0.86359128978210009  0.87347137257403940
  0.88289330189392112  0.89302870421753333  0.90401415479036562  0.91452208155941606
  0.92412704519578992  0.93404558381338187  0.94436330148091452  0.95711811117659140
  0.96972131304449360  0.98056515282360579  0.99046539165029979  1.00000000000000000
 -0.00145666272603937  0.00700894657014711  0.01394073921806031  0.02207048125582819
  0.03122934359657090  0.04027003115062426  0.04930534385651774  0.05888678843215996
  0.06848094387082330  0.07886134127513938  0.08947977043629012  0.10098625458719669
  0.11206637214770164  0.12249105149102445  0.13242793047581680  0.14244054667972977
  0.15409683932518886  0.16577551606386165  0.17775498572965590  0.18962660850803248
  0.20133182360672802  0.21266906414460601  0.22327716747256315  0.23375157584928211
  0.24351322844202014  0.25260720365010092  0.26203632306849933  0.27262321902069192
  0.28394780671153491  0.29558635250118998  0.30743049675720902  0.31877329054279163
  0.33019189882284222  0.34168242838439256  0.35310255767164844  0.36404365464268235
  0.37445400172557874  0.38435663181644453  0.39328691217896822  0.40356057052144723
  0.41404343163019258  0.42467002727518283  0.43592843908757334  0.44625661135655814
  0.45656814642549176  0.46653621598565653  0.47754064959553338  0.48900315395346550
  0.50027190473021688  0.51078016237945345  0.52154328241750481  0.53219082757650382
  0.54252772892181789  0.55310114024465018  0.56319416295000735  0.57389003944741479
  0.58490648913871690  0.59647790104802945  0.60874645062217292  0.62126139914648937
  0.63362320917530246  0.64536860113094119  0.65669386897108384  0.66784728382926251
  0.67911187375611548  0.69027885091905095  0.70139098765054775  0.71222499631508396
  0.72321615856276211  0.73468009034322246  0.74656496906192926  0.75820062571096214
  0.76908723048644734  0.77960844200507062  0.79022573134942542  0.80097278279993067
  0.81132296281555549  0.82118940896723658  0.83126848348781457  0.84147048458003915
  0.85210118742075691  0.86190167426829312  0.87028327592290955  0.87837685734484650
  0.88687194281547044  0.89318332276192502  0.90321642316861994  0.91477032217439702
  0.92570110904643133  0.93644271521184064  0.94752893144361861  0.95809067940430270
  0.96856748018733374  0.97870337980738142  0.98989929485143779  1.00000000000000000
  0.18620949898558944  0.20091754218701824  0.21622131072491707  0.24026513928438337
  0.26984175698885982  0.30547135404381182  0.34593451828935023  0.37881034554372484
  0.40919886191077309  0.44339279962945100  0.48226597614855965  0.51689382875921952
  0.54609424790848560  0.57041151736426410  0.59088082984410950  0.60883643352981609
  0.62400975138106929  0.63621148006105999  0.64403516174255504  0.64883236582693038
  0.65273573552673470  0.65631861414697279  0.66025571468962785  0.66445152589699197
  0.66802255127828858  0.67128394973215066  0.67403375267590371  0.67657511738662968
  0.67869272357587296  0.68060125899538859  0.68231631219087285  0.68363924960550337
  0.68484742918023100  0.68593916571279578  0.68690032276018276  0.68784718447075821
  0.68875703375592989  0.68962419319708523  0.69045783279674178  0.69124149284256742
  0.69193735194129424  0.69255595816553339  0.69313848027699365  0.69366203620889344
  0.69419312747993056  0.69473301531599807  0.69524603566112930  0.69573540818184609
  0.69620415337321351  0.69664991722279113  0.69710277496385087  0.69760586794931745
  0.69813883355583883  0.69867621909660860  0.69920632131892368  0.69973358044368716
  0.70021318610085714  0.70073145235421042  0.70125764918789446  0.70176825322736303
  0.70231053632747531  0.70289729562189585  0.70351529435899207  0.70414809841774728
  0.70478082034004474  0.70544716667131613  0.70609491848662342  0.70673985769566305
  0.70742790351407070  0.70817108120803662  0.70902679868310670  0.70996598564803437
  0.71096096927361141  0.71203919583022224  0.71324895846390413  0.71461855308672595
  0.71616253780138317  0.71792473070408525  0.71981290452716418  0.72163957023972602
  0.72356626380873224  0.72565503625495331  0.72809634188190464  0.73078931542593195
  0.73349370281174320  0.73635963037423224  0.73980594789946164  0.74417237528338054
  0.74940392337969153  0.75470403640408334  0.76130995355817022  0.76977953234844765
  0.78277758262299513  0.80153938032021532  0.83693473129326335  1.00000000000000000
   2.4613695351774168E-009  -1.0000000000000000     
 F F F F F F F F F F F F F F F F F F F F F F F F F F F F F F F F F F F F F F F F F F F F F F F F F F F F F F F F F F F F F F F F
  <DiscreteSampler_grid>
  grouped_processes
  1 # 1 for a reference and 2 for a running grid.
  10 # Attribute 'min_bin_probing_points' of the grid.
  1 # Attribute 'grid_mode' of the grid. 1=='default',2=='initialization'
  0.0000000000000000 # Attribute 'small_contrib_threshold' of the grid.
  0.5000000000000000 # Attribute 'damping_power' of the grid.
 # binID   n_entries weight   weight_sqr   abs_weight
    19   10   8.909304297205658E+008   7.920873757565613E+018   8.909304297205658E+008
    22   10   8.909304297205658E+008   7.920873757565613E+018   8.909304297205658E+008
    25   10   8.909304297205658E+008   7.920873757565613E+018   8.909304297205658E+008
    28   10   8.909304297205658E+008   7.920873757565613E+018   8.909304297205658E+008
  </DiscreteSampler_grid>
