 -0.01250457172318061  0.09750801674209636  0.15035558690502554  0.19499022650602182
  0.23328657757039836  0.26747844406231586  0.29805225026025889  0.32443089943837683
  0.35068025589405449  0.37736905190614012  0.40082406860137432  0.42152547322307182
  0.44041300593143029  0.45849602098347936  0.47784048985606375  0.49621618702112691
  0.51245042209193303  0.52811994258637152  0.54225235355315460  0.55698996072201745
  0.57118848302736469  0.58585815820592768  0.60058409359349973  0.61398190946375930
  0.62516238603513341  0.63635163909980885  0.64879812910321510  0.66295688887806148
  0.67471458421068631  0.68448754468459971  0.69406406010244603  0.70406926235001266
  0.71362465750599025  0.72216616938600064  0.73047751317655596  0.73929151449209596
  0.74885605165419900  0.75818980424024796  0.76688525771790650  0.77533743622454065
  0.78382250236749496  0.79258625301651275  0.80068419452985762  0.80791652204025910
  0.81447366880141325  0.82068523392246762  0.82683428337710418  0.83334554895703905
  0.84006421540452636  0.84665366039093914  0.85292962736377553  0.85905181133602049
  0.86512822354748420  0.87118642487330145  0.87716498507652885  0.88315174893041348
  0.88907137293298444  0.89488561852666926  0.90044738618246234  0.90590177381000359
  0.91129374878224179  0.91649583932007028  0.92158023438128456  0.92634781487746520
  0.93048338527434749  0.93286151392299499  0.93521501756763936  0.93753620297105666
  0.93975849973247527  0.94192890470087121  0.94552812547178977  0.94878067932550203
  0.95172586270622028  0.95448307851563297  0.95712246871157336  0.95999049007338499
  0.96295644273797731  0.96575584518962576  0.96844783397085232  0.97080525777116888
  0.97234454006861903  0.97385331826638288  0.97532896110263023  0.97678554562871045
  0.97830374527781827  0.98080064422756974  0.98319428948385146  0.98514122429033568
  0.98658970192835638  0.98801202595868354  0.98951576128020236  0.99112435303640367
  0.99279580745123708  0.99407440061310692  0.99496760587587407  1.00000000000000000
  0.00000000032859346  0.00000000034234760  0.00000000035101140  0.00000000035814286
  0.00000000036445397  0.00000000037054447  0.00000000037767213  0.00000000038702030
  0.00000000039748549  0.00000000040738497  0.00000000041783970  0.00000000042907552
  0.00000000044025964  0.00000000045339053  0.00000000046683284  0.00000000047912399
  0.00000000048982418  0.00000000049978360  0.00000000050926008  0.00000000051926271
  0.00000000053069869  0.00000000054111608  0.00000000055151323  0.00000000056164012
  0.00000000057383127  0.00000000058776508  0.00000000060397665  0.00000000062087288
  0.00000000063688257  0.00000000065321510  0.00000000066717572  0.00000000068225479
  0.00000000070126540  0.00000000072255082  0.00000000074590354  0.00000000077204462
  0.00000000080238890  0.00000000084007724  0.00000000087988366  0.00000000092340885
  0.00000000097100944  0.00000000101407262  0.00000000105270641  0.00000000108251421
  0.00000000111344954  0.00000000115226277  0.00000000119470624  0.00000000123676581
  0.00000000127884716  0.00000000133721421  0.00000000141337603  0.00000000149453861
  0.00000000157775212  0.00000000165299942  0.00000000172448048  0.00000000179904411
  0.00000000187906903  0.00000000196270019  0.00000000205479443  0.00000000215016263
  0.00000000225433715  0.00000000239854721  0.00000000256023194  0.00000000273309091
  0.00000000296276390  0.00000000325497093  0.00000000359742515  0.00000000397217803
  0.00000000434841475  0.00000000476853330  0.00000000525988665  0.00000000584058344
  0.00000000661191506  0.00000000759745643  0.00000000877705514  0.00000001032450212
  0.00000001265763092  0.00000001654346840  0.00000002242390888  0.00000003147255684
  0.00000004530037621  0.00000006819817933  0.00000012291034588  0.00000023393565776
  0.00000049186617645  0.00000103578880030  0.00000231238968758  0.00000532984796343
  0.00001288151734830  0.00003517648832901  0.00010579654133683  0.00036359332703431
  0.00243317742023501  0.03324245769014854  0.60835133357450399  1.00000000000000000
 -0.00226528128005057  0.00940852498022787  0.02133653139668570  0.03277617215820009
  0.04381985099668287  0.05354426674674476  0.06339664573379782  0.07279243473675948
  0.08370536084810296  0.09493675344109670  0.10666307701593483  0.11736763569755949
  0.12754579453113313  0.13773416449617834  0.14797912434168164  0.15826921716516706
  0.16889998156497657  0.17991695983478301  0.18966604080730140  0.19834755944232565
  0.20681166454831096  0.21612871420424529  0.22673761567560463  0.23825415554289442
  0.25018293935039654  0.26109627563972315  0.27031757908068782  0.27867994764677417
  0.28851310050327167  0.30011879317651835  0.31166464124908971  0.32240359651665101
  0.33320890886396726  0.34374867866854913  0.35412140259232361  0.36362711632633382
  0.37316799200621903  0.38316942329560649  0.39340415391705658  0.40350672304921020
  0.41369425454926945  0.42435818613812160  0.43525775532558342  0.44647863720160808
  0.45747958468524941  0.46843183553581069  0.47883320844159138  0.48864715415340870
  0.49813747784326484  0.50869282938124216  0.51999587069937869  0.53128821345745814
  0.54267927563443041  0.55429395937196291  0.56618140099607894  0.57798105324974391
  0.58952151483628690  0.60089829557468777  0.61177515958627604  0.62258146997169017
  0.63300732594338460  0.64332510308063073  0.65205885509936157  0.66102746544993063
  0.67065760603574298  0.68110784597035912  0.69288385253863871  0.70524171315071338
  0.71755250579305485  0.72870600759290760  0.73925284628851096  0.74957119338356082
  0.76029185525873744  0.77127924927744684  0.78207234783518709  0.79228324543654682
  0.80280109782305176  0.81332488293878247  0.82367770866311396  0.83452552934675805
  0.84515066744601963  0.85517894745257161  0.86405240429640773  0.87264990365323691
  0.88210567149079766  0.89254677983069208  0.90350879467002931  0.91415508496772235
  0.92387841470995424  0.93333614954961908  0.94383465065204741  0.95488955138508158
  0.96599620640494632  0.97728103418216994  0.98820634117433859  1.00000000000000000
 -0.00214099913960064  0.00813172019983239  0.01891036880135720  0.02919875685724867
  0.03987946706919007  0.05083144007704620  0.06155589940218024  0.07277493779778488
  0.08466589259151555  0.09650177788217013  0.10822780107769717  0.11973706407846268
  0.13090938866315971  0.14157483383278527  0.15195215438716206  0.16244394074179880
  0.17371350825994847  0.18496288158790375  0.19627345759523707  0.20817015236956929
  0.21785182938459352  0.22646696284762063  0.23452283590226736  0.24267044291445691
  0.25251433523798417  0.26373764102668690  0.27523361074826402  0.28704260606024323
  0.29905593073700265  0.30994050298530962  0.32044976630322830  0.33061139267303175
  0.34145675465654429  0.35259597541499116  0.36365299071784479  0.37479765550183547
  0.38622761936283873  0.39794325531673308  0.40991907148747841  0.42167126314716030
  0.43289609431630416  0.44389793584774567  0.45485130620626890  0.46543057466042498
  0.47601678987779522  0.48654292040766717  0.49707677579055126  0.50647467621567166
  0.51605889397853832  0.52534990987455010  0.53487013976956044  0.54487280654426762
  0.55376638371337616  0.56249014742604631  0.57223977908727841  0.58291038959153929
  0.59330601396266391  0.60385437507530948  0.61362430427373171  0.62376489615428610
  0.63443328745216843  0.64487543390554691  0.65526084831352949  0.66557814914139601
  0.67611335832073494  0.68724420499144856  0.69836075158372113  0.70943967364754601
  0.72016802327489926  0.73045395363568433  0.73972187150419710  0.74918673920028167
  0.75875303397040472  0.76727487399134808  0.77724572683118542  0.78620824948932377
  0.79674103829137732  0.80726965556338082  0.81749775022596327  0.82721307586662707
  0.83666610168567224  0.84673010871275811  0.85741476551332363  0.86847785641227548
  0.87995646279686879  0.89161291010296351  0.90312920110602612  0.91402437862405905
  0.92435738997233996  0.93510751236212530  0.94594385750139054  0.95586717441331004
  0.96606235218471037  0.97789149416160315  0.98945742520889246  1.00000000000000000
 -0.00231059576377578  0.00932716055322529  0.01944110804337652  0.03006050254868603
  0.04105567164105241  0.05241452761058905  0.06371994052611990  0.07539843058704955
  0.08721022215049515  0.09778942108326581  0.10859260193567280  0.11882043786344963
  0.12938335120350825  0.14057864554371641  0.15154925855346929  0.16152692572406402
  0.17112319424233999  0.18067170201372210  0.19113422476155650  0.20217800182536244
  0.21315621948520239  0.22525219406284924  0.23531395852655468  0.24432429296403510
  0.25302200186941559  0.26201187065926590  0.27151983725825996  0.28195088399088880
  0.29293772039162785  0.30373274117510313  0.31448948535852411  0.32551461062007059
  0.33645916823376998  0.34715522177819463  0.35861242741682064  0.37048838617977070
  0.38240243646557487  0.39412934841467806  0.40591930659207998  0.41727642271978077
  0.42806543295326960  0.43891892231403296  0.45009566579393590  0.46178816510481524
  0.47363681623600756  0.48510000603058068  0.49649596519096251  0.50633701801916309
  0.51563415590983985  0.52486670634476773  0.53541152835021177  0.54656668729720714
  0.55771934532250533  0.56842979725151477  0.57951543440343667  0.58986949109263143
  0.59876754312719049  0.60892980698117782  0.61845233425167800  0.62851024837597191
  0.63923619362516881  0.64910881457042746  0.65884014679178726  0.66881956461956149
  0.67921308530407454  0.68990122880860505  0.70081290244100958  0.71187980565024644
  0.72320831162486221  0.73468169591129506  0.74584160461646798  0.75595207876836124
  0.76521804480141664  0.77453952485724176  0.78474186156292824  0.79538740829081045
  0.80624797268365334  0.81718187883094140  0.82838086586482940  0.83903473526640748
  0.84852611878869799  0.85778811128602428  0.86735687011700568  0.87735556447754592
  0.88859712084379716  0.90018988173172454  0.91071686376265570  0.92072476125263414
  0.93086976827056667  0.94076022754634459  0.95079599467784870  0.96116439875737458
  0.97139299723971162  0.98200104848689351  0.99107625910592079  1.00000000000000000
  0.18600614587288561  0.20379806682761792  0.22077797217467071  0.24700252980337767
  0.27796750013604138  0.31325137567826100  0.35444772555908544  0.39774632625870776
  0.44080605579193988  0.48214587789725916  0.51520849360581245  0.54496128346811601
  0.57293349763169776  0.59594643370002487  0.61242044418351349  0.62363908346357666
  0.63305829984093254  0.64107284651505381  0.64831660878193220  0.65450234387268080
  0.65950116557762561  0.66360444598259150  0.66702176064188756  0.67009280370122692
  0.67296016915439016  0.67539336970627384  0.67757944384958935  0.67959347277735527
  0.68142185147792245  0.68298357820008915  0.68432788237490105  0.68554653713217484
  0.68666410314591442  0.68769025272816109  0.68862004307968794  0.68944058142543285
  0.69017151441152225  0.69084740550522028  0.69151077748160694  0.69218119256972543
  0.69284457914725961  0.69343984989495266  0.69394552956723099  0.69440752776591397
  0.69488263840539943  0.69538903994712198  0.69589714372917766  0.69640415717866866
  0.69688527032402725  0.69735525723947978  0.69781288713471212  0.69823743351176593
  0.69867196866378545  0.69914369967871304  0.69964127764549755  0.70016203288835455
  0.70063672798120014  0.70111101352840910  0.70158556625833413  0.70209476835009765
  0.70266004664129067  0.70323178273608822  0.70379778281332728  0.70433749127400902
  0.70487645959708856  0.70548189781233539  0.70616596384391572  0.70692512732860413
  0.70774657512868078  0.70858277123289193  0.70948798316800843  0.71039201066826518
  0.71134215227272046  0.71233016380868597  0.71346776755725261  0.71472068476748141
  0.71618464537187720  0.71768907596472598  0.71944927074849974  0.72143161891990226
  0.72365483625830229  0.72613805402429088  0.72891723831674260  0.73210834113297507
  0.73503228705875034  0.73815898416113013  0.74162905891154229  0.74576769297367307
  0.75133175207819713  0.75806515491435011  0.76600305416839565  0.77557134482331247
  0.78843924587024727  0.80753139822429953  0.84590305095189511  1.00000000000000000
   2.3280490526607970E-009  -1.0000000000000000     
 F F F F F F F F F F F F F F F F F F F F F F F F F F F F F F F F F F F F F F F F F F F F F F F F F F F F F F F F F F F F F F F F
  <DiscreteSampler_grid>
  grouped_processes
  1 # 1 for a reference and 2 for a running grid.
  10 # Attribute 'min_bin_probing_points' of the grid.
  1 # Attribute 'grid_mode' of the grid. 1=='default',2=='initialization'
  0.0000000000000000 # Attribute 'small_contrib_threshold' of the grid.
  0.5000000000000000 # Attribute 'damping_power' of the grid.
 # binID   n_entries weight   weight_sqr   abs_weight
    19   10   1.413878202859803E+006   1.383718432690104E+013   1.413878202859803E+006
    22   10   1.413878202859803E+006   1.383718432690104E+013   1.413878202859803E+006
    25   10   1.413878202859803E+006   1.383718432690104E+013   1.413878202859803E+006
    28   10   1.413878202859803E+006   1.383718432690104E+013   1.413878202859803E+006
  </DiscreteSampler_grid>
