 -0.01183633255658528  0.09634189899098566  0.16096576503666471  0.20900527886852613
  0.24268237910969659  0.27298422169692016  0.30385715603394781  0.33300584770290659
  0.35568833981759096  0.37574835287481217  0.39766539754356856  0.42087594516445387
  0.44287455028206085  0.46451429428365359  0.48487068401975125  0.50376224068231079
  0.52213375183670674  0.53924878736531479  0.55641978360031263  0.57244418629979399
  0.58796974327450036  0.60401225129184755  0.61975174296166780  0.63459435220212912
  0.64829518340099956  0.66104642250079715  0.67371631491448047  0.68680584354628693
  0.70000321182554892  0.71218959167016072  0.72338590333498243  0.73399503195238847
  0.74358505100123506  0.75286342321084188  0.76263905768117191  0.77272581573951626
  0.78276115752905095  0.79230870122997443  0.80084894460672518  0.80859263807419746
  0.81590574778095970  0.82314622085550793  0.83072418495074540  0.83805680506142233
  0.84474398463019185  0.85063719477735245  0.85591886695337094  0.86141211277595975
  0.86702299313887377  0.87288015711734879  0.87874095318178047  0.88479360657537587
  0.89064487005719073  0.89561403891645652  0.90019277734791903  0.90440609758067048
  0.90862210460815052  0.91290313419718083  0.91700365007859130  0.92067184395877211
  0.92409007823864431  0.92718608594214924  0.93009737855248276  0.93252752640997660
  0.93486628816068840  0.93739336606359791  0.94061712701630007  0.94425772642986761
  0.94726297212205757  0.94998464553114370  0.95248516188513732  0.95476736018867370
  0.95734427981786974  0.95946332611086005  0.96131366675055074  0.96282505308989086
  0.96414375577330313  0.96596346870675609  0.96772922984665843  0.96967603805614255
  0.97169081188014939  0.97377707820529646  0.97566432876746900  0.97720487235977160
  0.97873806432074650  0.98002207145349374  0.98127590380803620  0.98228988315527610
  0.98346462632784626  0.98486982343889518  0.98653271193059311  0.98837792745370889
  0.99058421971908828  0.99328812076256578  0.99504536458420945  1.00000000000000000
  0.00000000013733034  0.00000000014474217  0.00000000014988853  0.00000000015407905
  0.00000000015817288  0.00000000016233012  0.00000000016660717  0.00000000017084198
  0.00000000017558085  0.00000000018052765  0.00000000018542627  0.00000000018979112
  0.00000000019417358  0.00000000019855734  0.00000000020292887  0.00000000020756174
  0.00000000021245298  0.00000000021789477  0.00000000022525076  0.00000000023360819
  0.00000000024276120  0.00000000025140417  0.00000000025926641  0.00000000026686904
  0.00000000027438088  0.00000000028201354  0.00000000029027982  0.00000000029810310
  0.00000000030573468  0.00000000031443946  0.00000000032395849  0.00000000033234444
  0.00000000034058378  0.00000000035016224  0.00000000036177099  0.00000000037378808
  0.00000000038413612  0.00000000039479726  0.00000000040458907  0.00000000041608278
  0.00000000042989057  0.00000000044341424  0.00000000045863282  0.00000000047670820
  0.00000000049803911  0.00000000052249705  0.00000000054771938  0.00000000057206949
  0.00000000059565870  0.00000000062014767  0.00000000064633056  0.00000000067497614
  0.00000000070659724  0.00000000074309101  0.00000000078124158  0.00000000080830387
  0.00000000083699825  0.00000000087313145  0.00000000091276273  0.00000000094810578
  0.00000000100417981  0.00000000106533457  0.00000000112163732  0.00000000117565819
  0.00000000123451255  0.00000000131253693  0.00000000139059084  0.00000000148336043
  0.00000000159912644  0.00000000171972548  0.00000000185207526  0.00000000200390862
  0.00000000218024959  0.00000000238702130  0.00000000264459709  0.00000000296943722
  0.00000000332644518  0.00000000383801199  0.00000000460885120  0.00000000564917397
  0.00000000716979852  0.00000000924645206  0.00000001210060597  0.00000001729497678
  0.00000002465247372  0.00000004231731386  0.00000009554259352  0.00000025966906782
  0.00000081925910348  0.00000320259653611  0.00001225769077392  0.00007142562622574
  0.00056943419907883  0.01556624308037600  0.59055906537159919  1.00000000000000000
 -0.00243119885040924  0.00995147630983712  0.02046169982172572  0.02898540873780596
  0.03706987664693139  0.04648817741137607  0.05700216926244152  0.06672326291594474
  0.07631528279003588  0.08660176658359434  0.09722811659913244  0.10872285726455033
  0.12035432392132810  0.13205420243775129  0.14370468442742063  0.15496057239110550
  0.16570496671729612  0.17630940643122492  0.18684213864456098  0.19721076701455090
  0.20699385354949457  0.21591365979958138  0.22550517234143572  0.23524621074323165
  0.24594783626178723  0.25639255778178510  0.26729262677251708  0.27753212632125696
  0.28829785106033029  0.29944269976298044  0.31131236351279717  0.32301556092746780
  0.33398260414772279  0.34440480298648274  0.35477371722515100  0.36551068204510206
  0.37643620969919145  0.38695290743262856  0.39696435133472030  0.40556867789799822
  0.41278391457867070  0.42088500253009176  0.42916460853253474  0.44021391450323272
  0.45253350639482365  0.46439760357985183  0.47555736764055995  0.48583661660216643
  0.49579009409337405  0.50626114323685001  0.51728411508765504  0.52885246333350200
  0.54038661571683888  0.55178623221296397  0.56293990676272887  0.57399840658940693
  0.58548279894127520  0.59676512002501569  0.60710094078707189  0.61642302694250950
  0.62546512751327310  0.63462469114070841  0.64502576119599642  0.65623045429952087
  0.66820407490562850  0.68019240295265870  0.69074670609073829  0.70121859267876396
  0.71188435872894451  0.72330022933237814  0.73574389242625859  0.74800604097086387
  0.75892346808930811  0.76876882382755707  0.77819594984390106  0.78804877197350165
  0.79907210417888730  0.81037200341057825  0.82123885650881223  0.83168994742569757
  0.84252445564971146  0.85340966540014707  0.86426770609166648  0.87440051081807912
  0.88498407716395089  0.89537896799924188  0.90418492523120653  0.91381237644346347
  0.92355657858108908  0.93383409969553210  0.94578906174503374  0.95723646860422951
  0.96891179931208038  0.97965258379766473  0.98982230394307580  1.00000000000000000
 -0.00216943968606232  0.00817839930944905  0.01923323066645960  0.03018462005092616
  0.04221332082328792  0.05498533147221770  0.06688885577493310  0.07764590310223472
  0.08801529240142573  0.09854314215710976  0.10999853839522251  0.12146382781991751
  0.13288197994841122  0.14455673165879337  0.15625760361534446  0.16763841211433486
  0.17839735530518241  0.18885798796199468  0.19997987501900144  0.21165429468269281
  0.22313734141825875  0.23455466480379222  0.24604276661426322  0.25736559633189099
  0.26800731914655246  0.27780599970001296  0.28784134884423290  0.29853671668009552
  0.31002887434848231  0.32172711256332281  0.33303351624187133  0.34436769799271039
  0.35582755273503114  0.36734911998529307  0.37831939799391523  0.38789456479550832
  0.39683374653461467  0.40635005032460503  0.41678281066139250  0.42788494988771281
  0.43816638371899436  0.44745926283490839  0.45708173298789334  0.46711843461365926
  0.47696755480418607  0.48492988423306821  0.49161419456775679  0.49890082807438058
  0.50713565990619702  0.51729630149575123  0.52919482955698316  0.54049057356699648
  0.55150614118095187  0.56143298240707640  0.57173832918713197  0.57999811324126893
  0.58805040702169475  0.59788715973344597  0.60869904215638049  0.61861489321887786
  0.62767071409235342  0.63694884381902839  0.64718854654533597  0.65812502639962989
  0.66871597428257168  0.67976011817642645  0.69118541512726794  0.70265950731656457
  0.71380753656001161  0.72502370142548644  0.73602143581350410  0.74654404340055336
  0.75635102524147102  0.76637715639438764  0.77769757828158548  0.79027509974208354
  0.80263702638622025  0.81456170745224055  0.82617846798768835  0.83743444493646713
  0.84903401239371312  0.86092567639996309  0.87149618563803111  0.88046876145253827
  0.88913995377218213  0.89775450186616945  0.90506584221458464  0.91417853065936361
  0.92390238699173555  0.93511558269927098  0.94590140049487159  0.95640475308209816
  0.96694510505889331  0.97813479610945819  0.98908303412164600  1.00000000000000000
 -0.00277790534604034  0.01056035655476614  0.02071899109997942  0.03178148615789906
  0.04227521696751673  0.05297281169523364  0.06429656480669647  0.07575582073122890
  0.08742668869854239  0.09870500506845718  0.10962377996182146  0.12023874271275542
  0.13087554494769466  0.14195855196368698  0.15324313959122049  0.16474629632329940
  0.17592103556897318  0.18727675618071993  0.19822635788518328  0.20893885037233895
  0.21925938000458178  0.22948862299746439  0.24026736914040447  0.25142964978838450
  0.26251398321922892  0.27323845641843331  0.28334451506155695  0.29301412348531158
  0.30276742415572377  0.31315518363990019  0.32427123685873904  0.33574207566027214
  0.34703720849511388  0.35809944541782501  0.36909096075461534  0.38005948912343801
  0.38952934320045041  0.39832956632345057  0.40732451540508652  0.41591257709591273
  0.42463874598266060  0.43263174659572551  0.44105683357799408  0.45047078928637024
  0.46013028288209940  0.47007191707912832  0.47905983972390037  0.48772478068561603
  0.49738528970353663  0.50812534737684378  0.51901674686284016  0.52957236706995070
  0.53991278891531769  0.55059148556874948  0.56144931647742158  0.57219643419113597
  0.58247880799385832  0.59242010108432930  0.60255997018016505  0.61384672298155052
  0.62547842603582904  0.63659647653012130  0.64771610808787983  0.65938791729215385
  0.67139755871585749  0.68317291809241554  0.69443596850931311  0.70510790199603657
  0.71498119301006946  0.72440892174891292  0.73434674221671659  0.74489493380224348
  0.75552610590824298  0.76624988375690917  0.77743418564787103  0.78890650884719737
  0.79990547878907792  0.81041233509729449  0.82028897551044766  0.83031968765098896
  0.84085620028921626  0.85024815422298849  0.85767092449898152  0.86584416143781562
  0.87502420027500660  0.88424191511788852  0.89471319533342109  0.90619322838835092
  0.91752026870740100  0.92891707150676395  0.94069628864741228  0.95239151243160491
  0.96435683514238102  0.97645450752345142  0.98787001618251269  1.00000000000000000
  0.18427016678933908  0.20763845273758771  0.23382005102972273  0.26595799410134269
  0.30469250904467182  0.35027463712045681  0.39428292026241263  0.42980961898828401
  0.46632645910359333  0.50052448125352855  0.52631400519706151  0.55112218632089593
  0.57032004601374375  0.58999101303488677  0.60633271655598142  0.62007643500285903
  0.63115415924274865  0.64079026920712900  0.64892224299793277  0.65515050062575220
  0.66050278809388563  0.66500741270557207  0.66891644044998477  0.67216751440403522
  0.67491278672039612  0.67724284548016478  0.67926122974165681  0.68096129793025972
  0.68237632086524680  0.68368106790305494  0.68478090092591615  0.68577740785528085
  0.68675392039377703  0.68757198910133543  0.68834415628290468  0.68914832928745440
  0.68995234125347471  0.69070918815313465  0.69136246862782080  0.69193771522457437
  0.69249212729342124  0.69301437324802584  0.69363916841113593  0.69426117590487135
  0.69487192564823441  0.69545720991048821  0.69601325851123097  0.69655024454699710
  0.69707187135993598  0.69759843765733931  0.69813269835069114  0.69865839690096909
  0.69918647382175247  0.69972237198712295  0.70027059834913619  0.70083810296951354
  0.70140984475918944  0.70196973984314859  0.70251977123169707  0.70308871136367179
  0.70370408947386853  0.70435231958340971  0.70497582300832484  0.70561636468283628
  0.70629384613050117  0.70702580711478857  0.70780950981785384  0.70865151781552005
  0.70952799928806520  0.71038058375175661  0.71134689357093472  0.71235883544373391
  0.71339956819272710  0.71452917554534612  0.71566143564699058  0.71701595853280775
  0.71847147281528656  0.72015098732236960  0.72188293821234817  0.72374570521324877
  0.72572678625985254  0.72802047717755558  0.73054695170503581  0.73311041236483787
  0.73595162332789565  0.73897842640460920  0.74257988515948092  0.74735505629734078
  0.75295345631030053  0.75921809708487620  0.76642930071736770  0.77513483141385053
  0.78686605605804405  0.80374784802501142  0.83723747315769848  1.00000000000000000
   2.3519103194999865E-009  -1.0000000000000000     
 F F F F F F F F F F F F F F F F F F F F F F F F F F F F F F F F F F F F F F F F F F F F F F F F F F F F F F F F F F F F F F F F
  <DiscreteSampler_grid>
  grouped_processes
  1 # 1 for a reference and 2 for a running grid.
  10 # Attribute 'min_bin_probing_points' of the grid.
  1 # Attribute 'grid_mode' of the grid. 1=='default',2=='initialization'
  0.0000000000000000 # Attribute 'small_contrib_threshold' of the grid.
  0.5000000000000000 # Attribute 'damping_power' of the grid.
 # binID   n_entries weight   weight_sqr   abs_weight
    19   10   2.165455476199961E+005   2.322630722695013E+011   2.165455476199961E+005
    22   10   2.165455476199961E+005   2.322630722695013E+011   2.165455476199961E+005
    25   10   2.165455476199961E+005   2.322630722695013E+011   2.165455476199961E+005
    28   10   2.165455476199961E+005   2.322630722695013E+011   2.165455476199961E+005
  </DiscreteSampler_grid>
