 -0.01646554145184105  0.11522456810861451  0.17560863968636362  0.22023468762501550
  0.25668440200672915  0.29042817388274017  0.32306042415090286  0.35320538256413986
  0.37393793792834612  0.39867191748865333  0.42270599700973099  0.44492005811103436
  0.46597451480607677  0.48578042662553905  0.50414976029665159  0.51972603368983539
  0.53449952795924982  0.54950664256450832  0.56617383282894973  0.58234263104989326
  0.59846727007845124  0.61385957415277626  0.62800840774865585  0.64050214817841267
  0.65207630291124630  0.66401614322929026  0.67643087599078444  0.68847245477965713
  0.69984312723229591  0.71062458388113647  0.72195207983411624  0.73324663359279618
  0.74388609344234013  0.75365486095834799  0.76338010998714745  0.77359948426117831
  0.78361638449596105  0.79160211941827896  0.79788103295531432  0.80346863414133063
  0.80899733055981704  0.81447646794922635  0.82005505414905255  0.82607765623113039
  0.83230440547565521  0.83836998383308836  0.84535165980760330  0.85208408285834558
  0.85864756652264707  0.86538512401027412  0.87203421645341572  0.87779602008052071
  0.88311887309461234  0.88785692390343796  0.89257017942839267  0.89754941820246348
  0.90291395502978788  0.90868308359383665  0.91399763181441018  0.91881530416823798
  0.92362158590845478  0.92828210846986703  0.93280853850406109  0.93658173399709010
  0.93964360115646517  0.94196618343272143  0.94456770270918633  0.94731220541527517
  0.94953793014934063  0.95166161601325805  0.95393927016311431  0.95665223190901394
  0.95949115214746084  0.96210866125627414  0.96475615197492559  0.96749712401169796
  0.96992164849773965  0.97211655824000864  0.97429065080880273  0.97625564922931818
  0.97791135648662597  0.97922316725875214  0.98029574706426315  0.98137211404987268
  0.98241895478404173  0.98348529137785767  0.98455025827159548  0.98561252574906644
  0.98677597511915138  0.98873858752319943  0.99035323735197678  0.99178683583290961
  0.99304194772299970  0.99415864072699178  0.99521254015066585  1.00000000000000000
  0.00000000010334257  0.00000000011049020  0.00000000011558054  0.00000000011961829
  0.00000000012360341  0.00000000012739990  0.00000000013145557  0.00000000013575439
  0.00000000014033766  0.00000000014529858  0.00000000015023737  0.00000000015479997
  0.00000000015945791  0.00000000016421308  0.00000000016782162  0.00000000017190221
  0.00000000017675023  0.00000000018204069  0.00000000018745801  0.00000000019305964
  0.00000000019878260  0.00000000020504100  0.00000000021197507  0.00000000021888957
  0.00000000022504372  0.00000000023149815  0.00000000023856490  0.00000000024478058
  0.00000000025075195  0.00000000025659516  0.00000000026234595  0.00000000026917752
  0.00000000027732700  0.00000000028754759  0.00000000029883424  0.00000000031055009
  0.00000000032241154  0.00000000033582471  0.00000000035003383  0.00000000036417242
  0.00000000037880827  0.00000000039338663  0.00000000040577965  0.00000000042257297
  0.00000000044082574  0.00000000046058045  0.00000000048425868  0.00000000051234135
  0.00000000054151795  0.00000000057044110  0.00000000059761613  0.00000000062421925
  0.00000000065263775  0.00000000068550467  0.00000000072949195  0.00000000077446549
  0.00000000081787334  0.00000000086104790  0.00000000089969938  0.00000000093580187
  0.00000000097413526  0.00000000101694028  0.00000000105624423  0.00000000109148225
  0.00000000114041734  0.00000000120362751  0.00000000129500532  0.00000000140679960
  0.00000000154531699  0.00000000170971333  0.00000000191988698  0.00000000216353841
  0.00000000244470464  0.00000000276854982  0.00000000314112711  0.00000000353790760
  0.00000000401138327  0.00000000471106803  0.00000000565787851  0.00000000684402823
  0.00000000840939173  0.00000001055195057  0.00000001430585771  0.00000002117468840
  0.00000003425699482  0.00000005732537294  0.00000013002961955  0.00000031109099925
  0.00000082286715229  0.00000241063379733  0.00000721279712584  0.00002735714790828
  0.00012133511275401  0.00064917099693951  0.01838644185216463  1.00000000000000000
 -0.00232770661353255  0.01001100583868457  0.02047534758502829  0.03034259332407845
  0.03974214374339443  0.05032776316023412  0.06108679951515508  0.07258622126119681
  0.08475696256074838  0.09715152026599837  0.10917813524801140  0.12072359381311192
  0.13198822995208637  0.14331950094822057  0.15460023704820247  0.16577390468145950
  0.17633852845864023  0.18641332898231050  0.19616925704435587  0.20611543661035497
  0.21602378852256948  0.22569183366178944  0.23546505059328088  0.24514646467498960
  0.25467968332019875  0.26420049005544721  0.27521648875582311  0.28672789594418602
  0.29829038676401776  0.30889487114209663  0.31917276093780339  0.32991842399904797
  0.34034691641507769  0.35136536213138592  0.36253102526286524  0.37446373121302906
  0.38613150783619288  0.39726534706022598  0.40834275217848759  0.41931248110610864
  0.43043808998858946  0.44163063137230213  0.45306031803903063  0.46462078688227004
  0.47662188669041755  0.48899976901780845  0.50149285773665864  0.51388635600422417
  0.52537361451427744  0.53544277300978849  0.54593651247751507  0.55626948228023865
  0.56765696154523715  0.57870841796264005  0.58974224155165789  0.60053431833816107
  0.61204793551602954  0.62434796241942114  0.63521477297467488  0.64419374409397501
  0.65301273677104221  0.66150085280902104  0.66964903957938926  0.67834859753016408
  0.68659063140131338  0.69494505267062689  0.70414468820079246  0.71447794965018230
  0.72470655987992361  0.73471954582410215  0.74482772197946590  0.75415952182828438
  0.76325817964586706  0.77286326559748797  0.78294479502916181  0.79393734903892343
  0.80538322818665209  0.81671967243260979  0.82803102524450112  0.83881651993582684
  0.84900665253564689  0.85938719506387395  0.87088001559594375  0.88244504711031113
  0.89275424084896426  0.90201896086438893  0.91093864039280892  0.91959678255605060
  0.92813864091092835  0.93621165796363082  0.94629367179313484  0.95525526933548066
  0.96437632882021074  0.97635798282444075  0.98761608774515808  1.00000000000000000
 -0.00143619560421875  0.00710451768047329  0.01541194921832234  0.02454637852128091
  0.03493523740483900  0.04494886736810129  0.05458913503349323  0.06454825189995105
  0.07507271734856147  0.08622528360539948  0.09757224309596124  0.10843577179617434
  0.11836766360706381  0.12762271576619957  0.13614523881118246  0.14435039633732541
  0.15324512075651286  0.16206906658189718  0.17186022484034963  0.18372965842629399
  0.19582685110752038  0.20746788242908742  0.21849483361571881  0.22889410602100133
  0.23841294628124071  0.24771134907295123  0.25763559771587075  0.26717456986730020
  0.27622367516884450  0.28608104287362934  0.29713966845453710  0.30842957325248893
  0.31953368538805643  0.33046555775373465  0.34161541582716121  0.35267390681036237
  0.36346431169519655  0.37346165149958105  0.38406349419986219  0.39425271587675909
  0.40393435088424962  0.41407958931135275  0.42480318226111496  0.43570831819351241
  0.44740054603603668  0.45925037663400992  0.47087190261876222  0.48322250604338346
  0.49493764307299065  0.50681367846489556  0.51774182488409148  0.52829111987198651
  0.53873476803724418  0.54911061476902479  0.55902674471648406  0.56838788923401828
  0.57764731887722465  0.58724580035276430  0.59778320119241724  0.60944486863998037
  0.62099483635423858  0.63173929943825435  0.64218024533043272  0.65161840258121273
  0.66135031071063721  0.67095157801754790  0.68097164047414105  0.69163279788254972
  0.70247966113185689  0.71329143971021558  0.72370249309941792  0.73411024576361272
  0.74473285649998266  0.75535120998808847  0.76540548273206832  0.77546524449394616
  0.78563273699627967  0.79678950544036087  0.80836492724018261  0.82032263525960558
  0.83281175801140184  0.84530113223112469  0.85774830456298967  0.86963966901412260
  0.88095315620256232  0.89204699708540669  0.90268458213670333  0.91382523339783517
  0.92465713642117675  0.93567865751451473  0.94704401685962969  0.95824320068546465
  0.96812838409730861  0.97820717381516431  0.98866420679739342  1.00000000000000000
 -0.00243664483783612  0.00759986060552955  0.01789308042018763  0.02677475401902613
  0.03519134172022530  0.04425077436423878  0.05408137131320781  0.06351506871636917
  0.07304607650937843  0.08342558878565917  0.09434662235811103  0.10556154248320601
  0.11632941249411655  0.12697515070187973  0.13758203790259804  0.14859499860824635
  0.16008160009897651  0.17135980055533065  0.18229513202841144  0.19331143891548372
  0.20475141290998422  0.21646474099480784  0.22804979111015705  0.23875290809344601
  0.24884213604670574  0.25922735352986270  0.27004807265102243  0.28150325301716472
  0.29327665417153942  0.30513965258083681  0.31646641462823322  0.32731722263320584
  0.33798871603330927  0.34795578833990509  0.35757598911815547  0.36813904535654562
  0.37857292649813556  0.38859081946999807  0.39824730556363391  0.40720050474032943
  0.41629756764050579  0.42583912957414194  0.43595798487029591  0.44678608871762315
  0.45821787530914065  0.47015367640935468  0.48115328625751452  0.49165758610081384
  0.50219546717226526  0.51331665413343386  0.52461357987927604  0.53602989599639150
  0.54766391503327361  0.55922390460194316  0.57040644131528517  0.58109145824400965
  0.59178896877634901  0.60240369307177799  0.61246027986018692  0.62220635509462574
  0.63107979227792954  0.64011405219108419  0.64965154986102358  0.65977885411035631
  0.66960173355362662  0.67866046731716856  0.68768017437954976  0.69692148267874932
  0.70632770947908219  0.71665792173670495  0.72800803613163778  0.73887770191358015
  0.74945317927939048  0.76010859845894441  0.77151563994578154  0.78258345777509397
  0.79373995880022208  0.80527976843004812  0.81641735951171779  0.82715174249895540
  0.83737707888512125  0.84762647979106365  0.85768210168582126  0.86807597307931250
  0.87876858460488028  0.88930082343197048  0.89879785129864298  0.90823419077864931
  0.91807146282116392  0.92874258435601709  0.94102426457999111  0.95314492307410592
  0.96516013372071585  0.97640666125710107  0.98724224157299900  1.00000000000000000
  0.18601898585019955  0.20379277659164058  0.22173374133794208  0.25046065523365824
  0.29081082871932851  0.34223038319367161  0.39795709270537544  0.45076123872387641
  0.49842522067716966  0.53693102597005560  0.56671710600018022  0.58943962106341063
  0.60754531405371992  0.62115471258445287  0.63201815090818370  0.64084831410987553
  0.64831028371850741  0.65465481340234066  0.65966628043938069  0.66370188238407779
  0.66720298521861021  0.67031472589828101  0.67303417648807762  0.67531482182658997
  0.67743879178878130  0.67941260071148923  0.68116716214230566  0.68268297681416756
  0.68398953081192915  0.68512891376336671  0.68617363225061323  0.68710527288364442
  0.68792425994958983  0.68866226894136273  0.68938396194705620  0.69012759942960866
  0.69085805494776442  0.69147962597090662  0.69207592504878557  0.69264977527938876
  0.69322194051610109  0.69375841803750127  0.69425024312908090  0.69474834577412303
  0.69527001654984444  0.69579339097716664  0.69626812058198029  0.69671906588731713
  0.69717530603235467  0.69761456237416897  0.69806630107958412  0.69849654203369582
  0.69893168218693713  0.69944789942136742  0.70000968077064507  0.70056205200935195
  0.70109811495594543  0.70160724126277685  0.70214135262301869  0.70268426170816289
  0.70326812491548607  0.70384508016157532  0.70446381213108200  0.70509380132700383
  0.70581528711468433  0.70652740678459491  0.70732131684933552  0.70808374663431606
  0.70881556576871241  0.70957224420583298  0.71033535474938836  0.71106051278867199
  0.71184316989883545  0.71279215682957175  0.71395349965857968  0.71532895088955439
  0.71680902918967249  0.71838882420741512  0.72004393310105075  0.72170514410192277
  0.72366816303953740  0.72588719409313862  0.72851581295930623  0.73153438284363648
  0.73496962466623095  0.73886160432701598  0.74274235370743980  0.74681675466068864
  0.75180282966819556  0.75828843234911714  0.76744800709411454  0.77872407751845585
  0.79187704693033367  0.81150553055943075  0.84696019554685509  1.00000000000000000
   2.3833943777866186E-009  -1.0000000000000000     
 F F F F F F F F F F F F F F F F F F F F F F F F F F F F F F F F F F F F F F F F F F F F F F F F F F F F F F F F F F F F F F F F
  <DiscreteSampler_grid>
  grouped_processes
  1 # 1 for a reference and 2 for a running grid.
  10 # Attribute 'min_bin_probing_points' of the grid.
  1 # Attribute 'grid_mode' of the grid. 1=='default',2=='initialization'
  0.0000000000000000 # Attribute 'small_contrib_threshold' of the grid.
  0.5000000000000000 # Attribute 'damping_power' of the grid.
 # binID   n_entries weight   weight_sqr   abs_weight
    19   10   2.016854540841930E+006   3.697867013638972E+013   2.016854540841930E+006
    22   10   2.016854540841930E+006   3.697867013638972E+013   2.016854540841930E+006
    25   10   2.016854540841930E+006   3.697867013638972E+013   2.016854540841930E+006
    28   10   2.016854540841930E+006   3.697867013638972E+013   2.016854540841930E+006
  </DiscreteSampler_grid>
