 -0.00251048197598710  0.00957690216134144  0.01978634319685955  0.03033722032193635
  0.04089920046887936  0.05140897686221395  0.06190674300233325  0.07248799495834803
  0.08308392409208581  0.09367640649228408  0.10426777096024388  0.11484549693332953
  0.12546012555215591  0.13602247820584087  0.14659116966766356  0.15709018877717298
  0.16757451985382751  0.17806850085085132  0.18857644108713006  0.19912026948590492
  0.20967634215706216  0.22025853427934336  0.23083175973497355  0.24137390633079753
  0.25189926877105673  0.26237731683500110  0.27287112243190192  0.28338258394198740
  0.29389198321016768  0.30440700674388449  0.31493591455832110  0.32552494634885204
  0.33611384337304168  0.34668952348475118  0.35725243184452049  0.36781094700015554
  0.37835110766569052  0.38889669438406471  0.39942814810398558  0.40996433233843982
  0.42047004018747242  0.43095779301591641  0.44148605099353927  0.45206386401132975
  0.46263708228802997  0.47321431007957948  0.48381732035906855  0.49444086479990990
  0.50503152697051612  0.51556865178362121  0.52608823457932208  0.53664139234448049
  0.54719249291743133  0.55775673434456696  0.56828783998564170  0.57882247671241371
  0.58935117248506852  0.59990452176274600  0.61045143626503207  0.62100161298401912
  0.63152622132869973  0.64206903471804988  0.65259386596094993  0.66307890211247333
  0.67359107100173421  0.68411396343756492  0.69465560012771876  0.70516419460496771
  0.71571158749239527  0.72626961968857606  0.73681483926212399  0.74739553902097877
  0.75797936547082434  0.76855260489840815  0.77902337160983226  0.78947688937166793
  0.79993864175916174  0.81039464768801739  0.82088596294976834  0.83136331827393550
  0.84188057419801487  0.85238979501196821  0.86289910085743415  0.87337965159150333
  0.88392520746397185  0.89449216066882253  0.90506902945483114  0.91564081576809497
  0.92619030610073927  0.93673059267751246  0.94724446993066236  0.95778460048052816
  0.96829915765812480  0.97883737165021412  0.98939990849771908  1.00000000000000000
 -0.00244993612838532  0.00950674681667965  0.01962065477113696  0.03006156142860394
  0.04050153441626896  0.05094511754497798  0.06143967389693335  0.07197665447906888
  0.08250143693453740  0.09299145084602060  0.10350182610782993  0.11403445306934161
  0.12457451018314289  0.13511253238745990  0.14567199455460719  0.15626093767237278
  0.16685590625335925  0.17738864104267626  0.18793247190639067  0.19843498205159166
  0.20894945529177836  0.21943333966841239  0.22992650486309302  0.24047030448904871
  0.25098068469668616  0.26155085282365909  0.27210600388689998  0.28270606369212686
  0.29324955939522845  0.30375362622325175  0.31426742744992320  0.32481832110099540
  0.33537311487881238  0.34592406017318539  0.35648785281644257  0.36706632959360652
  0.37763161326764910  0.38820409717528870  0.39877584913001529  0.40933050265507637
  0.41988901068311280  0.43048762373307747  0.44106369661192751  0.45162316138743963
  0.46216133467482851  0.47276312754334443  0.48333242668673981  0.49389301428185700
  0.50445554261918157  0.51502114359925033  0.52559099711357149  0.53616097382880978
  0.54675610532098451  0.55732458185496592  0.56783726275912882  0.57831496577485753
  0.58880884980923054  0.59932721889019769  0.60985476236906044  0.62037839189313415
  0.63091085086889298  0.64143742676493698  0.65199739188758277  0.66254439613806837
  0.67310571670688624  0.68364454684846176  0.69420648572533494  0.70476110170407735
  0.71528207260295973  0.72582203833504000  0.73636125741058689  0.74690489283588313
  0.75741531434226395  0.76792855280503569  0.77849119793704291  0.78906383032338034
  0.79965157291981692  0.81021797748682545  0.82076111720311740  0.83128050527057129
  0.84176757248232903  0.85223710261695451  0.86273435743306237  0.87325842535645404
  0.88379955169086566  0.89435936190552745  0.90496924979498283  0.91556302787714150
  0.92607564977930612  0.93659299974244781  0.94718381587989842  0.95778016301429814
  0.96832966439301194  0.97883646292706850  0.98941990205449837  1.00000000000000000
  0.00542127132890921  0.00921992564751282  0.01531416716312369  0.02230523113336874
  0.02997433742893086  0.03808006346780476  0.04656855077098841  0.05537221046363123
  0.06438865196096280  0.07360968623068484  0.08295877984171278  0.09243231208875027
  0.10199994946005125  0.11165986057615201  0.12139287763859430  0.13118517950342912
  0.14103062472609143  0.15092775704110417  0.16087416172083363  0.17086302201495596
  0.18087885779937246  0.19091645841096297  0.20098188246259113  0.21107672114738299
  0.22120526610838925  0.23136114490409485  0.24154363398834464  0.25175317038354611
  0.26198282407048540  0.27223210591299118  0.28250069001140932  0.29278891776556271
  0.30309450142648198  0.31341040796707587  0.32373410341013975  0.33407113760062990
  0.34442326472824836  0.35478697779470170  0.36515655193927304  0.37553618964368629
  0.38593647875769826  0.39635773270730551  0.40679300660477363  0.41723570335906268
  0.42768728024963154  0.43814895780598828  0.44862095355549103  0.45910327273251733
  0.46960047201771693  0.48010373361567465  0.49061696965698087  0.50114177565011420
  0.51168539501730281  0.52224221459523756  0.53280989197347617  0.54338775169869868
  0.55397905096921907  0.56458195562430635  0.57519529091145016  0.58581372888806815
  0.59643893893179345  0.60707856090026979  0.61773702533707187  0.62841814651317407
  0.63911596801096637  0.64982897125163164  0.66055962416731984  0.67130323558389593
  0.68205746729388839  0.69282410155947494  0.70360699830138684  0.71440726420906842
  0.72522796399426248  0.73607150546783373  0.74693287501178596  0.75780615463719114
  0.76869911354964837  0.77962199778121022  0.79058253205381934  0.80158134639806389
  0.81261992544465300  0.82369107956084742  0.83479957073948940  0.84595517353702010
  0.85716908635231615  0.86845692410347708  0.87983550026572210  0.89131787190337053
  0.90291853056513161  0.91466554799042732  0.92661701322090817  0.93887423135039427
  0.95162518408890773  0.96535457215586762  0.98133350663870389  1.00000000000000000
   1.3119647775332986E-007  -1.0000000000000000     
 F F F F F F F F F F F F T F F F F F F F F F F F F F F F F F F F
  <DiscreteSampler_grid>
  grouped_processes
  1 # 1 for a reference and 2 for a running grid.
  10 # Attribute 'min_bin_probing_points' of the grid.
  1 # Attribute 'grid_mode' of the grid. 1=='default',2=='initialization'
  0.0000000000000000 # Attribute 'small_contrib_threshold' of the grid.
  0.5000000000000000 # Attribute 'damping_power' of the grid.
 # binID   n_entries weight   weight_sqr   abs_weight
    19   10   7.414468655256900E+006   1.000793328533505E+014   7.414468655256900E+006
    22   10   7.414468655256900E+006   1.000793328533505E+014   7.414468655256900E+006
    25   10   7.414468655256900E+006   1.000793328533505E+014   7.414468655256900E+006
    28   10   7.414468655256900E+006   1.000793328533505E+014   7.414468655256900E+006
  </DiscreteSampler_grid>
