 -0.00719108768081051  0.03172044605170256  0.05756095615470239  0.07798538468005578
  0.09594797792672419  0.11196110455736968  0.12719345104145449  0.14207441872684559
  0.15646661105011048  0.17033497867193267  0.18400237162157232  0.19758770709131834
  0.21125215424193858  0.22480334511473773  0.23786787372911683  0.25061000496328023
  0.26346848567153663  0.27663513976667065  0.28982775856474108  0.30266023058563662
  0.31521220335053468  0.32761222772734855  0.33990759211343158  0.35217556925580290
  0.36437349649555489  0.37651175035973278  0.38878908452037686  0.40089650919299397
  0.41255051604278703  0.42421773879455343  0.43585885717436390  0.44737917649333148
  0.45876275075239575  0.47018660946575869  0.48139909852348156  0.49218063773163007
  0.50331823090614680  0.51469952553955622  0.52630173456712914  0.53790509254428853
  0.54945139370982377  0.56110685457865661  0.57291055993597351  0.58477313360232441
  0.59646556692243924  0.60839051317898463  0.62060027404527807  0.63247860530723998
  0.64382499038761454  0.65468244810934750  0.66525992047839055  0.67581158921023454
  0.68624990769537542  0.69657625280761637  0.70681485765125907  0.71750725010520522
  0.72839969433662599  0.73921062696315964  0.74980236209441664  0.76023129402995293
  0.77054687810516631  0.78063373611415410  0.79065686190297446  0.80062235798078984
  0.81054291244071952  0.82018808378515284  0.82930353540062318  0.83809273918730320
  0.84666877896479542  0.85535904357353121  0.86401892057062524  0.87256147695904351
  0.88134081332841874  0.89003429381800636  0.89816859169920715  0.90572370101482536
  0.91309226457738646  0.92033891910879984  0.92770800842976697  0.93466941459282393
  0.94114710217415898  0.94738679246181423  0.95339669616932410  0.95911856159518705
  0.96449384196847820  0.96949664444689909  0.97405406699741515  0.97814428615575832
  0.98178916544355366  0.98502139075952899  0.98785534192352831  0.99031276588234041
  0.99244017961455999  0.99418468324256415  0.99527703267501988  1.00000000000000000
  0.00080151764820380  0.00099265278271101  0.00110062133470413  0.00118979434881137
  0.00126871537068590  0.00134107742234644  0.00140957967856955  0.00147810162530201
  0.00154714016042212  0.00161507196171772  0.00168520300028069  0.00175313194323647
  0.00181842302454282  0.00188520440948446  0.00195580794031443  0.00202885660693797
  0.00209964511199179  0.00217066651384653  0.00224235884157044  0.00231555192633160
  0.00238899879931845  0.00246332928527385  0.00254114579915658  0.00262134520173296
  0.00270125405564187  0.00278396017625941  0.00287218542304354  0.00295662888555834
  0.00304181516870396  0.00313160865601501  0.00322733540690510  0.00332623051000737
  0.00342496768539533  0.00352243739190205  0.00362064088148872  0.00372216109431386
  0.00382974058028983  0.00394156003413749  0.00405630695899060  0.00417465478278856
  0.00429862622632747  0.00442799775526609  0.00455357857608299  0.00468194765565623
  0.00481678750438768  0.00496492353522655  0.00511541205888855  0.00527512042176028
  0.00544243343267537  0.00561124508358517  0.00578574253374226  0.00596806407544062
  0.00615736320495471  0.00635295921471026  0.00656241005606153  0.00678375582852375
  0.00700914921264041  0.00724105306114310  0.00748836209978296  0.00775205410014302
  0.00803094542680439  0.00832108811719502  0.00861893866765208  0.00893541731592161
  0.00928572010802997  0.00966386074449759  0.01006156716673227  0.01047519456741251
  0.01091202020986890  0.01140475581778708  0.01195964687292072  0.01253239999075296
  0.01307556138959065  0.01366172809807943  0.01430628580432373  0.01502546614649576
  0.01578377110927323  0.01662507099045775  0.01757612724473363  0.01860828833613518
  0.01967884394269523  0.02078397786592912  0.02199280252693807  0.02328169035783254
  0.02456171160596384  0.02615979633489171  0.02868493555085046  0.03336059201180551
  0.03846882765474591  0.04118817061409146  0.04563215671162019  0.07581164778396977
  0.13238678906932261  0.21096104122144629  0.28746519146144256  1.00000000000000000
  0.00121847208787095  0.00209436544984186  0.00297025881181277  0.00384615217378369
  0.00472204553575460  0.00491616289734681  0.00496623384508253  0.00501630479281825
  0.00524880012599225  0.00628405673685186  0.00848996279372694  0.01299541160015089
  0.01855010903013028  0.02936147759076767  0.04196646734851908  0.05420220127460239
  0.06635278875000244  0.07847184025366299  0.09065447278652748  0.10280960517767163
  0.11416772408209641  0.12507841057938010  0.13619722577472637  0.14732139372999659
  0.15818828472227209  0.16915513533006890  0.18054196835649916  0.19206674691612144
  0.20352084919970059  0.21553840585129569  0.22741703746890538  0.23868607640777123
  0.25003627605801093  0.26235492654088000  0.27508916244409576  0.28793483340199261
  0.30110634875499881  0.31407921788348558  0.32633806026539480  0.33820257770940965
  0.34982732329380917  0.36132073987666208  0.37224843205896807  0.38259682287480851
  0.39369105121959613  0.40524295356788831  0.41729297713191515  0.42900633535034383
  0.44049115197212491  0.45187252801537253  0.46331559179412196  0.47488339876744878
  0.48677700565538168  0.49879733812137023  0.51084003716637638  0.52286777839675969
  0.53480710332069981  0.54656317542178046  0.55795222360501606  0.56905996195614628
  0.57994383504123115  0.59090625094005522  0.60212624128590053  0.61366079456834677
  0.62548556616614126  0.63737902585614437  0.64927828097553675  0.66102906075561707
  0.67294581229444062  0.68531227716073484  0.69786353738133311  0.71031874450700949
  0.72255701637205194  0.73447894560770577  0.74621558600291504  0.75802407744733491
  0.76993199494889664  0.78191785645716294  0.79390885921954657  0.80604430031844343
  0.81801346698083921  0.82984172464731654  0.84158052169289177  0.85347494867072560
  0.86500013612315452  0.87798179059955894  0.89230603931800212  0.90658296276508410
  0.91945145382864879  0.93135598392598340  0.94314903170726827  0.95506177899002120
  0.96612852949484018  0.97716137655390678  0.98855254638143730  1.00000000000000000
  0.00005158904201106  0.00120755944738434  0.00225880891463371  0.00286495814190755
  0.00377731229006979  0.00611328310611139  0.00705471394811065  0.00933794037229480
  0.01283572378688236  0.01959201093435084  0.02964472786517176  0.03997550170908682
  0.05049250163355214  0.06100462626326407  0.07127345710014003  0.08135682317757760
  0.09226811361765418  0.10327490581528408  0.11428374818874872  0.12472455937951944
  0.13511135182853246  0.14567644738065963  0.15727557523416649  0.16917025141542003
  0.18074754768139845  0.19236288510856719  0.20416846662528282  0.21588911340958283
  0.22737425110886952  0.23932920075740607  0.25115432436537638  0.26249053504551434
  0.27376592169922942  0.28499032547953618  0.29605408744326556  0.30699689016518256
  0.31790062913180150  0.32881845644694802  0.33983414049333638  0.35098003438366276
  0.36224176932834906  0.37361759222553809  0.38599506951035473  0.39809429121502721
  0.41018805001584674  0.42197027726712955  0.43346986730109405  0.44492255647211731
  0.45616824321107641  0.46769874009252127  0.47933689367021126  0.49128203088704114
  0.50311318068668631  0.51479040170507095  0.52610553531631943  0.53734990777966385
  0.54856903513772326  0.55950067824773897  0.57008652141715832  0.58084738412146819
  0.59220454103528464  0.60383301442844106  0.61533566652444094  0.62672555130032559
  0.63803125429967811  0.64919477408176429  0.66012046211530762  0.67100472917841558
  0.68168976226369571  0.69311724016419374  0.70534020027231226  0.71797108715529689
  0.73063125668686346  0.74293497007103626  0.75464927924207936  0.76603029839358838
  0.77729168338836452  0.78846477085331135  0.79967446952552612  0.81133415262535835
  0.82368518214051423  0.83638145398291697  0.84887895965581406  0.86089464489628886
  0.87257135636443994  0.88344481067745795  0.89435277440398808  0.90555602295443671
  0.91667659385754396  0.92766372509499717  0.93922149990683745  0.95175793327424973
  0.96452780657351367  0.97652918153652857  0.98829795132632603  1.00000000000000000
 -0.00225605484450173  0.00915168224895710  0.01848862275306231  0.02879008302763373
  0.03914190160797563  0.04979167841291762  0.06118134145687869  0.07240316672961274
  0.08409900841026642  0.09479166531567836  0.10577573642748787  0.11592494048435353
  0.12624044738250792  0.13708949491854452  0.14718060981931505  0.15788357962439906
  0.16695589424246277  0.17850629350665079  0.18858409605584811  0.19791289016352001
  0.20802296977507592  0.21823276190355737  0.22828350229348396  0.23793630920426764
  0.24765778327821986  0.25840304450051510  0.26995191258165607  0.28100325619642974
  0.29179702914821493  0.30281782421383308  0.31393238397123246  0.32501310786406035
  0.33580019089883384  0.34676046998526833  0.35773477476117710  0.36893331131331975
  0.37988348371660496  0.39037937281096496  0.40063489518307988  0.41053995359907308
  0.42032790405007642  0.43010195589297034  0.44081846956392495  0.45189158548534930
  0.46280297427103401  0.47337795468106719  0.48370777104606527  0.49424111612535543
  0.50446796006367922  0.51506626127092237  0.52579879626998616  0.53637752980197073
  0.54659047063555222  0.55623813648523601  0.56612375855524033  0.57627523651128620
  0.58677575825730943  0.59702410854528365  0.60767451721035326  0.61870172515547373
  0.62971862023186131  0.64074290758943164  0.65168490863123807  0.66266153132239758
  0.67346885059716421  0.68441780422644194  0.69555021684484919  0.70665758687095392
  0.71762572831902571  0.72832076306848104  0.73880766687571719  0.74909709863616858
  0.75925936425036533  0.76933279661185960  0.77925228791771251  0.78885731746037913
  0.79876382107366817  0.80861793830156437  0.81884574273323352  0.82931859370119554
  0.83992300158352717  0.85082271319570668  0.86179082575396448  0.87310214672702513
  0.88319034824905451  0.89343863877649343  0.90374977343815832  0.91416089652771215
  0.92430932217220396  0.93409248268152878  0.94430570561405691  0.95466200594202288
  0.96493124161402277  0.97519164293224503  0.98569346697108007  1.00000000000000000
  0.99972312076845216  0.99972554476078490  0.99972757957024172  0.99972960574053793
  0.99973165602847880  0.99973371042023373  0.99973576033043021  0.99973780020118974
  0.99973983498794006  0.99974185581757513  0.99974385357831563  0.99974584293120139
  0.99974783646509402  0.99974986038779401  0.99975190171386197  0.99975393865240925
  0.99975598453623282  0.99975802926436430  0.99976006426404984  0.99976209099415048
  0.99976411861995673  0.99976619185539550  0.99976828180762778  0.99977037964600268
  0.99977247464384700  0.99977455170366347  0.99977660138509006  0.99977864072796885
  0.99978068844062606  0.99978277241322089  0.99978490101391138  0.99978702890366533
  0.99978915373695898  0.99979129670673506  0.99979344713406415  0.99979562314044979
  0.99979781912533172  0.99980002355636144  0.99980223179329264  0.99980443664040075
  0.99980666883252467  0.99980888848002791  0.99981111505234499  0.99981333111494852
  0.99981576817451856  0.99981821357375855  0.99982065262552711  0.99982309999672103
  0.99982555240341719  0.99982801198020088  0.99983050071920665  0.99983302827914844
  0.99983558781585868  0.99983815925271535  0.99984069989197799  0.99984321415055633
  0.99984575033709444  0.99984833572759813  0.99985097449421967  0.99985363503738700
  0.99985632080146603  0.99985903615316984  0.99986174476287970  0.99986438071873407
  0.99986699159851777  0.99986963975515530  0.99987239811426543  0.99987527155493683
  0.99987818293891406  0.99988112058871037  0.99988406244728101  0.99988702029638798
  0.99989002251097536  0.99989308118399722  0.99989620105312560  0.99989932322979613
  0.99990237587183084  0.99990545036073386  0.99990872876791881  0.99991224944976298
  0.99991587720428343  0.99991955093690599  0.99992330439197663  0.99992715110518848
  0.99993109558557758  0.99993514549647178  0.99993932408994712  0.99994366368112197
  0.99994818286587417  0.99995292723349027  0.99995800429223292  0.99996345788728536
  0.99996938137905411  0.99997611628970706  0.99998484626416395  1.00000000000000000
   1.1148383036664323E-005  -1.0000000000000000     
 F F F F F F F F F F F F F F F F F F F F F F F F F F F F F F F F F F F F F F F F F F F F F F F F F F F F F F F F F F F F F F F F
  <DiscreteSampler_grid>
  grouped_processes
  1 # 1 for a reference and 2 for a running grid.
  10 # Attribute 'min_bin_probing_points' of the grid.
  1 # Attribute 'grid_mode' of the grid. 1=='default',2=='initialization'
  0.0000000000000000 # Attribute 'small_contrib_threshold' of the grid.
  0.5000000000000000 # Attribute 'damping_power' of the grid.
 # binID   n_entries weight   weight_sqr   abs_weight
    19   10   1.463749919222713E+006   3.174880313735985E+012   1.463749919222713E+006
    22   10   1.463749919222713E+006   3.174880313735985E+012   1.463749919222713E+006
    25   10   1.463749919222713E+006   3.174880313735985E+012   1.463749919222713E+006
    28   10   1.463749919222713E+006   3.174880313735985E+012   1.463749919222713E+006
  </DiscreteSampler_grid>
