 -0.00242976390613622  0.00955870650740497  0.01971416082062327  0.03023719457853011
  0.04077508732915495  0.05132063622610407  0.06187554696071401  0.07241615280360417
  0.08293492223602696  0.09347872510360265  0.10403645559784766  0.11460352697786455
  0.12514228962234492  0.13572508117610815  0.14629821705809196  0.15686120245058446
  0.16741843588825897  0.17802779738283547  0.18865964851994865  0.19925524012146187
  0.20983376230971318  0.22039480782124360  0.23092309934145358  0.24146660621171820
  0.25200829227406918  0.26258979652642123  0.27313223420932975  0.28366852204604653
  0.29421229467093568  0.30476241263246628  0.31529061445549295  0.32584252246102269
  0.33643268044881636  0.34706484958837702  0.35764681506160112  0.36819013347176482
  0.37870373300024796  0.38923129090558634  0.39978208793532055  0.41033020016649741
  0.42085295170607101  0.43136632032801164  0.44191965730159150  0.45248593303943524
  0.46306858288277303  0.47363144296123089  0.48418975857531893  0.49473872012023562
  0.50531919002381176  0.51592277233164840  0.52647701533137248  0.53699635760576714
  0.54751695410961976  0.55805043726047343  0.56856951818270429  0.57907151892009801
  0.58957374365779947  0.60010116508520905  0.61060944406724171  0.62111699578802848
  0.63159602485685551  0.64208267543188136  0.65259035435848278  0.66311914217478118
  0.67366521801475787  0.68421639748627094  0.69475201596052316  0.70531225629883065
  0.71584787086220136  0.72639333196521372  0.73688133395286770  0.74736993855887801
  0.75784878618340357  0.76833725856155477  0.77880854381390163  0.78931458865020410
  0.79983310755436088  0.81037926893110224  0.82095854879948693  0.83151450001372629
  0.84205320905354986  0.85256585857621858  0.86311427455092560  0.87363652135940795
  0.88416724020994075  0.89462510378201887  0.90508753874793224  0.91556196192219941
  0.92614489366397901  0.93672604783558755  0.94729480372866226  0.95783612107373084
  0.96839992290130594  0.97895089759751119  0.98949447494402698  1.00000000000000000
 -0.00241059818682820  0.00955116215283985  0.01975048710640694  0.03025386883201575
  0.04079038552275993  0.05131791468396374  0.06185899457835763  0.07238808374480749
  0.08291847653329612  0.09348123376159077  0.10401843257705033  0.11454288526579366
  0.12506662187757744  0.13559201544816243  0.14613957777976128  0.15664039416850703
  0.16714229260164629  0.17764952075906709  0.18818485668199955  0.19870252609700809
  0.20921068449345462  0.21976701857217859  0.23034719380882346  0.24089690220554447
  0.25142264293663064  0.26198166488593427  0.27250316817706616  0.28299531543552719
  0.29351683682356744  0.30407150888447387  0.31461624693352741  0.32509341463921915
  0.33559531568549916  0.34617645282422116  0.35676038620801515  0.36739723051756290
  0.37796565062560855  0.38854943151689297  0.39913083298275004  0.40973011931471010
  0.42033489074682018  0.43089258677661912  0.44143266333804948  0.45199327388993871
  0.46252338489145245  0.47305043058903179  0.48354700930978411  0.49404809074695438
  0.50452221824889321  0.51500474523186635  0.52549011477532004  0.53601058611735319
  0.54656192391548397  0.55716432377949154  0.56770918004349458  0.57821556692223519
  0.58872557141637361  0.59930545042122196  0.60984458748404613  0.62038907009389699
  0.63096433529384688  0.64159960459018572  0.65217886836594630  0.66269909406712668
  0.67319237600648174  0.68368633403008361  0.69419947483622368  0.70473097872943080
  0.71529834827972849  0.72587086857419614  0.73638450507788333  0.74688916240229275
  0.75739409340038799  0.76790656255538992  0.77842291389381313  0.78891755228533889
  0.79940076083476375  0.80991021547557052  0.82041038651571163  0.83092485185563703
  0.84142211020499957  0.85192695915502692  0.86251401305846975  0.87307749517811539
  0.88366858597995435  0.89427956173079948  0.90489475335519221  0.91556113536860007
  0.92610943216144392  0.93669623670398683  0.94721800613022245  0.95783267816724338
  0.96842478248519570  0.97899849295260288  0.98953003397218275  1.00000000000000000
  0.00538774636540164  0.00900815501776703  0.01504736066865313  0.02198883408781267
  0.02960165658346331  0.03764443218662396  0.04608793334124276  0.05488094203955558
  0.06388322573125746  0.07309856106919778  0.08244149747731629  0.09191702343945514
  0.10148581907528371  0.11114527588864695  0.12088003681420348  0.13068542982107578
  0.14055014734737944  0.15046236592623072  0.16041379359775515  0.17040370730466037
  0.18042941863630813  0.19048996289920822  0.20058439442010612  0.21070490344468576
  0.22084896842225121  0.23101280622965628  0.24120183094906106  0.25141169512084971
  0.26162836548316659  0.27184546334057846  0.28207016011346320  0.29232586796117516
  0.30262038873403263  0.31294015611106529  0.32327083903609455  0.33361568269934649
  0.34398046654062669  0.35435690057653108  0.36473600288669966  0.37512409469818608
  0.38553042693346184  0.39595837143332152  0.40639111378943937  0.41682584272778411
  0.42727309876166797  0.43773895707020627  0.44822550374154008  0.45870904881572683
  0.46920028153432458  0.47970653004111397  0.49023428239483208  0.50077221573356001
  0.51131644586149150  0.52186837612634285  0.53243684154453907  0.54302000084144697
  0.55361892678285374  0.56422420220745684  0.57483169367846443  0.58544427248489983
  0.59607793237191553  0.60673159015237721  0.61740268908602181  0.62807861131658949
  0.63877260314950046  0.64948335599327212  0.66020539548617285  0.67093074324926549
  0.68167376893514897  0.69244028448454975  0.70323108114493738  0.71403919067148691
  0.72486936036904737  0.73572146129519700  0.74659529873477815  0.75747858080334551
  0.76837179862883631  0.77928672144685851  0.79024077102666945  0.80124253272453616
  0.81228214418055611  0.82336117866278657  0.83448498517085057  0.84566342037800546
  0.85690460417703551  0.86821510632632715  0.87960994145751070  0.89109972041769814
  0.90270659377274054  0.91446212224023971  0.92642398650823199  0.93869169930138296
  0.95145411397994317  0.96519896806063721  0.98121537891581878  1.00000000000000000
   1.3149307750437036E-007  -1.0000000000000000     
 F F F F F F F F F F F F T F F F F F F F F F F F F F F F F F F F
  <DiscreteSampler_grid>
  grouped_processes
  1 # 1 for a reference and 2 for a running grid.
  10 # Attribute 'min_bin_probing_points' of the grid.
  1 # Attribute 'grid_mode' of the grid. 1=='default',2=='initialization'
  0.0000000000000000 # Attribute 'small_contrib_threshold' of the grid.
  0.5000000000000000 # Attribute 'damping_power' of the grid.
 # binID   n_entries weight   weight_sqr   abs_weight
    19   10   1.234694638844017E+007   1.970492169811463E+014   1.234694638844017E+007
    22   10   1.234694638844017E+007   1.970492169811463E+014   1.234694638844017E+007
    25   10   1.234694638844017E+007   1.970492169811463E+014   1.234694638844017E+007
    28   10   1.234694638844017E+007   1.970492169811463E+014   1.234694638844017E+007
  </DiscreteSampler_grid>
