 -0.00247985588044630  0.00953340248449896  0.01967142082543308  0.03017007671815480
  0.04070519554511959  0.05122247065319503  0.06173000298770125  0.07227044966869194
  0.08284919959053727  0.09346691816558636  0.10407847447812776  0.11461169035954963
  0.12514594685190986  0.13568282404449425  0.14625135286705146  0.15675463115555724
  0.16726863382572008  0.17775170024913262  0.18825358792330688  0.19872067125278559
  0.20920585299837746  0.21971686323226330  0.23022418834958511  0.24075196309208938
  0.25130397333794757  0.26186983276379966  0.27244158194462181  0.28297210397138223
  0.29350606351531827  0.30403459270072197  0.31456954450008062  0.32509161866037473
  0.33557308189449248  0.34607815083679533  0.35661609308937814  0.36717271431103660
  0.37773155311411993  0.38823219799694259  0.39870616145491689  0.40918371032892298
  0.41968780594675970  0.43024850889340521  0.44079133166352563  0.45136571696599698
  0.46192435906449369  0.47249641680411192  0.48307521437684625  0.49370871612862433
  0.50427854713984432  0.51482722660771418  0.52536323000984098  0.53591188109294585
  0.54641187420201731  0.55691428408193655  0.56743133549305536  0.57799956619448212
  0.58854151735384963  0.59906822758481648  0.60961033460453495  0.62015330201633911
  0.63073517259524525  0.64128161434102582  0.65182869599063187  0.66234295061326443
  0.67287446087109448  0.68339847809637300  0.69392069114420563  0.70441622430150264
  0.71492787077487974  0.72544806910082671  0.73598212230723503  0.74649259857657768
  0.75701647545075057  0.76752378945737132  0.77800857662373635  0.78852131503569201
  0.79903573895505942  0.80956244229135610  0.82009497009552967  0.83066588371480299
  0.84129576798568506  0.85188958733662346  0.86248460655896753  0.87307036879395228
  0.88370096856890701  0.89432501974282164  0.90493089606353871  0.91556633456617076
  0.92616684462734999  0.93677211784438064  0.94731438649584188  0.95785924181702520
  0.96840218431969716  0.97892627993956061  0.98947763793543597  1.00000000000000000
 -0.00251390665058519  0.00954869055389513  0.01968374752541725  0.03016939945493928
  0.04066249310266718  0.05119056483761037  0.06171633042241223  0.07227970871954506
  0.08282159686562302  0.09341713845687072  0.10402496751084113  0.11461661916448536
  0.12519581427606435  0.13573929503958077  0.14628527028261307  0.15684163989873462
  0.16740641758185509  0.17797544844620816  0.18854694753025839  0.19914626588557935
  0.20974784877624711  0.22034311816673627  0.23094519089233623  0.24155003527991567
  0.25215600237037866  0.26269387796824739  0.27323498916341332  0.28374101565389964
  0.29426193352119828  0.30477360014256183  0.31526357617031692  0.32578170918733323
  0.33632326870239654  0.34688683621794858  0.35744572172038763  0.36796435329051330
  0.37851670239031260  0.38905495594487877  0.39959503531050750  0.41011777626875862
  0.42062884999214040  0.43112705639276383  0.44161212262052296  0.45211961133645617
  0.46261660365172413  0.47309793473844408  0.48358984209653183  0.49412063107190168
  0.50466675223607471  0.51522782245895249  0.52576845976872710  0.53629188938720951
  0.54683855384075108  0.55739896522894850  0.56797615586556893  0.57852299484143743
  0.58902425036702877  0.59951572536513342  0.61002670160428474  0.62058439217164729
  0.63114300815465318  0.64164574432572397  0.65218003138795511  0.66273920604613579
  0.67330225324322568  0.68382897511173324  0.69434994052877852  0.70483756819590671
  0.71530586265812457  0.72575668326319231  0.73623713556217218  0.74673839301961631
  0.75727287085338812  0.76785575685451068  0.77843016035587775  0.78895610336669320
  0.79945415334062375  0.80996064685712277  0.82049945246202005  0.83103175606867630
  0.84155081336489568  0.85211743380531890  0.86263719749742185  0.87318999480901494
  0.88375754342716439  0.89433832042085259  0.90491200707362207  0.91544032318075330
  0.92602825848537507  0.93662186959033122  0.94720131552818665  0.95775847779238110
  0.96827498438585757  0.97881694166582967  0.98939750511244873  1.00000000000000000
  0.00530865828635381  0.00902700196442036  0.01511952109372639  0.02211086017304872
  0.02976562238381508  0.03784638225478474  0.04632650227466372  0.05513510569661102
  0.06415204928862908  0.07337033515887487  0.08272083943426364  0.09219963842332053
  0.10177332868690429  0.11143336349922008  0.12115948038759142  0.13094551079111036
  0.14078542149192469  0.15067898684646988  0.16062462884245524  0.17061380500800261
  0.18063887982573343  0.19069133877122096  0.20077261134085830  0.21088378934631477
  0.22102716701539449  0.23119974479482500  0.24139496690166384  0.25160909456832453
  0.26183899231355551  0.27208414672548731  0.28234771867601938  0.29263454007135270
  0.30293622469903225  0.31325078101908815  0.32358345530355498  0.33393295305212384
  0.34429440936446981  0.35466232622282801  0.36504315727765901  0.37543929436619322
  0.38584888304047388  0.39627200359458081  0.40670547794196510  0.41714514618493143
  0.42759195108662873  0.43804996346953012  0.44852682454471970  0.45901497316127332
  0.46951436736879992  0.48002262675059210  0.49054308067385632  0.50107431436557304
  0.51160925279061775  0.52214730566941681  0.53269752613920507  0.54326384164202590
  0.55384463634368586  0.56444140516441765  0.57504779820514362  0.58567188958078109
  0.59630919589877118  0.60696676840468655  0.61763919224643371  0.62831763826256515
  0.63899610852967703  0.64968811195718179  0.66039946403909944  0.67112866013447670
  0.68187778738333138  0.69264660584247395  0.70344392239626274  0.71425966281809516
  0.72509785916248637  0.73594925459372851  0.74681454905108802  0.75769484519834940
  0.76860360425335994  0.77954642585716805  0.79052358336569972  0.80152952896100893
  0.81256216564833994  0.82362778265640302  0.83473547969582040  0.84589738732831787
  0.85712776967411564  0.86843193175115030  0.87982140604183234  0.89130198532774330
  0.90290182684082410  0.91466023411516362  0.92662851947091585  0.93889612456453198
  0.95164036143690189  0.96535845203136950  0.98134210038769165  1.00000000000000000
   1.3102898124365867E-007  -1.0000000000000000     
 F F F F F F F F F F F F T F F F F F F F F F F F F F F F F F F F
  <DiscreteSampler_grid>
  grouped_processes
  1 # 1 for a reference and 2 for a running grid.
  10 # Attribute 'min_bin_probing_points' of the grid.
  1 # Attribute 'grid_mode' of the grid. 1=='default',2=='initialization'
  0.0000000000000000 # Attribute 'small_contrib_threshold' of the grid.
  0.5000000000000000 # Attribute 'damping_power' of the grid.
 # binID   n_entries weight   weight_sqr   abs_weight
    19   10   1.300056084113726E+007   2.310073610607828E+014   1.300056084113726E+007
    22   10   1.300056084113726E+007   2.310073610607828E+014   1.300056084113726E+007
    25   10   1.300056084113726E+007   2.310073610607828E+014   1.300056084113726E+007
    28   10   1.300056084113726E+007   2.310073610607828E+014   1.300056084113726E+007
  </DiscreteSampler_grid>
