 -0.00931744615825216  0.08413432422003447  0.13365522183546061  0.16482516410033402
  0.19197068939525558  0.21536089885032952  0.23880491992500891  0.26555349095689884
  0.29205955360029395  0.31600781123661670  0.33844543420339046  0.35996584689191224
  0.37976047534663299  0.39780172717923823  0.41470481586612029  0.43207845202314032
  0.44987770809533267  0.46623843208389759  0.48129911985254914  0.49710648988736866
  0.51317981303473448  0.52772445797405065  0.54155895760836814  0.55537189355020555
  0.56898792712136115  0.58161114056948593  0.59361229487339617  0.60545887095942452
  0.61721439090182828  0.62915061853261223  0.64092241749339018  0.65259075804552635
  0.66285483488911690  0.67283141954040748  0.68331733530771488  0.69472821304344756
  0.70543649990610513  0.71531657390065506  0.72449269466352906  0.73421610356366285
  0.74376963811177799  0.75260124530253703  0.76052152509967796  0.76800528756721786
  0.77555470120019632  0.78257039036036002  0.79005983340927599  0.79793353743731910
  0.80598257139589857  0.81424460960041001  0.82193153773286498  0.82906449321951503
  0.83606135698461170  0.84297885125562699  0.84973625737644709  0.85613094984144400
  0.86218232650099957  0.86795796688345006  0.87352396616311434  0.87911211668177225
  0.88464949965636475  0.89017157724181484  0.89555339674262957  0.90099401670381885
  0.90655983366271309  0.91189410978365570  0.91652881041269363  0.92111229802125194
  0.92518218121920914  0.92814255789675304  0.93112046704400386  0.93377820438921189
  0.93616561663343700  0.93861413917942549  0.94183203807363303  0.94535315843201162
  0.94908838192980594  0.95291999133475247  0.95600540879781193  0.95878909978064841
  0.96147690542583586  0.96404568944228231  0.96650786173844583  0.96880091684396274
  0.97101498473608849  0.97317247515285066  0.97536623369078701  0.97758877731966054
  0.97979723384767037  0.98192685335734209  0.98386637090851115  0.98599845376917306
  0.98839428260297590  0.99124530629036600  0.99547212759680259  1.00000000000000000
  0.00000000003757855  0.00000000004247852  0.00000000004595272  0.00000000004873812
  0.00000000005137321  0.00000000005392609  0.00000000005646531  0.00000000005905861
  0.00000000006166417  0.00000000006429013  0.00000000006695021  0.00000000006964775
  0.00000000007256197  0.00000000007556048  0.00000000007861911  0.00000000008179713
  0.00000000008500011  0.00000000008822900  0.00000000009218283  0.00000000009637514
  0.00000000010082938  0.00000000010596161  0.00000000011144684  0.00000000011722830
  0.00000000012361312  0.00000000013016554  0.00000000013676098  0.00000000014289750
  0.00000000014861110  0.00000000015424089  0.00000000015999912  0.00000000016654252
  0.00000000017383506  0.00000000018156857  0.00000000018956708  0.00000000019794691
  0.00000000020520860  0.00000000021334774  0.00000000022266922  0.00000000023263336
  0.00000000024238590  0.00000000025571161  0.00000000026928117  0.00000000028304438
  0.00000000029643677  0.00000000031474670  0.00000000033373668  0.00000000035254015
  0.00000000036976536  0.00000000038399849  0.00000000039750268  0.00000000041122136
  0.00000000042592359  0.00000000044269046  0.00000000046283201  0.00000000048557085
  0.00000000050786465  0.00000000053057042  0.00000000055399622  0.00000000058168772
  0.00000000061542721  0.00000000065232480  0.00000000068623974  0.00000000072020395
  0.00000000075696371  0.00000000080042722  0.00000000083866355  0.00000000087881512
  0.00000000093357744  0.00000000100327063  0.00000000108235771  0.00000000117404090
  0.00000000127701387  0.00000000140490634  0.00000000158724245  0.00000000182272155
  0.00000000208940707  0.00000000239152572  0.00000000278012659  0.00000000327693350
  0.00000000387684741  0.00000000479818728  0.00000000616517630  0.00000000851811035
  0.00000001348048017  0.00000002220344224  0.00000004091204696  0.00000009481390581
  0.00000031928900264  0.00000123649222945  0.00000551941917905  0.00002538501491565
  0.00022511955988212  0.01064788616141665  0.72925480411634158  1.00000000000000000
 -0.00228625699058368  0.00882693067071539  0.02021623864802814  0.03123602894795933
  0.04226783417668105  0.05300456307817634  0.06319413897648125  0.07330032972041209
  0.08347712224978117  0.09327845454393129  0.10247065694336999  0.11235644022380466
  0.12321607790790616  0.13409701082737008  0.14522078608753317  0.15520146130279106
  0.16540865511180092  0.17581552646996748  0.18557888623561089  0.19495087698857375
  0.20371273190740702  0.21259352413546126  0.22252274286046025  0.23194481263220024
  0.24153460873566454  0.25176393633556227  0.26340322960729606  0.27516416441110070
  0.28646848055103125  0.29793635163945920  0.30906731913833169  0.31920107426819433
  0.32860368413718349  0.33842192806088056  0.34905367375967367  0.35944104052903880
  0.36959555838210928  0.37939770769553427  0.39019296933458208  0.40199798399255920
  0.41367156202253308  0.42439861092531495  0.43399886462084913  0.44346331392872057
  0.45375365256631534  0.46424234147990606  0.47573389932811289  0.48793904009363104
  0.49955230434837583  0.51048393796033631  0.52141470738637674  0.53254235529081273
  0.54392236085235390  0.55580157768979033  0.56742980109107777  0.57806563113124532
  0.58722760938752416  0.59674267117761015  0.60727210711087898  0.61765710436097909
  0.62827123756180558  0.63846978187021819  0.64875438127383422  0.65919725678411700
  0.66995179861424736  0.68067327389378518  0.69123667130322486  0.70198642647355014
  0.71287924515729917  0.72402193891670108  0.73489581609718069  0.74537491243380616
  0.75551809037605355  0.76577178700348925  0.77736844442791064  0.78993366232034845
  0.80280013450815402  0.81543064641765484  0.82681972168537909  0.83625327574995523
  0.84549154439982188  0.85470085035541332  0.86460939087138255  0.87513405714039960
  0.88602668980409338  0.89750850024584095  0.90857320863857949  0.91813577481579201
  0.92701782775189590  0.93618052217756553  0.94542682452596272  0.95495531386349242
  0.96577966397851900  0.97645314091480695  0.98680866475891582  1.00000000000000000
 -0.00141448711500088  0.00615596078391019  0.01590352428755814  0.02596959069031128
  0.03597205973229731  0.04661280295801214  0.05664331318339884  0.06642507902741331
  0.07572215000777016  0.08603002670625262  0.09741986076706806  0.10862663402993511
  0.12022700370737466  0.13210014797953359  0.14350207909399113  0.15471562532310207
  0.16632060858477313  0.17799576767817232  0.18947939182406276  0.20072978532461055
  0.21197914805175783  0.22293470700653373  0.23392263631459315  0.24463437260117826
  0.25449952978515539  0.26398283292800023  0.27405648275865879  0.28484801731279052
  0.29590495332436506  0.30657743006023780  0.31686603052921075  0.32744349613087098
  0.33848158565366709  0.34894882221942342  0.35786383369025015  0.36618249756540699
  0.37530617533540234  0.38504658022161165  0.39424535407652200  0.40391663407622519
  0.41437920310418574  0.42508333918403496  0.43592903706148717  0.44737151467421810
  0.45889082512988161  0.47020700471648258  0.48160325866524434  0.49314363279700246
  0.50487210928354431  0.51635517584296919  0.52719831576232701  0.53785658024198846
  0.54852301497105649  0.55940132853135072  0.57046870097903024  0.58180643391016496
  0.59317624282390924  0.60450779224104956  0.61540383270508336  0.62601912191740217
  0.63687554338645436  0.64780782562678096  0.65837100576631835  0.66919446299437513
  0.67889120632863453  0.68783102406262886  0.69639145856515228  0.70512246480289742
  0.71551286497213873  0.72534328651726365  0.73580229456779345  0.74684422239669923
  0.75801931169394421  0.76878789064759101  0.77972965433158514  0.79146238018371484
  0.80369368153283838  0.81552272089622013  0.82604876239840064  0.83582091333549935
  0.84537453961811682  0.85596751061387899  0.86773935819049852  0.87956606100838119
  0.89108503939922568  0.90223245770123595  0.91328808493957492  0.92439197785169946
  0.93511799393926698  0.94497459451196586  0.95413019366738250  0.96300079546349260
  0.97198063476229357  0.98190409496172160  0.99162681351606496  1.00000000000000000
 -0.00256577872955319  0.00937936364368704  0.02124380493426943  0.03363782224053206
  0.04432197002577318  0.05337274872326181  0.06271577410049982  0.07271272091775875
  0.08327126782858550  0.09389575061532567  0.10428422065607540  0.11447871194451389
  0.12412295216488446  0.13269592936835642  0.14126267234289869  0.15155198736155551
  0.16156813665251496  0.17082489802821207  0.18079516932014281  0.18975855887497806
  0.19791129273130398  0.20686387480396817  0.21730415081737312  0.22835688807702181
  0.23937815687446012  0.25045594880272154  0.26161342464539222  0.27309771886680023
  0.28474746015611158  0.29630748726403527  0.30774054853370719  0.31875930206943670
  0.32936171315670565  0.34007759397521992  0.35124731438330620  0.36293904867421956
  0.37480747283291355  0.38613169539706443  0.39636606681416575  0.40595067244627137
  0.41557854367560426  0.42594899649320278  0.43709845826565569  0.44817482437232298
  0.45859125112689147  0.46854310294654777  0.47863939763955143  0.48931104167010353
  0.50041694647195334  0.51133223458050769  0.52133136158338422  0.53070197756581172
  0.54049905427500478  0.55052676538605094  0.56033134995340550  0.57036923370071912
  0.58104141828932410  0.59234159719869051  0.60409360572490234  0.61630220138380531
  0.62870889392551332  0.64075808461560424  0.65220487461319776  0.66313115071930184
  0.67375045522086197  0.68464114829994871  0.69490570616010117  0.70400525109635426
  0.71265883755461623  0.72209082227636356  0.73257593910698682  0.74292582539425056
  0.75262506168697907  0.76228269397839099  0.77186153321011253  0.78165522380799468
  0.79134923373270105  0.80087057501591175  0.81150891355578603  0.82227676027723906
  0.83316406593734293  0.84507567741038181  0.85669499813408956  0.86771077034399224
  0.87809117833483685  0.88837690936817482  0.89865460887987847  0.90962396357273190
  0.92113326047472355  0.93279095809999912  0.94435275528977081  0.95514744924600270
  0.96603214922818248  0.97691974983727881  0.98884422837740638  1.00000000000000000
  0.18497785221782656  0.20627435807270517  0.23099934957378659  0.26906645450018724
  0.31424865345342051  0.35914249147018307  0.40352024946316545  0.45320353435190552
  0.49716675168061158  0.53191289056037427  0.56030871324246012  0.58476792823842272
  0.60280567329381862  0.61478628114210065  0.62499759351354500  0.63500115890949038
  0.64288742241664565  0.64954810270530450  0.65507484263355498  0.65954338894879450
  0.66306093154281065  0.66600235668554009  0.66876988939085302  0.67138430171193297
  0.67381823562240550  0.67586188518556722  0.67739836862496372  0.67852979644011358
  0.67958283790367657  0.68083667049920227  0.68220644544454190  0.68346425206683192
  0.68443022090138417  0.68533424538944654  0.68619690480064666  0.68708741054519484
  0.68801610561798865  0.68891402251645262  0.68977168636192820  0.69052132800616950
  0.69117828360836320  0.69177599813915325  0.69239095252458749  0.69292049503116471
  0.69344559818024820  0.69396030428847211  0.69449402405168770  0.69501581229298437
  0.69552077558471881  0.69601908516839661  0.69651478011137935  0.69702520391373912
  0.69753548028835477  0.69803073712239705  0.69850666703928854  0.69899208162136461
  0.69949376929416729  0.70000541241520475  0.70050648117043446  0.70101335821780364
  0.70154347916611215  0.70210565668991087  0.70273143478182454  0.70339962934854716
  0.70405508223790858  0.70470123927335870  0.70536622115501424  0.70608453416872341
  0.70683018361855310  0.70758283589787463  0.70837429931020457  0.70924613146441573
  0.71022953700619040  0.71131547963335129  0.71248866458878179  0.71375170952430123
  0.71511265753254760  0.71656242992391095  0.71816259705382124  0.71985113756139907
  0.72176561582550736  0.72389722851453020  0.72642254994112210  0.72926773311884663
  0.73211510216252762  0.73502696492567499  0.73819044598716721  0.74220250981517344
  0.74754899887149295  0.75423518437643111  0.76208320476992464  0.77139342955193524
  0.78390602726155134  0.80272451761050700  0.84117079004052231  1.00000000000000000
   2.4294297274557643E-009  -1.0000000000000000     
 F F F F F F F F F F F F F F F F F F F F F F F F F F F F F F F F F F F F F F F F F F F F F F F F F F F F F F F F F F F F F F F F
  <DiscreteSampler_grid>
  grouped_processes
  1 # 1 for a reference and 2 for a running grid.
  10 # Attribute 'min_bin_probing_points' of the grid.
  1 # Attribute 'grid_mode' of the grid. 1=='default',2=='initialization'
  0.0000000000000000 # Attribute 'small_contrib_threshold' of the grid.
  0.5000000000000000 # Attribute 'damping_power' of the grid.
 # binID   n_entries weight   weight_sqr   abs_weight
    19   10   3.795879576937920E+005   1.161819614685918E+012   3.795879576937920E+005
    22   10   3.795879576937920E+005   1.161819614685918E+012   3.795879576937920E+005
    25   10   3.795879576937920E+005   1.161819614685918E+012   3.795879576937920E+005
    28   10   3.795879576937920E+005   1.161819614685918E+012   3.795879576937920E+005
  </DiscreteSampler_grid>
