 -0.01001063434867260  0.08488049140200704  0.13878562662280644  0.18055744485484218
  0.21805128504353477  0.25282562804764158  0.28368250842970111  0.31155463775050507
  0.33624215613159930  0.36123327594196136  0.38607293506166035  0.41072738884286786
  0.43144854645399333  0.44882827792578833  0.46318966661645389  0.47735498318036834
  0.49576568468322524  0.51504279731657976  0.53329183308101824  0.54920349083291387
  0.56302140719487115  0.57601968070424681  0.59001465740314740  0.60413743167693368
  0.61895443423900187  0.63391362444445731  0.64879175323764771  0.66303748007858421
  0.67592173713121406  0.68801810610989755  0.69999236552693356  0.71169215647886430
  0.72275317097207048  0.73354153039497250  0.74410103284065443  0.75465512563923964
  0.76573579957344218  0.77570325091616588  0.78401218638380366  0.79284604785128798
  0.80046058229734973  0.80720086285748271  0.81471309758358734  0.82139390071229901
  0.82718237676115147  0.83257864820732808  0.83771582541427891  0.84429080416318181
  0.85070644640130533  0.85700316877404048  0.86291438147089505  0.86696976936894898
  0.87018261124560803  0.87361339896175427  0.87777365302548471  0.88177139296338314
  0.88634430051024071  0.89214819472594109  0.89788217702624340  0.90330028014167818
  0.90800802408160453  0.91193264930069284  0.91518870906565075  0.91825612033390946
  0.92147415348032335  0.92454848497094566  0.92746063244110988  0.93090240290455373
  0.93454180882651339  0.93798413678656078  0.94118787726311137  0.94418095282416348
  0.94700427399031661  0.94979170623501230  0.95265653627577240  0.95539266272216949
  0.95772739151923192  0.95979951680621356  0.96170059399956909  0.96344739349765818
  0.96553929958315443  0.96779844163450435  0.97018528994640119  0.97271350297312420
  0.97518487196858450  0.97729888670422937  0.97910951280203562  0.98081783875633410
  0.98247471092112659  0.98405950980278267  0.98557215598824899  0.98717699179549678
  0.98895489973714368  0.99100145627456449  0.99548837112509347  1.00000000000000000
  0.00000000005212654  0.00000000005678293  0.00000000005998074  0.00000000006234427
  0.00000000006429988  0.00000000006592696  0.00000000006728918  0.00000000006862175
  0.00000000007013387  0.00000000007166064  0.00000000007324179  0.00000000007482542
  0.00000000007629719  0.00000000007772545  0.00000000007918238  0.00000000008060015
  0.00000000008215285  0.00000000008379219  0.00000000008544377  0.00000000008722461
  0.00000000008909849  0.00000000009111893  0.00000000009298685  0.00000000009433438
  0.00000000009640732  0.00000000009921737  0.00000000010202245  0.00000000010507347
  0.00000000010857052  0.00000000011216949  0.00000000011584807  0.00000000011950927
  0.00000000012322123  0.00000000012712874  0.00000000013115127  0.00000000013530414
  0.00000000014100966  0.00000000014568063  0.00000000015023865  0.00000000015612245
  0.00000000016325467  0.00000000017093715  0.00000000017941007  0.00000000019056686
  0.00000000020288984  0.00000000021491353  0.00000000022579658  0.00000000023695615
  0.00000000024767591  0.00000000025916122  0.00000000027321624  0.00000000028857990
  0.00000000030523499  0.00000000032174364  0.00000000033955537  0.00000000035909725
  0.00000000037904118  0.00000000040043998  0.00000000042549992  0.00000000045159833
  0.00000000047849896  0.00000000051030418  0.00000000054698284  0.00000000059229059
  0.00000000064465998  0.00000000069870307  0.00000000075445458  0.00000000081233534
  0.00000000086786337  0.00000000094166295  0.00000000102786794  0.00000000113456285
  0.00000000125317335  0.00000000137151202  0.00000000150365744  0.00000000165211916
  0.00000000188772670  0.00000000222045734  0.00000000263554738  0.00000000314390786
  0.00000000378721418  0.00000000465246330  0.00000000603253611  0.00000000872624054
  0.00000001334812933  0.00000002117312594  0.00000003348956961  0.00000006930201680
  0.00000020501837674  0.00000101458547506  0.00000437908601568  0.00002627812216720
  0.00022620205793932  0.00989645388348997  0.59182177840985073  1.00000000000000000
 -0.00284402839536989  0.01052164328642734  0.02233711597738749  0.03229596652933647
  0.04141898857237757  0.05118477543059676  0.06180627698604729  0.07309111909736793
  0.08528528243580502  0.09778650273556008  0.11073130991421436  0.12324110596156530
  0.13541370639372671  0.14681784904447234  0.15865133753843577  0.17021604500095375
  0.18155001732856332  0.19257545110879756  0.20403601710482153  0.21521864722326159
  0.22690676231506343  0.23778297441915064  0.24811865409666517  0.25703487785682372
  0.26578678838774017  0.27526526098654330  0.28516183068946488  0.29559547845504902
  0.30693483076517986  0.31876781578332580  0.33094342262412818  0.34321166106573353
  0.35527593546534297  0.36709482074154487  0.37860737078318363  0.38991735347551681
  0.40075943261018065  0.41088315645505563  0.42070337441702332  0.43096200537907448
  0.44156288064609561  0.44868439761083778  0.45528160301771636  0.46211763774490694
  0.46970922117681113  0.47944884445674479  0.49039542300153088  0.50052957720007640
  0.51014262860508208  0.51988117990801319  0.53102896698670721  0.54250740873877290
  0.55368450922032508  0.56534125277649383  0.57758076172528594  0.58980930436073553
  0.60193149563323423  0.61333129927816987  0.62394299421411015  0.63460843273334877
  0.64519001234622564  0.65481361288162165  0.66251458736145319  0.67029724074504904
  0.67746948638458826  0.68426805820937819  0.69294725737144758  0.70309157658481236
  0.71365071892547927  0.72471181671400531  0.73493932526980266  0.74485251251735851
  0.75594881300032635  0.76827654180659066  0.78058165806140056  0.79180289296340600
  0.80233444727593306  0.81283780783000026  0.82341127877121245  0.83215402882391731
  0.84055838205747824  0.84909425532403571  0.85860837455821581  0.86957973849787207
  0.87980317142511322  0.88944001030922759  0.89870649862195640  0.90788512595368898
  0.91776652667802727  0.92855137003683463  0.94069282768605222  0.95276732597821512
  0.96455943960741697  0.97668987496896786  0.98828065489453054  1.00000000000000000
 -0.00270162365070569  0.01008617592644099  0.02146792757704734  0.03321469999139057
  0.04432164807178811  0.05538197493796453  0.06623488850077192  0.07778863868783850
  0.08953071935594359  0.10066055355284431  0.11066653279853784  0.11992465672071871
  0.12926427929101825  0.13910198325014111  0.14934943539362983  0.16028394886118943
  0.17161948491805315  0.18312541925827647  0.19431080580718818  0.20572023140586970
  0.21760120922831186  0.22691220690564515  0.23517585843005087  0.24238210214533407
  0.24927188994054500  0.25850191481624618  0.26838153528101444  0.27909270797792152
  0.28986838671377263  0.30159287003957130  0.31321275684612881  0.32345880688581669
  0.33324458963615472  0.34285674327353505  0.35395628903857701  0.36617116505471486
  0.37835131766687879  0.38987973327260428  0.40040905308544195  0.41002042243013276
  0.41954808502684005  0.42952971710311927  0.44065782171302115  0.45259175517239136
  0.46342731769658463  0.47416247223702529  0.48476512491875090  0.49622790480536916
  0.50814443789678043  0.51989317161476134  0.53055548261694141  0.53986431288430548
  0.54871042949455873  0.55747223683474123  0.56845054285745200  0.57908286262202946
  0.58724974345843095  0.59517686132451308  0.60233405620894165  0.61019088987889070
  0.61936027043706587  0.62830354116025844  0.63753879486479614  0.64817828414148315
  0.65851696951992900  0.66885858839213630  0.67947345162204542  0.69086739057194979
  0.70294292418344528  0.71496096053739255  0.72650230433189966  0.73775184775854097
  0.74902702069271043  0.76067392027146352  0.77192420907992776  0.78267627979559518
  0.79379180331578025  0.80559501278782475  0.81726550728209690  0.82827540433352353
  0.83864599537415097  0.84779620968171066  0.85669882611198622  0.86650139666849679
  0.87674883564895079  0.88799093998381273  0.89988831059564123  0.91179826287870580
  0.92312373035527284  0.93389110459055724  0.94499873616369412  0.95658562955481352
  0.96840369774651613  0.97981498944299417  0.99018214521524739  1.00000000000000000
 -0.00243785112130267  0.00967243196626862  0.02065813868654911  0.03221491268515247
  0.04303058777026320  0.05306076863090047  0.06353273464921717  0.07466984166609666
  0.08547256349648806  0.09586341716874590  0.10658078857156864  0.11788873902119960
  0.12898677364287431  0.13941250512517125  0.14718424146426054  0.15531498607054825
  0.16323451925219606  0.17138689734499507  0.18156310793462954  0.19221974635059502
  0.20232670557369259  0.21257079821713684  0.22421202680068897  0.23650347370904823
  0.24861937773166737  0.26002344296107971  0.27099624776567777  0.28145246984699684
  0.29074017045976286  0.30001510958988015  0.30972281899196175  0.31842757694922807
  0.32724881753842944  0.33585733514579308  0.34536008687036868  0.35571543590126631
  0.36633673229649910  0.37767659658862807  0.38903368535590066  0.39995597169334540
  0.41081162056004067  0.42173992731446830  0.43247222412093111  0.44325244375744444
  0.45409015592012686  0.46464541177568119  0.47473488513681233  0.48386931987656778
  0.49290764195495224  0.50380331771674192  0.51489650773435525  0.52683383002148332
  0.53861839797707911  0.54995886933549343  0.56057309404926770  0.57110170595904564
  0.58210883599695795  0.59379134742349760  0.60637607893978596  0.61858652196641994
  0.62996824210928359  0.64088716059212492  0.65156349433131844  0.66245184824213710
  0.67363917634869241  0.68492382399572072  0.69636843624486833  0.70839329487963454
  0.72089739545339704  0.73210020469767079  0.74129371779062447  0.75028762031618734
  0.75889243657316485  0.76727019600347457  0.77715467208755729  0.78731330490709406
  0.79960371433272803  0.81074335330076130  0.82159153158565168  0.83249759109250854
  0.84340973858231505  0.85412515500233244  0.86435414273699696  0.87526692355658042
  0.88605080518358548  0.89505605092275164  0.90344898282255193  0.91239638275703505
  0.92127021052273395  0.93062329867994920  0.94114531234708465  0.95245267739322970
  0.96550711029072933  0.97691173043060908  0.98869048288148642  1.00000000000000000
  0.18714511715264898  0.19461658112315480  0.20343545766982921  0.21390289226505571
  0.22731397591925015  0.25054249776200194  0.29007915391826833  0.33496027210578544
  0.38164030931257253  0.43250627465612218  0.47727070898579438  0.51543113317659439
  0.54923774725285179  0.57071026045687612  0.58863020843601233  0.60691204338331184
  0.62152661800462905  0.63234462044833673  0.63990876839608168  0.64641841092048125
  0.65208371509797913  0.65783543388185939  0.66273325523552595  0.66668061665663381
  0.66987812234545852  0.67276260467461768  0.67523590267599198  0.67734867894570183
  0.67913854516224503  0.68080744588477349  0.68242072809450793  0.68386945570604851
  0.68516854347491518  0.68630317650499972  0.68727692237249871  0.68817981122328131
  0.68902211293050486  0.68984781447971832  0.69060025287059967  0.69127267023389982
  0.69190574442728692  0.69254314502947245  0.69318836640787329  0.69380463225670819
  0.69434754294267764  0.69481679505181004  0.69525211623154759  0.69566143163389604
  0.69611197758872090  0.69665248173031413  0.69721697134906835  0.69775444609098980
  0.69822961868538913  0.69869452226934148  0.69915570278317862  0.69965637483926790
  0.70022334094919192  0.70087545905914217  0.70152933171290033  0.70219347125209219
  0.70282786386437446  0.70346591028658090  0.70410788002401814  0.70479651120492048
  0.70553598046344590  0.70632008333935348  0.70713131506285831  0.70796524494393920
  0.70884030868500625  0.70972205869161709  0.71059549580842940  0.71146801383184644
  0.71224368636877899  0.71312950597671387  0.71410971565665116  0.71528965240879538
  0.71639990794066055  0.71744892049777809  0.71848906084670938  0.71976148887992009
  0.72163951632575496  0.72402223134408417  0.72650867269524266  0.72869833946403795
  0.73083323270128009  0.73364324922156232  0.73733291131759293  0.74172443657667864
  0.74703848520789307  0.75303811435077861  0.76022801955742236  0.76957966417614010
  0.78243250542915943  0.80210293191807425  0.83886454467873894  1.00000000000000000
   2.5478913193957198E-009  -1.0000000000000000     
 F F F F F F F F F F F F F F F F F F F F F F F F F F F F F F F F F F F F F F F F F F F F F F F F F F F F F F F F F F F F F F F F
  <DiscreteSampler_grid>
  grouped_processes
  1 # 1 for a reference and 2 for a running grid.
  10 # Attribute 'min_bin_probing_points' of the grid.
  1 # Attribute 'grid_mode' of the grid. 1=='default',2=='initialization'
  0.0000000000000000 # Attribute 'small_contrib_threshold' of the grid.
  0.5000000000000000 # Attribute 'damping_power' of the grid.
 # binID   n_entries weight   weight_sqr   abs_weight
    19   10   2.423911522627908E+006   4.769175786715805E+013   2.423911522627908E+006
    22   10   2.423911522627908E+006   4.769175786715805E+013   2.423911522627908E+006
    25   10   2.423911522627908E+006   4.769175786715805E+013   2.423911522627908E+006
    28   10   2.423911522627908E+006   4.769175786715805E+013   2.423911522627908E+006
  </DiscreteSampler_grid>
