 -0.01147996572330472  0.09261685212976992  0.14674960113780211  0.18950551346525246
  0.21826868103226546  0.24706688578775921  0.27601364319568938  0.30288120714397893
  0.32771905253422917  0.35246693230746878  0.37576470561457331  0.39342694766528274
  0.41330848044354668  0.43529917989679323  0.45535459554741575  0.47312361084220700
  0.49015043904906119  0.50665873563643771  0.52255868577344800  0.53964972802665179
  0.55749145946074441  0.57511922733871923  0.59151764039085364  0.60589491820391483
  0.61902753038107394  0.63205572875555904  0.64599185209473886  0.66016642941934311
  0.67435610086328479  0.68745516730547007  0.69967900433475405  0.71204409569860394
  0.72484860104932092  0.73661226729369178  0.74793944143164826  0.75902997445393761
  0.76920546198159656  0.77953711464051045  0.78849688439781096  0.79743742903152459
  0.80672917653063658  0.81533334084080911  0.82340550874349938  0.83135396650387572
  0.83855138514172234  0.84631685972936632  0.85439446552628973  0.86183470092904091
  0.86737460124918575  0.87228996906381051  0.87722240086436198  0.88148226277174846
  0.88459597347686059  0.88816293500209509  0.89185841838359903  0.89572872994436115
  0.89954047192255038  0.90348571185885529  0.90801165439369047  0.91211080097946484
  0.91587959455339807  0.91989098199605190  0.92410743794843897  0.92791628911237023
  0.93133883722522726  0.93402165398506942  0.93684162250371406  0.93995862176982981
  0.94287735848523480  0.94527576964241111  0.94750156479999814  0.94952610498331003
  0.95114907611109090  0.95353829576385896  0.95584480568109320  0.95792664430063701
  0.96017940887858944  0.96252555453563415  0.96480780475538330  0.96703786961491867
  0.96919731545017462  0.97129215365922417  0.97333624469814584  0.97533632889199373
  0.97728378918072134  0.97916800395242709  0.98077058246728022  0.98216635912361672
  0.98355464769340617  0.98464882580409696  0.98581714056155012  0.98715848992114941
  0.98872052479222983  0.99288316684538691  0.99510353494634629  1.00000000000000000
  0.00000000002413973  0.00000000003191841  0.00000000003833718  0.00000000004283618
  0.00000000004685486  0.00000000005091584  0.00000000005499231  0.00000000005953361
  0.00000000006428050  0.00000000006852505  0.00000000007266989  0.00000000007691440
  0.00000000008123410  0.00000000008564765  0.00000000009020361  0.00000000009516042
  0.00000000010163168  0.00000000010837421  0.00000000011537911  0.00000000012243015
  0.00000000012826426  0.00000000013314536  0.00000000013741720  0.00000000014141274
  0.00000000014521815  0.00000000014898444  0.00000000015527997  0.00000000016220916
  0.00000000016987558  0.00000000017809520  0.00000000018650767  0.00000000019474221
  0.00000000020255219  0.00000000021057836  0.00000000021957046  0.00000000023071611
  0.00000000024105291  0.00000000024998390  0.00000000025864936  0.00000000026697905
  0.00000000027612383  0.00000000028665272  0.00000000029868262  0.00000000031122002
  0.00000000032407921  0.00000000033770390  0.00000000035196684  0.00000000036709210
  0.00000000038248264  0.00000000039925192  0.00000000041723891  0.00000000043815364
  0.00000000045866993  0.00000000048738538  0.00000000051901793  0.00000000055437730
  0.00000000059272247  0.00000000063529873  0.00000000068033788  0.00000000073002099
  0.00000000078256002  0.00000000084327837  0.00000000090129019  0.00000000096287887
  0.00000000100637917  0.00000000105726672  0.00000000112391057  0.00000000119372606
  0.00000000126032296  0.00000000132332557  0.00000000139650971  0.00000000149490899
  0.00000000162842596  0.00000000177515949  0.00000000193778904  0.00000000212543420
  0.00000000234113126  0.00000000259005175  0.00000000289528305  0.00000000325015273
  0.00000000382449579  0.00000000501026102  0.00000000665949968  0.00000000901632078
  0.00000001285169910  0.00000001961221196  0.00000003565127119  0.00000007047844904
  0.00000023647137952  0.00000097499609330  0.00000444622203476  0.00002839635506111
  0.00023147151660112  0.01200158202820215  0.59456977038114045  1.00000000000000000
 -0.00245472790996087  0.01045542543284381  0.01875087513587257  0.02762203236407417
  0.03613229225406571  0.04502643065264706  0.05578783716857926  0.06681981977758918
  0.07744689671856715  0.08819311897910419  0.09972443115689408  0.11215542918132404
  0.12443408111544928  0.13643861377850050  0.14769528736130619  0.15879004255724707
  0.16994118463244409  0.18164759817049195  0.19295900830839335  0.20416368963027146
  0.21554244479367257  0.22739049722490304  0.23916929815190904  0.25107467705495173
  0.26256673921709506  0.27387719582803943  0.28487672719968948  0.29522615246979045
  0.30580255950281554  0.31535623641291155  0.32365847009287135  0.33122462038031392
  0.33900686837562766  0.34651583305510908  0.35431205527414683  0.36416685368597962
  0.37549505949734135  0.38686895823740314  0.39776491444260342  0.40822879229863712
  0.41894294914592295  0.42988519289250993  0.44023749641221466  0.44986761442595485
  0.45990455429892857  0.47018469880074859  0.48146964717322999  0.49290437344164756
  0.50415980450312092  0.51541553401177154  0.52641363517352557  0.53655010767890088
  0.54570204824029067  0.55450476123104531  0.56331137436293122  0.57278768425366178
  0.58346844688722177  0.59419715054394762  0.60441923169875578  0.61336207436736978
  0.62242889623913467  0.63111303855358503  0.64048540779062757  0.65075293283864621
  0.66142915934218593  0.67310804082891362  0.68527643773584490  0.69767748277434805
  0.70920047594189550  0.72037266669813471  0.73051254124222154  0.74031997718986930
  0.75098061852579689  0.76328608760568761  0.77637033412689549  0.78832139441930715
  0.79958112790415070  0.81078738713758514  0.82144355313952544  0.83238908001554979
  0.84373171118467771  0.85543026827358093  0.86679148862996147  0.87662429573073619
  0.88626032036003788  0.89643914989684170  0.90723097053992685  0.91831754477615957
  0.92852720530048150  0.93760919835308543  0.94704799009791152  0.95725357620100582
  0.96762379880708227  0.97833924927027038  0.98962754447743206  1.00000000000000000
 -0.00217865478153965  0.00772822757000623  0.01843999038182034  0.02810270218222094
  0.03821299570587796  0.04866766888712275  0.05911808699206909  0.07056568069913408
  0.08229716506078380  0.09371678781899123  0.10506408149595234  0.11624653763530542
  0.12676416955849121  0.13631987763613038  0.14487660105321443  0.15305695738930097
  0.16243352309194695  0.17302323274774570  0.18407433021532507  0.19396380293357568
  0.20370047266975744  0.21370732811331361  0.22408936396399984  0.23434066409527005
  0.24448413494154964  0.25475306918034979  0.26540467765345876  0.27692421631127073
  0.28822991355940064  0.29911632213676259  0.31084614862918858  0.32249598927116352
  0.33265660552372051  0.34236528593794824  0.35163187056179374  0.36128323246938049
  0.37193808294804548  0.38308139755941173  0.39480110148541003  0.40718113589340477
  0.41907424507380375  0.42975538105264643  0.44030613212653547  0.44964257039184402
  0.45721112537815284  0.46420954816631832  0.47146146025033342  0.47891876426293639
  0.48814496310171024  0.49977293156349634  0.51127067915871727  0.52086133281601643
  0.52922145327629477  0.53822739379388063  0.54827683677885786  0.55897954985198128
  0.56982296182803782  0.58111788429725197  0.59194227671860822  0.60049358226332239
  0.60876432910795863  0.61720397882256062  0.62630829317659342  0.63616120898729811
  0.64721209033767990  0.65909748673971180  0.67136374887543593  0.68358982845794058
  0.69562406665628218  0.70791615040050138  0.72019403748494626  0.73216166849543574
  0.74404744582041116  0.75577456405274546  0.76749705883763841  0.77901368816173944
  0.79052364829183519  0.80196753520644781  0.81342419114794595  0.82516569067696088
  0.83697743557506343  0.84934433805373821  0.86182108505194666  0.87250532277978055
  0.88352721099571585  0.89431275041681846  0.90532386837489087  0.91687316265370811
  0.92792140855001348  0.93950667595505799  0.95035404299517690  0.96055712474215460
  0.97106663161246121  0.98099083780622365  0.99039048180231715  1.00000000000000000
 -0.00181399557343696  0.00791670958291716  0.01884647987089191  0.03028072509722041
  0.04245203709132722  0.05496196917409658  0.06570911602112162  0.07522878915079484
  0.08400499447283705  0.09306112901679067  0.10359904010460845  0.11522633175447740
  0.12682065167285683  0.13838420964331466  0.15031098344333585  0.16248343710232266
  0.17404049787561054  0.18432722628786613  0.19400822316033856  0.20313276905327526
  0.21232038005395926  0.22176745389545058  0.23130666240459283  0.24089900708645662
  0.25111621276250368  0.26248352313636431  0.27472553781445597  0.28640722601118457
  0.29669770072439677  0.30692300736134581  0.31821194960105492  0.32936659009716790
  0.33897951876150684  0.34840466006073922  0.35856930095323197  0.36929226928505832
  0.37950441791625772  0.38937091258170231  0.40061755944810012  0.41127236705792797
  0.42315464904817812  0.43471351178414819  0.44628862463639113  0.45715672403959767
  0.46776989382439271  0.47828589415084560  0.48852420310087330  0.49884377749175091
  0.50904033242696445  0.51929022257514468  0.52930145738753187  0.53913855384356490
  0.54831048583991593  0.55765802903414696  0.56807590636676208  0.57968797632473934
  0.59194109672335637  0.60434540496201217  0.61611931948030663  0.62803026211624446
  0.63888112223615345  0.64970090787238244  0.66001333938593165  0.67072527873067700
  0.68071897091072875  0.69002775578042663  0.69915881407125335  0.70851866778051020
  0.71954979411350994  0.73093456240273946  0.73975733380937370  0.74869176097138401
  0.75719998639469255  0.76536491434880538  0.77416453682955377  0.78456510845087257
  0.79450416957422221  0.80364100802573746  0.81376724767606290  0.82523395332750615
  0.83743015359613859  0.84719376431544602  0.85591586673711650  0.86486254557799580
  0.87434214629743257  0.88531969850876036  0.89599783696555435  0.90697544400534891
  0.91868528787139936  0.93030404936689215  0.94233266926952719  0.95364100095089532
  0.96424461078038137  0.97561176392155036  0.98707533225434507  1.00000000000000000
  0.18539624765235224  0.20501104855908037  0.22135638171474262  0.25210207562169573
  0.29720937581962426  0.34402568631594732  0.39124194598544104  0.43930067414419538
  0.48458619477602272  0.52529705712339270  0.55516728703413498  0.58006505590221891
  0.59944025322219219  0.61633533843496768  0.63005561407444233  0.63993872906848770
  0.64837217886650322  0.65401229743641609  0.65976038509121393  0.66378320866085772
  0.66732670117512305  0.67036588818682918  0.67296954608264759  0.67525972094081654
  0.67742582221118586  0.67933975751007003  0.68113967288774513  0.68251953635722185
  0.68362972403924305  0.68466220734514016  0.68557555055287955  0.68643405346727859
  0.68735857903830244  0.68830284430004351  0.68913802932297041  0.68985394921327980
  0.69053330237274901  0.69118940209734947  0.69184800652819256  0.69248689076467684
  0.69306524575304385  0.69361583734946275  0.69416955559349869  0.69474453052832996
  0.69530154743817474  0.69580789813662491  0.69626693139079954  0.69670455550235499
  0.69717803516867782  0.69763584611584473  0.69817118938798606  0.69872853866467755
  0.69933053098462816  0.69987943353942939  0.70038113330460572  0.70087740836972989
  0.70139537400123786  0.70196995234380932  0.70260053805660738  0.70322679963571633
  0.70388167797841406  0.70458503912177006  0.70535130187415307  0.70609588538907742
  0.70686176719652216  0.70761768360687227  0.70837999259781570  0.70918428424131319
  0.71007058792599065  0.71093109946790278  0.71186483041483206  0.71287156659611717
  0.71397605978844902  0.71519192170994172  0.71633912309303382  0.71730709484189437
  0.71839379680390503  0.71955944831770291  0.72065980812043173  0.72232347541868391
  0.72385070954795760  0.72559691105578550  0.72762134594056305  0.73027986244436327
  0.73355033727136265  0.73694552042190908  0.74040598399513302  0.74422828881908409
  0.74851478346576050  0.75436078052406197  0.76231698879877208  0.77209638996053798
  0.78524109284700172  0.80346965405802440  0.83872489855143861  1.00000000000000000
   2.5938897336951728E-009  -1.0000000000000000     
 F F F F F F F F F F F F F F F F F F F F F F F F F F F F F F F F F F F F F F F F F F F F F F F F F F F F F F F F F F F F F F F F
  <DiscreteSampler_grid>
  grouped_processes
  1 # 1 for a reference and 2 for a running grid.
  10 # Attribute 'min_bin_probing_points' of the grid.
  1 # Attribute 'grid_mode' of the grid. 1=='default',2=='initialization'
  0.0000000000000000 # Attribute 'small_contrib_threshold' of the grid.
  0.5000000000000000 # Attribute 'damping_power' of the grid.
 # binID   n_entries weight   weight_sqr   abs_weight
    19   10   1.623168950961364E+006   1.044651700769164E+013   1.623168950961364E+006
    22   10   1.623168950961364E+006   1.044651700769164E+013   1.623168950961364E+006
    25   10   1.623168950961364E+006   1.044651700769164E+013   1.623168950961364E+006
    28   10   1.623168950961364E+006   1.044651700769164E+013   1.623168950961364E+006
  </DiscreteSampler_grid>
