 -0.01412253709367762  0.10463942077620104  0.16439092318385848  0.19917816579175726
  0.22748562726707885  0.25734291624717642  0.28475266234132129  0.30940176883347154
  0.33504382459236337  0.35707715579929017  0.37731653316306962  0.39669594684055431
  0.41630695970159037  0.43630122458691101  0.45592004977458328  0.47469819194583529
  0.49297807325860277  0.51064648933361623  0.52798732781394064  0.54341264594311089
  0.55793434367103800  0.57189431139001090  0.58591414382687768  0.59919461728561596
  0.61151327046321913  0.62378629716733280  0.63627458825954741  0.64834362149479385
  0.66005653453781610  0.67198583673457002  0.68339011049267184  0.69443692948344327
  0.70471161655366399  0.71459207932591429  0.72419664094997993  0.73372030782255793
  0.74231895905015099  0.75055670672035435  0.75874109777253118  0.76628740466183609
  0.77355215057162807  0.78064203336371230  0.78777514755089773  0.79541809088263471
  0.80332844363794575  0.81100560339078787  0.81800255472495376  0.82472869177307895
  0.83163349339626580  0.83804889892795653  0.84508106902552327  0.85178287359377780
  0.85800924938304601  0.86418180789050725  0.87009275080565929  0.87590856094324843
  0.88169534504168889  0.88725750716061413  0.89238043403807599  0.89690302712535497
  0.90090441775162178  0.90488661645274393  0.90883073560216665  0.91281205074003569
  0.91704581506046967  0.92101599818688829  0.92459644855948153  0.92801952809649890
  0.93115189352973182  0.93446232378833327  0.93787804891795790  0.94123506891861486
  0.94454528859753406  0.94785907905745359  0.95076909874702908  0.95361828725241149
  0.95633561871135209  0.95918030496195683  0.96221695992717093  0.96527555065612825
  0.96815848764712553  0.97030655020575196  0.97220666190381455  0.97385629037706212
  0.97506917938595083  0.97649102098698626  0.97805293029270080  0.97971870610336254
  0.98172766865019867  0.98408167702592297  0.98649033144214859  0.98860846802000024
  0.99055645373963264  0.99274120728753923  0.99506254494807667  1.00000000000000000
  0.00000000002348811  0.00000000002568938  0.00000000002725346  0.00000000002857182
  0.00000000002968314  0.00000000003073931  0.00000000003173700  0.00000000003281706
  0.00000000003401513  0.00000000003530898  0.00000000003658118  0.00000000003744036
  0.00000000003829953  0.00000000003921281  0.00000000004012757  0.00000000004104496
  0.00000000004196259  0.00000000004348849  0.00000000004498700  0.00000000004650686
  0.00000000004814331  0.00000000004991382  0.00000000005188440  0.00000000005424313
  0.00000000005640497  0.00000000005853179  0.00000000006059021  0.00000000006265152
  0.00000000006492061  0.00000000006714314  0.00000000006957932  0.00000000007178999
  0.00000000007341184  0.00000000007503981  0.00000000007681568  0.00000000007864823
  0.00000000008090999  0.00000000008410571  0.00000000008709074  0.00000000008973650
  0.00000000009303866  0.00000000009669638  0.00000000010067256  0.00000000010469773
  0.00000000010895242  0.00000000011324274  0.00000000011889161  0.00000000012551941
  0.00000000013239091  0.00000000014007520  0.00000000014794814  0.00000000015696829
  0.00000000016640972  0.00000000017657118  0.00000000018789457  0.00000000020084273
  0.00000000021527205  0.00000000022987233  0.00000000024462156  0.00000000026031405
  0.00000000027750717  0.00000000029380171  0.00000000031172827  0.00000000032921428
  0.00000000035014706  0.00000000037545837  0.00000000040372079  0.00000000043846562
  0.00000000048058577  0.00000000052416815  0.00000000057147145  0.00000000061978934
  0.00000000067007576  0.00000000072262621  0.00000000078306329  0.00000000085618847
  0.00000000095133023  0.00000000105727312  0.00000000120555515  0.00000000139049720
  0.00000000161087683  0.00000000192973203  0.00000000231792127  0.00000000287922065
  0.00000000375711862  0.00000000498201026  0.00000000713160899  0.00000001136399846
  0.00000002186455906  0.00000008129283160  0.00000042683496585  0.00000466419544789
  0.00007126828388952  0.00622558226166335  0.60253769979685112  1.00000000000000000
 -0.00211745253579750  0.00824824772614739  0.01950988642980320  0.03059060449673678
  0.04117165127722991  0.05176639664031004  0.06240251836873812  0.07360129450036747
  0.08502163803090726  0.09635487688331830  0.10743174435843963  0.11820943188757604
  0.12950671120805232  0.13973491248170558  0.14956988739485885  0.15908193652502198
  0.16920266754611174  0.17998515929451739  0.19143827995311100  0.20298758969618827
  0.21496131962225037  0.22653107458502345  0.23757139415266165  0.24867342096497994
  0.25997362842325428  0.27069606387645306  0.27991663602191136  0.28871363623155832
  0.29781662610646858  0.30803798563903689  0.31904231823651358  0.33052331556473041
  0.34243238538207066  0.35434425826627786  0.36634502989255374  0.37816570946811562
  0.38927659302111839  0.39985779733849164  0.41034940706252349  0.42045466399833181
  0.43049788154238117  0.44108305690526467  0.45229114032406548  0.46346663421190015
  0.47400495866414494  0.48388187505760405  0.49412120397072401  0.50441240739994209
  0.51481408722609900  0.52504791538447215  0.53567254342040516  0.54696366820103137
  0.55788211104376972  0.56730800630985756  0.57586019803166033  0.58437789690349029
  0.59391640194554951  0.60319614000330057  0.61286274387879658  0.62275068624288299
  0.63328860358024908  0.64426785963660060  0.65487150189577625  0.66522258685237334
  0.67578923053825224  0.68687484773329921  0.69825384676988522  0.70984176888541295
  0.72092026095282846  0.73156024303097034  0.74194511182846146  0.75252739726776718
  0.76394491684830390  0.77583936553237043  0.78725973571216223  0.79749217978614151
  0.80719368661923019  0.81594751315155567  0.82448253375396319  0.83351669205585255
  0.84282460780847057  0.85348757683843390  0.86471092143695882  0.87579767692496524
  0.88720819188048150  0.89838310557973389  0.90910408390430741  0.91949776731090349
  0.92971325961004703  0.94005861693156301  0.95002805838990767  0.95984622415428789
  0.96964581547697370  0.97872276914922907  0.98918523041822126  1.00000000000000000
 -0.00214926565310375  0.00856557433697466  0.02018994202107887  0.02998816542886081
  0.04025862497722728  0.05046615813896983  0.06087069306036642  0.07178653758307395
  0.08256082555353678  0.09385910042050473  0.10547380768737113  0.11696758417945727
  0.12820306959162711  0.13854540145574384  0.14926933832138389  0.15989388697389828
  0.17000202793346722  0.18011799167253986  0.18999127620927575  0.20034503663660649
  0.21119096089288836  0.22191713835851540  0.23312964967839284  0.24400480064409041
  0.25461231463553557  0.26577969188591255  0.27767937232294759  0.29017354366829590
  0.30194248224012227  0.31289162175540047  0.32388506483977419  0.33390426312098681
  0.34384196956869006  0.35355238183787790  0.36343094081151767  0.37390686615541607
  0.38446616976242109  0.39496252108103869  0.40538783103304465  0.41654130498845199
  0.42775523820702316  0.43843579764308049  0.44854201697195856  0.45979936706695562
  0.47179750342049842  0.48384375783311678  0.49455029885890411  0.50443782439539975
  0.51407642545742727  0.52379934531708450  0.53371046617716777  0.54405163990083905
  0.55477147591652543  0.56590158662291778  0.57737256828017769  0.58838971369253157
  0.59886255856169424  0.60929619989538708  0.62004037082109242  0.63033867039978264
  0.64007098018564301  0.64945168213038140  0.65818181645571094  0.66670349786260230
  0.67628140967554207  0.68791229590625769  0.69960914607658953  0.71004500203739518
  0.72014317042403797  0.72931444069655615  0.73815755596880650  0.74709232990898833
  0.75638246346839688  0.76677869137407006  0.77760174974215812  0.78818998490021863
  0.79786087181518817  0.80721489363249221  0.81726614969522871  0.82756932716428855
  0.83723722709054138  0.84648624397200267  0.85560815940521340  0.86488994059013680
  0.87544717281140583  0.88576092296608544  0.89623832851942720  0.90709690859173264
  0.91906656130564102  0.93143721086895859  0.94331241522019982  0.95505679378261676
  0.96654286894132169  0.97776596298553908  0.98878401906385738  1.00000000000000000
 -0.00222399237042555  0.00898992905600223  0.01847151503174565  0.02768327420210845
  0.03747052179087242  0.04813159283323713  0.05846600972116574  0.06807404913081010
  0.07757834870091858  0.08721781587654349  0.09758306789663325  0.10886404806450758
  0.12046532905653572  0.13161375941407089  0.14202652276135372  0.15197898554306005
  0.16213632674659176  0.17291071978337283  0.18359509135462670  0.19421097101587487
  0.20494593196921754  0.21548006808626183  0.22541350251631528  0.23524781984466869
  0.24526828184189936  0.25577259687709120  0.26607016648812920  0.27606514080107752
  0.28609375685769667  0.29640387034943189  0.30695332980526341  0.31739615991336656
  0.32765351339386961  0.33798910055459891  0.34838199740159015  0.35826969611441206
  0.36811670242194489  0.37876851773801962  0.38968133677440975  0.39873488643653332
  0.40725278066146786  0.41644864493697015  0.42682437546747565  0.43818437939138916
  0.44932813054578558  0.45969967953064966  0.46909221112808708  0.47843740344807656
  0.48750052182677250  0.49692832449527369  0.50626609619188301  0.51554798000533764
  0.52532681848757223  0.53625745175378337  0.54779840506037891  0.55950010809627071
  0.57069367212279543  0.58192811231412611  0.59319106193720139  0.60468391993466064
  0.61586678481192425  0.62676473706166469  0.63697612724148278  0.64678127612481040
  0.65618718144641308  0.66581688588616350  0.67593699339854296  0.68725792406900910
  0.69945981628543652  0.71195945506339908  0.72463686205010303  0.73657660145284976
  0.74788342295122689  0.75924073616109011  0.76986888589778091  0.78041186415305464
  0.79075112211066134  0.80152632580582628  0.81143482166563408  0.82034527619306696
  0.82908947808652489  0.84038232655439937  0.85205860819464152  0.86288853822448963
  0.87371950207059179  0.88406470797560022  0.89459180079075640  0.90583364971882918
  0.91744017821084722  0.92977481973429399  0.94155953014715632  0.95317506991571610
  0.96460260145245358  0.97618914361504616  0.98807317144672102  1.00000000000000000
  0.18626310329096460  0.20490848467601930  0.22620456311371015  0.25616646796359333
  0.28386500450900803  0.31348637804359558  0.35362648346256847  0.39846763595306617
  0.43957577255322733  0.47800086872769215  0.51322289836921464  0.54426897918840644
  0.56892650282545798  0.58737639113717799  0.60230021947213197  0.61484703863548251
  0.62713951215923336  0.63775725377059589  0.64653176734845264  0.65293020860666140
  0.65787659284437472  0.66244837093623687  0.66664634582338500  0.67001942667287384
  0.67293616915612708  0.67541540626051988  0.67779860993758523  0.67971065152212395
  0.68101653314215937  0.68201362123405240  0.68295265832680752  0.68391932106855213
  0.68497173464560446  0.68593623532748926  0.68678746134655400  0.68758806356165769
  0.68837601150023153  0.68913261751514499  0.68985976917843339  0.69057069555234762
  0.69125942539665763  0.69190771117253569  0.69250726444389843  0.69307152294705043
  0.69362202933273653  0.69417376529857699  0.69471091145673003  0.69523165818656296
  0.69576023319474900  0.69629530695213671  0.69682990992958838  0.69736596646751603
  0.69788502391605944  0.69835624925826145  0.69884714132556358  0.69932753654109547
  0.69980112656860782  0.70031804814108489  0.70082004928253216  0.70135308096566384
  0.70191447024763609  0.70249248329201752  0.70308644908612983  0.70367556735100112
  0.70426525488284908  0.70491404988985928  0.70556818832734203  0.70621956266373043
  0.70690335364492829  0.70754297530248411  0.70823594632121989  0.70906708434806320
  0.71002500603992946  0.71105339164260450  0.71215450978346528  0.71332733088101119
  0.71464268765450645  0.71613407793100525  0.71774408090296804  0.71952553447982037
  0.72144419279701677  0.72344889098039511  0.72558528755400853  0.72794612274272430
  0.73063105931880046  0.73371349918695972  0.73731246325951139  0.74159375988593512
  0.74667353317510166  0.75287815519927959  0.76069935766328978  0.77065876816994860
  0.78241576033173077  0.80036934526385806  0.83487615239147905  1.00000000000000000
   2.5607795905919014E-009  -1.0000000000000000     
 F F F F F F F F F F F F F F F F F F F F F F F F F F F F F F F F F F F F F F F F F F F F F F F F F F F F F F F F F F F F F F F F
  <DiscreteSampler_grid>
  grouped_processes
  1 # 1 for a reference and 2 for a running grid.
  10 # Attribute 'min_bin_probing_points' of the grid.
  1 # Attribute 'grid_mode' of the grid. 1=='default',2=='initialization'
  0.0000000000000000 # Attribute 'small_contrib_threshold' of the grid.
  0.5000000000000000 # Attribute 'damping_power' of the grid.
 # binID   n_entries weight   weight_sqr   abs_weight
    19   10   6.774159567581224E+006   4.025396037983152E+014   6.774159567581224E+006
    22   10   6.774159567581224E+006   4.025396037983152E+014   6.774159567581224E+006
    25   10   6.774159567581224E+006   4.025396037983152E+014   6.774159567581224E+006
    28   10   6.774159567581224E+006   4.025396037983152E+014   6.774159567581224E+006
  </DiscreteSampler_grid>
