 -0.00245889501712899  0.00952525863455248  0.01972952949233978  0.03027117638405419
  0.04085832003285944  0.05144341591721489  0.06201738749397720  0.07256040958225866
  0.08311357243345442  0.09366780961656869  0.10422691867238659  0.11477109818194851
  0.12533569989531460  0.13590092123990447  0.14644729621660571  0.15696699124723090
  0.16750179835940018  0.17805290929570744  0.18857716402496646  0.19909621835445707
  0.20963104546763603  0.22018675192398313  0.23073809348035235  0.24130774343743142
  0.25182969520187576  0.26232669016753507  0.27281525586014033  0.28332480223010553
  0.29385964323774821  0.30434427483309040  0.31479983253238220  0.32527591554105667
  0.33574506968683610  0.34627932070448658  0.35679927979714626  0.36737662016186784
  0.37794065161102380  0.38854590435612252  0.39913020952063039  0.40967832610200028
  0.42019757020741383  0.43073488560797102  0.44130241568103279  0.45184319604228740
  0.46240385768699094  0.47295666688808086  0.48351046800281150  0.49401498079730399
  0.50452126974507749  0.51501588486988847  0.52551700434441917  0.53603793249340126
  0.54657355872281455  0.55717774108875051  0.56775736347258499  0.57836860031213289
  0.58891920735499192  0.59946190824893786  0.60997833229273879  0.62049103340500378
  0.63099832469548323  0.64149535629753163  0.65206603217284820  0.66261568967731876
  0.67315083679517485  0.68362850277478970  0.69417484982437749  0.70474058743200763
  0.71527732466231830  0.72578777386526616  0.73627725605846250  0.74679660210156484
  0.75728876263205624  0.76787565484663778  0.77845820743528416  0.78907504989428190
  0.79960171991969176  0.81014073057352509  0.82069536993231273  0.83125117554914052
  0.84180081864942058  0.85233198789609954  0.86286701959686762  0.87343978876944084
  0.88401369902356575  0.89457815210013281  0.90510211187613032  0.91560596495176583
  0.92609303399398446  0.93658566390819642  0.94708861075487727  0.95758447766727484
  0.96815112517369628  0.97873901779949657  0.98937975935084466  1.00000000000000000
 -0.00244070173251909  0.00964117586215015  0.01979206451957110  0.03030093917692372
  0.04082527563734202  0.05138894175970349  0.06193673598038366  0.07246711430938459
  0.08301097075409698  0.09359550491838559  0.10419275022854026  0.11476726936065682
  0.12536436312810792  0.13596249666623791  0.14648458058568192  0.15701200464316159
  0.16753505482426301  0.17810813060153183  0.18865942254668419  0.19921708691291545
  0.20979256161062099  0.22031533314014684  0.23085414426266507  0.24135871031770420
  0.25186099061776318  0.26233757177110673  0.27285743054693268  0.28337073053343631
  0.29386726685600917  0.30437194951687047  0.31489816436194634  0.32542544738470114
  0.33599080491363970  0.34654659077535022  0.35708575951132226  0.36761117997423504
  0.37811085802913968  0.38867243404819524  0.39922573326414423  0.40984679313224071
  0.42046929760312801  0.43105993613160315  0.44166513633385424  0.45224065028259586
  0.46279961978940004  0.47334622338463661  0.48390841221603964  0.49452170586721200
  0.50511415959227779  0.51570586188551804  0.52627115298799365  0.53680752199258508
  0.54729316690999763  0.55775579817625243  0.56826939492260053  0.57882834801883309
  0.58938678373307596  0.59996675894020690  0.61055306249814068  0.62114797613973216
  0.63170780732271126  0.64227970206082163  0.65286549448127829  0.66347055722547410
  0.67410137597941178  0.68469858338140210  0.69524764223925251  0.70572678388158883
  0.71619302122601591  0.72664819308598461  0.73711244133265241  0.74756644254853055
  0.75802754521422444  0.76848212099238500  0.77903728268324612  0.78958848998727171
  0.80016631695950968  0.81069081598795112  0.82121930538262311  0.83174724311516679
  0.84229558612589861  0.85289969047415826  0.86344915234462349  0.87404030272503508
  0.88456319812485174  0.89509213505435548  0.90556474755922678  0.91604016792546694
  0.92652775108048391  0.93698069398124462  0.94746916093788314  0.95792350879997956
  0.96841649620727566  0.97890436182620033  0.98945440227691184  1.00000000000000000
  0.00520165174346079  0.00957451669203644  0.01560509840046072  0.02257306559865572
  0.03026012020987693  0.03838756861123283  0.04689729856596902  0.05570726702677907
  0.06473851746148399  0.07396505366074219  0.08332058065702905  0.09279748363546987
  0.10236614057548710  0.11201808244948332  0.12173969596255647  0.13151970359545137
  0.14135419123920001  0.15124142281514835  0.16117914743585032  0.17116229299172320
  0.18118731710255978  0.19124907326731672  0.20134228031351251  0.21146012277551998
  0.22160016904554533  0.23176242341661318  0.24194986221267212  0.25215715209976103
  0.26236979460306420  0.27258890280580611  0.28282313091999828  0.29308143418897220
  0.30336792163096821  0.31367538771765330  0.32400927813851810  0.33436238350170555
  0.34472404510380761  0.35508361508679709  0.36544938654900649  0.37582938016710216
  0.38622727690079101  0.39663869205962710  0.40706439356001228  0.41750418667021960
  0.42794685940437582  0.43838415591405944  0.44883472081726578  0.45929200435873813
  0.46975762963303197  0.48022714663998084  0.49071043954847449  0.50121610362354330
  0.51173387552876914  0.52226665129274907  0.53282077526465643  0.54339425320220269
  0.55398463943137743  0.56458666541588465  0.57520095054743681  0.58582604107919367
  0.59646126296212021  0.60710258807697393  0.61774848252955739  0.62840402266038986
  0.63907528873692487  0.64976610457804584  0.66046999223297143  0.67118533573696382
  0.68191733737755389  0.69266733137001968  0.70343724346053560  0.71422400780138295
  0.72503292467272162  0.73586629804462844  0.74672951879041072  0.75761739773958259
  0.76853491398255402  0.77947569951070073  0.79044531039932953  0.80144370289616396
  0.81247567785258024  0.82354717418073808  0.83466576386020019  0.84583412882991205
  0.85705744054003530  0.86834635036112617  0.87972085663317312  0.89119443652068564
  0.90278877465734197  0.91453631759123855  0.92648608720451064  0.93873074639716547
  0.95145151552748086  0.96514643916207465  0.98115544802414412  1.00000000000000000
   1.3142435425334402E-007  -1.0000000000000000     
 F F F F F F F F F F F F T F F F F F F F F F F F F F F F F F F F
  <DiscreteSampler_grid>
  grouped_processes
  1 # 1 for a reference and 2 for a running grid.
  10 # Attribute 'min_bin_probing_points' of the grid.
  1 # Attribute 'grid_mode' of the grid. 1=='default',2=='initialization'
  0.0000000000000000 # Attribute 'small_contrib_threshold' of the grid.
  0.5000000000000000 # Attribute 'damping_power' of the grid.
 # binID   n_entries weight   weight_sqr   abs_weight
    19   10   1.063255453304876E+007   1.915465423956213E+014   1.063255453304876E+007
    22   10   1.063255453304876E+007   1.915465423956213E+014   1.063255453304876E+007
    25   10   1.063255453304876E+007   1.915465423956213E+014   1.063255453304876E+007
    28   10   1.063255453304876E+007   1.915465423956213E+014   1.063255453304876E+007
  </DiscreteSampler_grid>
