 -0.01141282076659022  0.09415734086008737  0.14746397843679629  0.18432568978664321
  0.21739477153086043  0.24812910023905482  0.27316340297275593  0.29878534549459329
  0.32362566604929710  0.34696121980246097  0.36917167417081675  0.39071598796631313
  0.41171343129219307  0.43236757985005386  0.45206188543157549  0.47056869017673830
  0.48899061916709741  0.50569998523289872  0.51924436217037839  0.53325383583420305
  0.54803448890435646  0.56189347974528203  0.57445714918749002  0.58677376927105318
  0.59952886669267391  0.61304448814516188  0.62597314880628185  0.63776331365852679
  0.64901369997135760  0.66023084042277436  0.67153422417657038  0.68255917974345381
  0.69342452457818227  0.70405718889695701  0.71466237478595951  0.72450294627726819
  0.73382499811921176  0.74316521893024312  0.75315267462343882  0.76233115577393662
  0.77017292842444729  0.77748597879802295  0.78482625965844266  0.79207126520278726
  0.79960730528955570  0.80716763878788833  0.81423358824802283  0.82014177776894659
  0.82590393030337761  0.83186361413650645  0.83797127114772230  0.84533402927128587
  0.85189564769668491  0.85732564274128964  0.86235840997970170  0.86723102814029507
  0.87244467507192769  0.87790418697831474  0.88295899248951204  0.88789976842906648
  0.89274652171076474  0.89768080077831514  0.90241706720096970  0.90697786110848366
  0.91138657815870938  0.91582295939978198  0.92025154514513163  0.92460569186856700
  0.92900661306847809  0.93347420943639359  0.93749934176318783  0.94064553728407496
  0.94343870256110340  0.94606464480091801  0.94883409002473829  0.95180872718963283
  0.95426419867983514  0.95692360754180505  0.95917938726437957  0.96128660589833670
  0.96327646151900070  0.96513988650382954  0.96733945567421931  0.96979019061455807
  0.97215546198628244  0.97439316992722158  0.97661131730690554  0.97890530554886601
  0.98113329161349161  0.98333042867883103  0.98554244318875461  0.98787940828687737
  0.99083103457710997  0.99388517176073865  0.99545658191349140  1.00000000000000000
  0.00000000001630100  0.00000000002124369  0.00000000002466175  0.00000000002791604
  0.00000000003107582  0.00000000003421033  0.00000000003719822  0.00000000004018611
  0.00000000004295012  0.00000000004567396  0.00000000004857633  0.00000000005151423
  0.00000000005512654  0.00000000005885665  0.00000000006212953  0.00000000006530042
  0.00000000006868446  0.00000000007214440  0.00000000007472627  0.00000000007744252
  0.00000000008041631  0.00000000008343194  0.00000000008675717  0.00000000009040372
  0.00000000009422068  0.00000000009836130  0.00000000010205191  0.00000000010546938
  0.00000000010859711  0.00000000011176290  0.00000000011511723  0.00000000011914254
  0.00000000012376276  0.00000000012877719  0.00000000013390433  0.00000000013905237
  0.00000000014405561  0.00000000014883526  0.00000000015367313  0.00000000015882524
  0.00000000016486827  0.00000000017187164  0.00000000017923662  0.00000000018765105
  0.00000000019704446  0.00000000020773682  0.00000000022000229  0.00000000023170387
  0.00000000024181179  0.00000000025121954  0.00000000026157945  0.00000000027244598
  0.00000000028409885  0.00000000029892876  0.00000000031853464  0.00000000033987277
  0.00000000036514521  0.00000000038999731  0.00000000041400009  0.00000000043969264
  0.00000000046705225  0.00000000049695124  0.00000000052759680  0.00000000056533504
  0.00000000060973575  0.00000000065808522  0.00000000071130590  0.00000000075209222
  0.00000000079242317  0.00000000083818810  0.00000000089670841  0.00000000098530749
  0.00000000108425250  0.00000000119683492  0.00000000133393433  0.00000000147548470
  0.00000000162276506  0.00000000182132625  0.00000000204282361  0.00000000233264896
  0.00000000268423926  0.00000000323543714  0.00000000410444321  0.00000000537527726
  0.00000000776017342  0.00000001148817629  0.00000001744211645  0.00000002970274727
  0.00000007405594926  0.00000025873014852  0.00000115275460956  0.00000652871537987
  0.00005126150596117  0.00074008371695186  0.15029859070070695  1.00000000000000000
 -0.00244516175244095  0.00966719993669740  0.02073733913007078  0.03254661831178957
  0.04353650627275595  0.05423275491248464  0.06535828918445245  0.07656441367611354
  0.08791244921270451  0.09888294753166162  0.11038811419823795  0.12147588472636520
  0.13221692551387043  0.14280502396230474  0.15360853367451319  0.16299935654724509
  0.17163575269761561  0.18028802003676714  0.19032588002967216  0.20162224218486943
  0.21232206868289324  0.22085081758591757  0.22854953922058452  0.23683870759223064
  0.24603264339628886  0.25717951547446555  0.26726761499533408  0.27530723338274909
  0.28317717106580226  0.29211315803981425  0.30307843802562362  0.31453029369417701
  0.32523985450793563  0.33600199049644980  0.34728613085809745  0.35913322414444504
  0.37162878482096934  0.38361442415126179  0.39523926150144501  0.40698697418840457
  0.41839873830728080  0.42985301504840834  0.44077786608728176  0.45184706284679654
  0.46260994390715637  0.47234825046579487  0.48140765454118728  0.49070295772612438
  0.50023272631655558  0.51049701959377791  0.52207468584571881  0.53433290494186236
  0.54597814080846696  0.55760124371207997  0.56855763817102600  0.58034183000234119
  0.59234085389985291  0.60367649822099723  0.61435409631202187  0.62460792966794065
  0.63538755492836752  0.64675039812888790  0.65759798973375105  0.66760757141673821
  0.67771848250666911  0.68862838922138170  0.69986665129825820  0.71124373311706057
  0.72267705912939262  0.73447683092117522  0.74506905508988519  0.75468971404246943
  0.76266201385065002  0.76964175863345785  0.77837606639030432  0.78947293627762138
  0.80143997763670294  0.81352816842115283  0.82538172788495201  0.83715824761070567
  0.84816944793466953  0.85870980292776433  0.86870229135532506  0.87870890264999379
  0.88905782187334281  0.90014911503794359  0.91100360134662028  0.92124521397571524
  0.93116098930266988  0.94138322467470370  0.95153956252223304  0.96075367294595571
  0.96969296973882257  0.97855605891571051  0.98745671717208394  1.00000000000000000
 -0.00187661801604380  0.00813624087674159  0.01813563746829373  0.02803476165264717
  0.03928281465792832  0.05083685177071832  0.06295454152608995  0.07450883847820951
  0.08524557320202586  0.09490870082121383  0.10401595570595645  0.11306123296505347
  0.12301297775475742  0.13396062482442150  0.14528457190431396  0.15522518169059266
  0.16383343887171600  0.17299240856268758  0.18185827379064720  0.19195959010995578
  0.20219537223251716  0.21307842666483182  0.22509094126095941  0.23747748192010196
  0.24932501938785523  0.26055553700427825  0.27156494784839708  0.28292452774257554
  0.29496791289456820  0.30728330520943842  0.31905014559848088  0.32892308086002764
  0.33860870131360882  0.34877364873790367  0.35903760854498457  0.36904571433031574
  0.37880266831511739  0.38912635451420685  0.40057465797056602  0.41281475150988939
  0.42400424577493917  0.43516956579193483  0.44614336186288289  0.45740083606316506
  0.46912581897335282  0.48029359724592274  0.49190831071271668  0.50302898117947048
  0.51356861335152315  0.52319990285215401  0.53258979245939453  0.54254543160006974
  0.55336007164672629  0.56545125590575929  0.57698467108307561  0.58784563475961971
  0.59833354150856355  0.60956078920756673  0.62026217647901605  0.62998981086185635
  0.63966251522617057  0.64960803659609545  0.66004296516886429  0.67100917894005752
  0.68177730422876071  0.69183645296792129  0.70094565983396295  0.71011813121825362
  0.72025446376114366  0.73087312443500640  0.74183802557296097  0.75342753195038836
  0.76555015778812885  0.77656994852670513  0.78718476396147097  0.79775818229596207
  0.80910065391724029  0.82043858854393426  0.83116963023686219  0.84078526135483678
  0.84954708256467926  0.85837441643779722  0.86671554247588023  0.87788734080245290
  0.88822964150959172  0.89769502297630366  0.90648181082189527  0.91493307777003974
  0.92394867212162479  0.93410219950633311  0.94507638249776804  0.95609482321661432
  0.96739735583654218  0.97906333296769377  0.98946187152818388  1.00000000000000000
 -0.00173103392629796  0.00733346567372471  0.01704238188401062  0.02640840266898842
  0.03729195443459583  0.04852000377187596  0.05976863170120454  0.07085430012958040
  0.08184756385135777  0.09273394960632622  0.10226436001797042  0.11221068829060728
  0.12190959697055637  0.13311417164281128  0.14614268586398443  0.15868799144372636
  0.17107941383643424  0.18237064938310393  0.19324997315502157  0.20349213912372352
  0.21346645617995591  0.22341911287155733  0.23410911625643294  0.24367645115417766
  0.25222921401153592  0.26183716214995789  0.27196646197673163  0.28329203526953856
  0.29462573993736246  0.30521049300512698  0.31543194271060615  0.32623231343113174
  0.33594771794661243  0.34483117198737595  0.35410454377990602  0.36294495657687931
  0.37298408395911697  0.38361388045550149  0.39501371762459203  0.40615136946375935
  0.41680273332606121  0.42715638167625164  0.43770506392437253  0.44860642852434274
  0.45952606722935480  0.47005505280347937  0.47981655582150251  0.48884219245748650
  0.49767269200200948  0.50727425791451530  0.51719891594977230  0.52796646347697718
  0.53878652851852282  0.54860331323473621  0.55828694967888859  0.56813959277496018
  0.57849494854954975  0.59011232454699702  0.60189229417108714  0.61332482722459769
  0.62407684286312071  0.63424903989609005  0.64378822180065109  0.65319690722047108
  0.66303743162847073  0.67373539420074091  0.68510670224067505  0.69668596970168373
  0.70780745325170569  0.71823159989997531  0.72820865232509513  0.73829959999368988
  0.74904536859262805  0.76029078354456459  0.77157300469024237  0.78263553424196408
  0.79327036499786974  0.80347394694635521  0.81399829242956012  0.82485614595028667
  0.83594450205604898  0.84723443764504591  0.85833107583500534  0.86971273341580213
  0.88083699183750142  0.89171058841178152  0.90204779747599906  0.91231134852562523
  0.92258881149926564  0.93265731182912903  0.94262384173561653  0.95268717208647891
  0.96402595552604597  0.97558977304465389  0.98749504058669690  1.00000000000000000
  0.18388938151272910  0.21073920764655274  0.23680191225376745  0.27175582771042217
  0.31618500707207409  0.36565218484207174  0.42012904534066148  0.46540910439482686
  0.50140140237439446  0.53099122599942605  0.55729556178589890  0.57888972839296526
  0.59480959170126257  0.60803878060503680  0.61896082359225568  0.62937723022368797
  0.63897920011875686  0.64694410959889004  0.65312863840291879  0.65805159552324044
  0.66199846600793733  0.66510616207388795  0.66814186879227055  0.67089217058025841
  0.67348534285455830  0.67586474807144947  0.67776238248678311  0.67922859520586154
  0.68053286170509730  0.68176608126494831  0.68297164390791765  0.68414501909308090
  0.68525410299524359  0.68628234000269406  0.68716530371351814  0.68793609152154200
  0.68865308375963818  0.68937269751949293  0.69009714113383891  0.69079719439294751
  0.69145047033669937  0.69206155263639235  0.69268020679124009  0.69327698621374068
  0.69384582798213401  0.69440037490403361  0.69496015310173820  0.69550227849146440
  0.69603412174588364  0.69654630361662440  0.69703284234107177  0.69750033533599565
  0.69795491008492960  0.69839451148123566  0.69884929400203244  0.69933409885701137
  0.69983609768186494  0.70035437264505396  0.70085453468027281  0.70139147361501852
  0.70191483605141880  0.70248014130946668  0.70307399125689829  0.70370597443410132
  0.70434116696026428  0.70501183543074530  0.70575291380856131  0.70644058198982951
  0.70713554831757552  0.70786746416771273  0.70866992635344517  0.70953861004822372
  0.71045668684180463  0.71141097375299389  0.71243095645325294  0.71353515713087923
  0.71475699941103454  0.71613478784243578  0.71758793462223647  0.71914938108155013
  0.72085606727990803  0.72273619743773143  0.72496995697591338  0.72754721029271219
  0.73057741623374661  0.73412084663191168  0.73801575924741136  0.74242691098175773
  0.74735401652177313  0.75337366116579918  0.76081990498353447  0.77025277535989001
  0.78274391964873247  0.80080388832373051  0.83816489763529523  1.00000000000000000
   2.4926720046143378E-009  -1.0000000000000000     
 F F F F F F F F F F F F F F F F F F F F F F F F F F F F F F F F F F F F F F F F F F F F F F F F F F F F F F F F F F F F F F F F
  <DiscreteSampler_grid>
  grouped_processes
  1 # 1 for a reference and 2 for a running grid.
  10 # Attribute 'min_bin_probing_points' of the grid.
  1 # Attribute 'grid_mode' of the grid. 1=='default',2=='initialization'
  0.0000000000000000 # Attribute 'small_contrib_threshold' of the grid.
  0.5000000000000000 # Attribute 'damping_power' of the grid.
 # binID   n_entries weight   weight_sqr   abs_weight
    19   10   9.402650550015380E+005   4.418746670029607E+012   9.402650550015380E+005
    22   10   9.402650550015380E+005   4.418746670029607E+012   9.402650550015380E+005
    25   10   9.402650550015380E+005   4.418746670029607E+012   9.402650550015380E+005
    28   10   9.402650550015380E+005   4.418746670029607E+012   9.402650550015380E+005
  </DiscreteSampler_grid>
