 -0.01307982962294684  0.10245357493635418  0.16451219468752162  0.20785946929479554
  0.23571584979420415  0.26362934631464280  0.29342618879361071  0.32043024649917423
  0.34534201639239093  0.36687813864873431  0.38671879919434848  0.40677790644436745
  0.42689253647127828  0.44633928260621547  0.46486804297948819  0.48254412385073159
  0.49992258346912416  0.51663780718832164  0.53149148912687150  0.54549286952940224
  0.55935001737136714  0.57370505305902020  0.58807662456826904  0.60180253601561029
  0.61533791132832028  0.62870030266751764  0.64293615900368029  0.65575149826501866
  0.66772527839370110  0.67877458377137667  0.68985775127447235  0.70109703798615763
  0.71275643003154632  0.72420907064618645  0.73442674034772248  0.74327995222922061
  0.75215080617760477  0.76039622681180485  0.76733460748094096  0.77379236878200952
  0.78049133281171812  0.78711680453872890  0.79341330928158638  0.80005137008429394
  0.80667245257186238  0.81300234660283011  0.82060029189688177  0.82813401957581401
  0.83504233677376072  0.84160723317988950  0.84792710536575444  0.85371899746499058
  0.85927200119502378  0.86512020028625769  0.87168105551648900  0.87777147344663753
  0.88395874796486718  0.88982809937475404  0.89540983098204707  0.90050727114390727
  0.90571225448296688  0.91075966214985571  0.91559645456235028  0.92014530352121793
  0.92461014034160105  0.92898470378524334  0.93286723679529460  0.93587509463346663
  0.93855173957296967  0.94122754285153043  0.94400323969391176  0.94667499166981384
  0.94938532311118573  0.95185684612443566  0.95397453390245890  0.95609590660543908
  0.95818905721042980  0.96050477198865747  0.96292283981590132  0.96512495373384188
  0.96729198250901294  0.96940070367359787  0.97101516237796770  0.97210378930573416
  0.97322148636017047  0.97435326974271419  0.97575345965572968  0.97721292511816038
  0.97894006009263046  0.98091754949342214  0.98305032118252145  0.98546709987883252
  0.98836667346677753  0.99229001211887691  0.99546866009407364  1.00000000000000000
  0.00000000001080028  0.00000000001428459  0.00000000001776891  0.00000000002129280
  0.00000000002482456  0.00000000002850784  0.00000000003226777  0.00000000003658545
  0.00000000004147506  0.00000000004655947  0.00000000005188881  0.00000000005597998
  0.00000000005910409  0.00000000006222819  0.00000000006538315  0.00000000006860001
  0.00000000007181687  0.00000000007503833  0.00000000007828477  0.00000000008153120
  0.00000000008479980  0.00000000009113351  0.00000000009763981  0.00000000010440915
  0.00000000011116449  0.00000000011824585  0.00000000012585350  0.00000000013439311
  0.00000000014354153  0.00000000015166999  0.00000000015808878  0.00000000016486586
  0.00000000017181204  0.00000000017858472  0.00000000018590210  0.00000000019347977
  0.00000000020148231  0.00000000021060041  0.00000000022054209  0.00000000023143953
  0.00000000024431156  0.00000000025759360  0.00000000027237994  0.00000000028562137
  0.00000000029856001  0.00000000031180847  0.00000000032565921  0.00000000033962886
  0.00000000035500681  0.00000000037177998  0.00000000038900838  0.00000000040630372
  0.00000000042226070  0.00000000043892826  0.00000000045854382  0.00000000048404995
  0.00000000051869818  0.00000000055356776  0.00000000059029936  0.00000000063108847
  0.00000000067055387  0.00000000070945059  0.00000000075239559  0.00000000080027913
  0.00000000085643967  0.00000000092080158  0.00000000099221831  0.00000000107022731
  0.00000000115999698  0.00000000126938714  0.00000000143531703  0.00000000165249201
  0.00000000190207009  0.00000000219643812  0.00000000254023120  0.00000000298462478
  0.00000000359456288  0.00000000431800673  0.00000000521023062  0.00000000638641839
  0.00000000799239322  0.00000001089647615  0.00000001529922816  0.00000002354314557
  0.00000004038413251  0.00000008077445802  0.00000020082370822  0.00000055390290159
  0.00000151002517430  0.00000442415031794  0.00001754668390586  0.00007932277605701
  0.00052084135716591  0.01413417579012866  0.59958357084049840  1.00000000000000000
 -0.00286905441785847  0.01063368317046972  0.02313516624691465  0.03238666182147338
  0.04057535168201207  0.04677826624265725  0.05395198488426151  0.06296370455644806
  0.07199900554800977  0.08076335355078787  0.08987090262760672  0.09987880521464006
  0.11022795129784436  0.12061070846076305  0.13214928172415830  0.14357092226179757
  0.15479038634916906  0.16548028715771221  0.17593256374352997  0.18702417209618138
  0.19909586975344798  0.21117074381382614  0.22223847929629037  0.23283970223512648
  0.24325528862963022  0.25369408352393419  0.26389298690485830  0.27401974609517327
  0.28455002935895946  0.29468456612493960  0.30453108905157777  0.31458050864017328
  0.32538243063959915  0.33691144895727199  0.34822441333958237  0.35928005512027178
  0.37048955312628185  0.38167060820768417  0.39297970818765626  0.40451946211093220
  0.41628830524598404  0.42764698960401848  0.43781972743454672  0.44767547002890401
  0.45788861931826202  0.46751013704369704  0.47627575995797911  0.48592215184564552
  0.49662566994027152  0.50659760882707816  0.51453084891481882  0.52251760418437665
  0.53063146110595583  0.53874379869835232  0.54920125877945702  0.56058478277072921
  0.57276084889220225  0.58367825846043975  0.59377477906911769  0.60399333888282902
  0.61395500663048952  0.62512011704443082  0.63716623152110430  0.64850954065894406
  0.65981017982571322  0.67118060268430735  0.68239389331251621  0.69318375583093306
  0.70392118684999772  0.71497679102555733  0.72570864213934072  0.73593928025556254
  0.74585058317257380  0.75635950866648327  0.76713835729326285  0.77904917099245041
  0.79115524153812344  0.80276388868849813  0.81338778495292285  0.82418949180308942
  0.83558179772925600  0.84741674315314730  0.85906982544733279  0.86875548986763151
  0.87827244089773771  0.88778090818591793  0.89825749962803725  0.90988029168909224
  0.92172610591397941  0.93294219856279093  0.94352573384238991  0.95406155662052539
  0.96465868476126726  0.97645127619454752  0.98801958659360245  1.00000000000000000
 -0.00169383424491339  0.00708077902979087  0.01671436423912147  0.02681567555323594
  0.03764543606669094  0.04922124627566751  0.05984137710598207  0.07005214529549543
  0.08056881317215386  0.08985679752262725  0.10015078079920804  0.11022885821536270
  0.12128758877722580  0.13280475386698570  0.14387540582460936  0.15431383714891961
  0.16450226708075816  0.17508053101305049  0.18566467734260358  0.19628312041099558
  0.20721795957633274  0.21757407849785751  0.22628833515974500  0.23495437440461250
  0.24335768853613152  0.25153044371018440  0.26115553562744220  0.27182577540924036
  0.28270455388802812  0.29301083725225047  0.30310544259315036  0.31378160553123885
  0.32519786238730547  0.33614759398683253  0.34678190554946481  0.35772253843485557
  0.36900838680574055  0.38046010098709448  0.39172207384814106  0.40276546801644025
  0.41357481021358905  0.42460624472814201  0.43596167964824967  0.44734985801513649
  0.45921627017482120  0.47135032596622295  0.48310853047889607  0.49474114622172427
  0.50644036644191526  0.51872937308389999  0.53119770936459410  0.54400968120386517
  0.55650827241971257  0.56890673240992240  0.58003011606474697  0.59047053489851875
  0.60037029406514475  0.60878073328623139  0.61740622518125277  0.62653321808226448
  0.63676275803299587  0.64822584157488228  0.65941656715961572  0.67034726414547585
  0.68091837728760218  0.69176694599529132  0.70349843372049103  0.71579370866792147
  0.72761064003768183  0.73853618419618017  0.74973871519663926  0.76168901722383486
  0.77412131684586161  0.78582330665380884  0.79682865622417975  0.80698554231994268
  0.81770746566082697  0.82842976493021103  0.83830113110675086  0.84695735880027057
  0.85562798714819099  0.86387289308036386  0.87348718480046317  0.88332554808367481
  0.89352863297594098  0.90342038198220831  0.91200111631248826  0.91961412689300903
  0.92843393155804887  0.93827854454807558  0.94825869879119173  0.95806624438048893
  0.96735712636266791  0.97686981268213136  0.98624808316208967  1.00000000000000000
 -0.00254453652881307  0.01041334368218784  0.02249018726284834  0.03462100813905933
  0.04718621807460117  0.05964677101838234  0.07119911264784386  0.08230944447607788
  0.09365602295606304  0.10477930954826342  0.11589351907538241  0.12674812759631643
  0.13842909435683165  0.14979478577935851  0.16049456441673113  0.16993588673663751
  0.17801552987483102  0.18581555142358414  0.19367024743151812  0.20169847274761171
  0.21289984256154268  0.22469121125274152  0.23488598851391335  0.24575560961723589
  0.25628834406060136  0.26697282600441075  0.27804179396009188  0.28914962432541247
  0.30052076754990809  0.31194150769964418  0.32353307445779333  0.33576987657412360
  0.34724730570263990  0.35550857155156074  0.36410606124124445  0.37255168268813110
  0.38118034551066521  0.39078410553145171  0.40056222619369614  0.41014512174424461
  0.41951984557405653  0.42968727115219202  0.43895966750237453  0.44910307975955183
  0.46011647985170034  0.47151465719292013  0.48262175277976216  0.49323196244142226
  0.50361551035834706  0.51465091812082098  0.52637283974494353  0.53785722778110867
  0.54940871980453487  0.55973798613925863  0.56940549318664435  0.57965061135662144
  0.59061583085632285  0.60221259279410699  0.61379587279975567  0.62512406516041508
  0.63620026183880019  0.64721136721584949  0.65741309932312553  0.66651441522630905
  0.67521891801681089  0.68386676842159533  0.69524857743446167  0.70736688875825826
  0.71880976920588702  0.72890054461803822  0.73793235951478975  0.74706492204350228
  0.75634467645596837  0.76636206551556352  0.77662413121796070  0.78716838384010024
  0.79862039466695334  0.81013344699095957  0.82105093057921319  0.83108339156389821
  0.84098825721362891  0.85070243107175603  0.86128846146954130  0.87159914737194255
  0.88064901299448151  0.88972473280515041  0.89964026928342522  0.91058929084876650
  0.92184466374283924  0.93372318495853945  0.94547342157246783  0.95627535242975259
  0.96614407356739507  0.97619244995605581  0.98626260483146522  1.00000000000000000
  0.18694046603777295  0.19843891499382182  0.20668684181947330  0.21900145130569426
  0.23519054749721402  0.25412690394282311  0.27587519292859325  0.30105317480756449
  0.32557867399430274  0.35499181802354934  0.38172112988616036  0.41216424586479178
  0.45397533078113622  0.49026046399785372  0.52348674364040959  0.55292884536984233
  0.57895257560418389  0.60116699601467116  0.61834133179510242  0.63106679542058153
  0.64063111456467547  0.64842621643023923  0.65485088044474427  0.66018739785934233
  0.66449658243075749  0.66826089295536684  0.67160302969591934  0.67423626304995798
  0.67649812799207909  0.67840317347592560  0.68006394263994407  0.68146480289441447
  0.68258218698836659  0.68365471678498491  0.68466869785753903  0.68560981070286131
  0.68648785498740772  0.68732467769481631  0.68814060875695193  0.68895520838044855
  0.68973118783314336  0.69045964528766512  0.69115671679793078  0.69184177969847560
  0.69249611773244746  0.69313246878760837  0.69370204339787001  0.69425792996337332
  0.69481350710420386  0.69535158401338115  0.69589960696832487  0.69643575012684322
  0.69696518037868749  0.69748676672217791  0.69798298513701607  0.69847731992523532
  0.69899372756053801  0.69953081011083174  0.70009729198792536  0.70069346268892596
  0.70129659640955722  0.70191305600364906  0.70254042694588525  0.70318914550347733
  0.70387525552508223  0.70460303785735034  0.70535938928501329  0.70613768622136985
  0.70679365863796872  0.70750750132849671  0.70822497471342338  0.70893754622450367
  0.70976471899396121  0.71066456090876939  0.71163912586314759  0.71271528812034957
  0.71396065072857962  0.71527275228320064  0.71668977432801473  0.71840171848581358
  0.72033757062300408  0.72249082906596129  0.72488187634972723  0.72765415966854252
  0.73085736935030665  0.73452396355533900  0.73835682060274821  0.74240619013395093
  0.74746201504088106  0.75365555906315440  0.76095096970399556  0.76982189657550659
  0.78235509591536123  0.80017199127753513  0.83823822952767202  1.00000000000000000
   2.5011193442275184E-009  -1.0000000000000000     
 F F F F F F F F F F F F F F F F F F F F F F F F F F F F F F F F F F F F F F F F F F F F F F F F F F F F F F F F F F F F F F F F
  <DiscreteSampler_grid>
  grouped_processes
  1 # 1 for a reference and 2 for a running grid.
  10 # Attribute 'min_bin_probing_points' of the grid.
  1 # Attribute 'grid_mode' of the grid. 1=='default',2=='initialization'
  0.0000000000000000 # Attribute 'small_contrib_threshold' of the grid.
  0.5000000000000000 # Attribute 'damping_power' of the grid.
 # binID   n_entries weight   weight_sqr   abs_weight
    19   10   4.336831297195801E+005   9.743064894027493E+011   4.336831297195801E+005
    22   10   4.336831297195801E+005   9.743064894027493E+011   4.336831297195801E+005
    25   10   4.336831297195801E+005   9.743064894027493E+011   4.336831297195801E+005
    28   10   4.336831297195801E+005   9.743064894027493E+011   4.336831297195801E+005
  </DiscreteSampler_grid>
