 -0.00976273253091047  0.08404094234912038  0.13700352253453379  0.18174407734520412
  0.22420306107136362  0.26206449295546796  0.29248373180104559  0.32056279603566384
  0.34519779455925015  0.36842777307983549  0.39215616677778831  0.41325244941006056
  0.43366263870955846  0.45131538694038142  0.46807750416938954  0.48588225569878601
  0.50471340100408379  0.52161257489785795  0.53664990349597264  0.55226291880989697
  0.56761858498309048  0.58259243527980376  0.59778749868902747  0.61293436841341775
  0.62569234993167777  0.63702575499455960  0.64812608392432458  0.66034487782833573
  0.67238013795601081  0.68376190838244910  0.69393353157674165  0.70244436434012081
  0.71033109900556179  0.71780593331902509  0.72636676754822804  0.73678956327913525
  0.74653844348661347  0.75575258390091915  0.76439319883932122  0.77308141608588177
  0.78145886059257674  0.78974189126003458  0.79762636104989360  0.80543059136525386
  0.81299732009465919  0.82042767146274409  0.82663752349784969  0.83248862359203235
  0.83801116552033872  0.84273511618457819  0.84799220570103040  0.85346545697115561
  0.85930495342122160  0.86497016452128805  0.87049046911225858  0.87635026503309776
  0.88239589858229028  0.88821687727986620  0.89358478237278249  0.89851184863328470
  0.90336538923914533  0.90797154825195070  0.91272336994897130  0.91752635456221010
  0.92225960821400166  0.92662588191761841  0.93058214612618140  0.93408920499085235
  0.93742011000609449  0.94079295391906193  0.94424470031573060  0.94772955039746265
  0.95110809184774092  0.95424734208029816  0.95710739673550005  0.95931500298543149
  0.96136581720877712  0.96333202845230193  0.96529017626460578  0.96733355189803660
  0.96992075551721124  0.97241568425721003  0.97453349261509647  0.97641599475424778
  0.97792486294018310  0.97938693594474413  0.98128433895213618  0.98284257026827304
  0.98434879802098352  0.98566249981832432  0.98676965372675118  0.98875451895663191
  0.99104301603508016  0.99353754027471730  0.99486762483977720  1.00000000000000000
  0.00000000007502797  0.00000000007927378  0.00000000008207295  0.00000000008388649
  0.00000000008494800  0.00000000008580058  0.00000000008668587  0.00000000008757203
  0.00000000008871824  0.00000000008985018  0.00000000009099029  0.00000000009213156
  0.00000000009337867  0.00000000009458961  0.00000000009581749  0.00000000009696755
  0.00000000009861393  0.00000000010198257  0.00000000010491771  0.00000000010808189
  0.00000000011104938  0.00000000011373694  0.00000000011638220  0.00000000011908330
  0.00000000012191868  0.00000000012470705  0.00000000012747489  0.00000000013033315
  0.00000000013320555  0.00000000013632839  0.00000000013948078  0.00000000014328401
  0.00000000014807063  0.00000000015401393  0.00000000016050170  0.00000000016757082
  0.00000000017446466  0.00000000018055880  0.00000000018661051  0.00000000019292966
  0.00000000019892811  0.00000000020448659  0.00000000021447208  0.00000000022422994
  0.00000000023400817  0.00000000024429430  0.00000000025563525  0.00000000026827326
  0.00000000028221843  0.00000000029429048  0.00000000030695232  0.00000000031979176
  0.00000000033486569  0.00000000035010626  0.00000000037187925  0.00000000039379224
  0.00000000040988551  0.00000000042512336  0.00000000044166279  0.00000000045906676
  0.00000000047533737  0.00000000049366084  0.00000000051608714  0.00000000053939586
  0.00000000056671328  0.00000000060136596  0.00000000064950697  0.00000000070987722
  0.00000000078112006  0.00000000086121146  0.00000000095028520  0.00000000105179083
  0.00000000116671963  0.00000000130247077  0.00000000146954756  0.00000000166875209
  0.00000000188998693  0.00000000218645839  0.00000000251235161  0.00000000289147692
  0.00000000341449272  0.00000000409921936  0.00000000483396008  0.00000000577292281
  0.00000000706407617  0.00000000929101568  0.00000001467565580  0.00000002522758975
  0.00000006734008630  0.00000023466456410  0.00000167488713733  0.00001539614952978
  0.00017611824089513  0.06236044078410162  0.67896622899309356  1.00000000000000000
 -0.00256305243223620  0.00922490773063026  0.02131334104203208  0.03391971877869699
  0.04716554949519956  0.06025258587292485  0.07219907265927154  0.08291160614129922
  0.09342388749115725  0.10443038569178849  0.11601386033884441  0.12768075229709736
  0.13909785695371449  0.15070522191132993  0.16246589093421318  0.17397071842228468
  0.18441887003532562  0.19354482573441156  0.20298346206909751  0.21258650363081763
  0.22259689194204210  0.23251333643941913  0.24180090054720835  0.25087753245537137
  0.26075017004292217  0.27161787036333884  0.28272305496434569  0.29409135248595569
  0.30587502080861695  0.31792753684844099  0.32992696726046311  0.34133011442509220
  0.35236562434656959  0.36264492739995624  0.37316147536931737  0.38358598972591884
  0.39460277763082885  0.40476978270992581  0.41544575231191561  0.42656864692599067
  0.43722115237510389  0.44599706822376201  0.45362757286247596  0.46205395816367367
  0.47038832632014715  0.47982338935913882  0.49060150953705056  0.50039140613431699
  0.50859939242027963  0.51621518544337408  0.52518568677304078  0.53502531576781176
  0.54530496723008548  0.55595819779149691  0.56572349853520898  0.57329272959600863
  0.58022556514708357  0.58799149870535583  0.59693508268261775  0.60643310854268240
  0.61758892319627612  0.62936081602520144  0.63964666248980773  0.64897751281524463
  0.65876270826524996  0.66874501313184820  0.67906630946372437  0.68988833839369190
  0.70050777998181191  0.71078413867210655  0.72033751888262598  0.73005337306321250
  0.74049937360106732  0.75182117561765838  0.76339459322986203  0.77503058110399148
  0.78711580251452307  0.79978773954193849  0.81186723341921041  0.82329203449452293
  0.83438717492788472  0.84547648453455104  0.85798108628511471  0.87064625407031304
  0.88295223311666993  0.89435795818995156  0.90558796755301940  0.91676259615264899
  0.92643386211426182  0.93645817176796420  0.94699564088670540  0.95829527877842102
  0.96885551038935314  0.97886489223564088  0.98950061770282571  1.00000000000000000
 -0.00288919410394971  0.01075665668777780  0.02271674037188095  0.03487810013661471
  0.04704213029512024  0.05890137363246969  0.06864984008727990  0.07766616310736407
  0.08637662216325512  0.09499670157328009  0.10456335906967103  0.11377123081754871
  0.12230914001968238  0.13145117535686801  0.14096022468207289  0.15144247206911984
  0.16199558190232990  0.17291926859046813  0.18394198675919868  0.19529567845739287
  0.20605735330662092  0.21561474337327699  0.22455248466980268  0.23347358255205217
  0.24121982299354827  0.25107734673874793  0.26189845437641324  0.27238781244320664
  0.28278237006934348  0.29346303539716273  0.30467969493911956  0.31591140321883193
  0.32716364936376519  0.33792985465247838  0.34750847675460816  0.35735902379538248
  0.36878069735725727  0.38176404951462345  0.39503375381890726  0.40779922818471487
  0.42015872228131762  0.43250047305301098  0.44442207149344670  0.45533725791932839
  0.46536207646922961  0.47415837405479344  0.48316712939044609  0.49288805918867051
  0.50322764761672500  0.51345300858026754  0.52336688334435233  0.53321267247690596
  0.54296191336121669  0.55494127766478185  0.56746333067107413  0.58002812233793144
  0.59196583284186710  0.60331658351300854  0.61469503852124574  0.62595190213707685
  0.63696058250112242  0.64782575618702487  0.65861868188235395  0.66892712935877685
  0.67834880252160112  0.68776595564193233  0.69722539446669840  0.70727488804705863
  0.71783974010030782  0.72830901902927447  0.73803996893335799  0.74752337052043893
  0.75742324959813967  0.76816305340701585  0.77978388830716316  0.79121429697435319
  0.80254948171158791  0.81245023282550088  0.82090289303441311  0.82973877383290962
  0.83997795646110485  0.85131431830746118  0.86285848880604521  0.87435574579307807
  0.88584909467553807  0.89720937284466051  0.90842391692690361  0.91978787362869441
  0.93156240482028929  0.94199016414414738  0.95116920067361665  0.95994106737883278
  0.96909967160965238  0.97901096738464022  0.98840679477898707  1.00000000000000000
 -0.00133839489445412  0.00684740687825335  0.01634577719542725  0.02647948324986434
  0.03635660712407861  0.04653972079137497  0.05701967604674339  0.06764646247740978
  0.07803056992303670  0.08778796481828186  0.09749706113702314  0.10705637583056740
  0.11815038924183786  0.12988410972652073  0.14184720105327017  0.15327506794578491
  0.16467737213224168  0.17655745022691732  0.18869524056790016  0.20076160909175256
  0.21291850256346309  0.22513565446028236  0.23710641760297130  0.24888733417780418
  0.26058276142398612  0.27271669016353706  0.28446909177675000  0.29583060003652517
  0.30648879359452857  0.31743036398766750  0.32863261767081653  0.33878460237184055
  0.34928114040904606  0.35980160533585243  0.36935885812225316  0.37845259703549722
  0.38771635044152408  0.39719562184718626  0.40661574225322128  0.41640214879679743
  0.42690412165888036  0.43716010874081135  0.44704214720864172  0.45685706749487953
  0.46705592245752636  0.47803759281475422  0.49004038621465912  0.50241098044350951
  0.51387358015217433  0.52442633041976472  0.53473073352455724  0.54539497465313780
  0.55644797952960445  0.56731301269117407  0.57792053082610517  0.58813028891910313
  0.59823213022113952  0.60874926931536200  0.61908308830365966  0.62874366051445685
  0.63800862282360948  0.64761321680888173  0.65777492104074153  0.66816838062507433
  0.67790353411809845  0.68777789512222520  0.69858213912079747  0.71009837513662399
  0.72184424976152006  0.73335953524007225  0.74446078778777514  0.75525909496530508
  0.76544294140139291  0.77590601845750495  0.78675026209348775  0.79797262022913262
  0.80879311161631828  0.81987261939760547  0.83043594614817484  0.84145556917595066
  0.85182445434104481  0.86241729456754312  0.87308282895057998  0.88372452841224247
  0.89485219512354708  0.90565076504525943  0.91633963508277028  0.92709947322942832
  0.93741182627490705  0.94698555288961750  0.95669804250780510  0.96697020067642492
  0.97641803964675999  0.98468714774719246  0.99234088203935855  1.00000000000000000
  0.18542948115873420  0.20366935888305315  0.22277755812351721  0.25373067448948960
  0.29323230297141722  0.33420477651218833  0.37386200528332070  0.41875309877589928
  0.46050564132562694  0.48739268480510944  0.52009665565140295  0.55320896010078502
  0.57781576052437356  0.59554694849302037  0.60974768230940102  0.62153199029320605
  0.63045688517247633  0.63801849490700091  0.64531155029397702  0.65180317159274115
  0.65710388769392269  0.66119483637365173  0.66477113193689041  0.66809203741386580
  0.67109143850929354  0.67351249160848425  0.67556995972283340  0.67743349817228216
  0.67919394991829818  0.68086525774812234  0.68251608649135564  0.68401947810225350
  0.68528102316073825  0.68637013534391922  0.68733794805251325  0.68821189675039440
  0.68898426160253978  0.68970091602535477  0.69040021219746173  0.69108301138129213
  0.69169285070780429  0.69227874843544401  0.69280433084369963  0.69338848171499301
  0.69398686965172829  0.69456873626133375  0.69505835808420990  0.69553169061098574
  0.69603304993615844  0.69656813525040917  0.69709052916497283  0.69757322654650833
  0.69804640478077551  0.69853605448938505  0.69907002373759697  0.69961672460297264
  0.70014009480676243  0.70067033327899697  0.70118929273325248  0.70173494431329764
  0.70229730221769515  0.70288327863654587  0.70342805454934587  0.70393201256026827
  0.70446456534160018  0.70503606066556268  0.70568883404222649  0.70643788569102783
  0.70719942348039744  0.70799579426992365  0.70889784799264965  0.70988448339847343
  0.71092776623504461  0.71195687470039093  0.71298546797367013  0.71399974339392525
  0.71507063378389168  0.71637080006418186  0.71791074183993986  0.71968111524192591
  0.72168904209699558  0.72386928992098021  0.72626073392279378  0.72897384836078327
  0.73207489250900615  0.73556327151513112  0.73936400926303647  0.74392205429362523
  0.74945432927401057  0.75596458712231651  0.76348914159513714  0.77306220397004188
  0.78663251873096351  0.80585662318263096  0.84191554338931740  1.00000000000000000
   2.4763217854544795E-009  -1.0000000000000000     
 F F F F F F F F F F F F F F F F F F F F F F F F F F F F F F F F F F F F F F F F F F F F F F F F F F F F F F F F F F F F F F F F
  <DiscreteSampler_grid>
  grouped_processes
  1 # 1 for a reference and 2 for a running grid.
  10 # Attribute 'min_bin_probing_points' of the grid.
  1 # Attribute 'grid_mode' of the grid. 1=='default',2=='initialization'
  0.0000000000000000 # Attribute 'small_contrib_threshold' of the grid.
  0.5000000000000000 # Attribute 'damping_power' of the grid.
 # binID   n_entries weight   weight_sqr   abs_weight
    19   10   1.167460840909010E+006   5.067156171179101E+012   1.167460840909010E+006
    22   10   1.167460840909010E+006   5.067156171179101E+012   1.167460840909010E+006
    25   10   1.167460840909010E+006   5.067156171179101E+012   1.167460840909010E+006
    28   10   1.167460840909010E+006   5.067156171179101E+012   1.167460840909010E+006
  </DiscreteSampler_grid>
