 -0.00824145771635054  0.07902001857898489  0.13286590936706208  0.18046199964247486
  0.21952229799731388  0.25082385247436778  0.27907862295506941  0.30756227056854996
  0.33501951362391552  0.36015297641970517  0.38487662039747800  0.40961815122843293
  0.43387851278829670  0.45831165829975279  0.48047129851918557  0.49923975778291019
  0.51304306443755221  0.52552777296809661  0.53702587349812336  0.55050215959985171
  0.56466776426616638  0.57713794043385025  0.58845848261610501  0.60003162576053926
  0.61279043990451054  0.62592230642574465  0.63713678852739297  0.64739080922064307
  0.65800971795734831  0.66992589103184719  0.68259115716166907  0.69427438057348900
  0.70492966106527999  0.71531656537113686  0.72541640131162544  0.73544639256829658
  0.74493984961095916  0.75394482883062353  0.76306346801669023  0.77240901154141051
  0.78177105213881704  0.79077003435689908  0.79894066602494940  0.80718503927209440
  0.81565199783264564  0.82399196927535390  0.83222715375871303  0.84025402539239846
  0.84823033876251275  0.85612728106367464  0.86322950184184688  0.86904877464153629
  0.87429482555332194  0.87916960238320041  0.88296202896570142  0.88793852351960090
  0.89243204141690413  0.89652991318078457  0.90052365786910438  0.90435536715857678
  0.90922358371704215  0.91427371852345052  0.91939077646456302  0.92378472783251042
  0.92762420781349997  0.93101738559956038  0.93407298862063037  0.93692094451343577
  0.93966409884202562  0.94217134446382844  0.94458888290544107  0.94697707757923522
  0.94897967811157946  0.95118774856635036  0.95376793267474225  0.95600894990190122
  0.95796892673580314  0.95981471706011512  0.96175394815054649  0.96381385384694440
  0.96614954524571028  0.96827431532860597  0.97022257367052400  0.97211131923441374
  0.97373609674704076  0.97515113379532214  0.97684846859716323  0.97858365428151939
  0.98028443678178701  0.98192493569596484  0.98421474645641294  0.98688369800780773
  0.98989941430904027  0.99305456460035957  0.99508809318760971  1.00000000000000000
  0.00000000002211133  0.00000000002616570  0.00000000002907372  0.00000000003142573
  0.00000000003376663  0.00000000003604593  0.00000000003837801  0.00000000004079711
  0.00000000004312069  0.00000000004540109  0.00000000004764584  0.00000000005005262
  0.00000000005264486  0.00000000005579135  0.00000000005908887  0.00000000006251679
  0.00000000006590014  0.00000000006921191  0.00000000007275919  0.00000000007641505
  0.00000000008010076  0.00000000008382058  0.00000000008756959  0.00000000009117826
  0.00000000009470867  0.00000000009786052  0.00000000010140607  0.00000000010555786
  0.00000000011045112  0.00000000011550805  0.00000000012044580  0.00000000012519947
  0.00000000012962647  0.00000000013377716  0.00000000013899478  0.00000000014431732
  0.00000000014968583  0.00000000015663349  0.00000000016406506  0.00000000017165352
  0.00000000018017302  0.00000000018918139  0.00000000019807715  0.00000000020719074
  0.00000000021694645  0.00000000022831616  0.00000000024091603  0.00000000025420120
  0.00000000026911446  0.00000000028542029  0.00000000030127751  0.00000000031666624
  0.00000000033145604  0.00000000034755644  0.00000000036670670  0.00000000039132131
  0.00000000041915721  0.00000000044920418  0.00000000048860950  0.00000000053497763
  0.00000000057811339  0.00000000062170278  0.00000000066451514  0.00000000071363299
  0.00000000076621973  0.00000000082599363  0.00000000089013466  0.00000000096030733
  0.00000000103637730  0.00000000112884147  0.00000000123883925  0.00000000136503433
  0.00000000150779095  0.00000000168342706  0.00000000191290991  0.00000000218997510
  0.00000000251356573  0.00000000288939949  0.00000000328728442  0.00000000379318417
  0.00000000453790480  0.00000000560196784  0.00000000756829825  0.00000001070592308
  0.00000001676928806  0.00000002536161986  0.00000004387769729  0.00000008435025669
  0.00000029020041059  0.00000111020041508  0.00000477520569589  0.00002937251553549
  0.00024496679276724  0.01084813255558285  0.58614728547768769  1.00000000000000000
 -0.00283015334952340  0.00969386525807255  0.02062612315553315  0.03180509411154036
  0.04325262457143239  0.05447735515004032  0.06541506798034709  0.07426876007861453
  0.08134181108913267  0.08922389993619291  0.09597543082747086  0.10429455198814579
  0.11331796243536499  0.12376336120677187  0.13145918596085240  0.13882264289651819
  0.14681474598707242  0.15625771440483852  0.16816786141302020  0.17970466439854968
  0.19147227331143757  0.20277606856910524  0.21258708282127531  0.22218018523624816
  0.23174569807344980  0.24137987438803132  0.25293884960065455  0.26382659688534588
  0.27532632762770681  0.28801022007329830  0.30112108512518632  0.31380438054589349
  0.32547945761803676  0.33599085443011584  0.34577186668405996  0.35639911024354498
  0.36756363086205546  0.37950958936136214  0.39111448364237028  0.40175728455768872
  0.41206196981499821  0.42241906551244690  0.43304282156355145  0.44329269279420125
  0.45439449418496325  0.46642791931286914  0.47775624731410982  0.48831592773753990
  0.49841246710438208  0.50881612480274585  0.52000409491313615  0.53168219918485204
  0.54343550793685125  0.55533840677735558  0.56760505635517833  0.57955194645846675
  0.59154345062803459  0.60205816605498030  0.61286886465311807  0.62344215975759387
  0.63418138202330920  0.64625711789670892  0.65699832032475014  0.66787670543465283
  0.67934770944229161  0.69069949557970922  0.70071926047136102  0.71059976304328176
  0.72045268317762801  0.73012042526392018  0.73970278669871881  0.74949465949212912
  0.75935028318147968  0.76846537493110656  0.77838352703274016  0.78941354645903128
  0.79641854345167173  0.80451221693911079  0.81328991966404252  0.82147590668371839
  0.83187377386320038  0.84365227440528090  0.85435797016888326  0.86528989002408707
  0.87608948635963579  0.88623956716294883  0.89670257689710775  0.90659722469821591
  0.91696846629811612  0.92818089051919439  0.93892535823890833  0.95036719415116944
  0.96307011931488584  0.97576741781730048  0.98818721168428703  1.00000000000000000
 -0.00211056932211963  0.00849762596888473  0.01991232927679031  0.03120094704005436
  0.04323897550972141  0.05609779669149800  0.06833383937957628  0.07979863912897411
  0.09092407738783469  0.10173157060791808  0.11361521415046587  0.12521450246890956
  0.13465715692097480  0.14450161300618652  0.15476853172130076  0.16572578885668493
  0.17744932376948080  0.18939052134704029  0.20120169059840337  0.21285840904230272
  0.22155468469858253  0.22846846556526218  0.23560897435388123  0.24344913997338738
  0.25134284757016773  0.25990586918133374  0.27001022703482513  0.28057134154259178
  0.29194867521889056  0.30332410063136211  0.31457241325633822  0.32577238369193190
  0.33713719199753051  0.34857390510973824  0.35891534091036059  0.36913601879837804
  0.37965131359406007  0.39111346189289437  0.40340740332148445  0.41547277782128450
  0.42624792785474341  0.43615882746371437  0.44621853763635921  0.45623866509711697
  0.46734251466811655  0.48025949129935125  0.49334596730565772  0.50581961918601648
  0.51778274994191464  0.52980827224903992  0.54179918062493326  0.55345625918374419
  0.56477256401238030  0.57623152470815009  0.58834934665825678  0.60097717538391682
  0.61304115875837872  0.62555826165578210  0.63672303900943539  0.64746363442747423
  0.65736291335389663  0.66638284568365469  0.67528568462161209  0.68441747368150807
  0.69323351750035000  0.70328504390927538  0.71466766864643960  0.72603360566154385
  0.73602979317535044  0.74577046115828405  0.75592527385524566  0.76570300552819381
  0.77317682952080669  0.78014579371332138  0.78903638627999473  0.79844357273133248
  0.80928039790530559  0.82028845475702761  0.83026867782937697  0.83924834195245135
  0.84709956780409879  0.85610571606355612  0.86562063468017370  0.87554768809885841
  0.88727960844876153  0.89880585724947282  0.90957150854671709  0.91838595477485352
  0.92680344915888646  0.93476974009405478  0.94299374282468240  0.95281900470371994
  0.96446969059120347  0.97655698102262145  0.98858006498279127  1.00000000000000000
 -0.00325771588542592  0.01075064609040218  0.02068314538900990  0.03017065357093541
  0.03957968178618543  0.04799986892981593  0.05660353923872068  0.06699890576200340
  0.07796287955641752  0.08918167750345171  0.10123374611108046  0.11435403358642815
  0.12603185605982359  0.13685222352231380  0.14786765112028996  0.15901512782147198
  0.17100485039085017  0.18321390695322112  0.19554144131980808  0.20790426335954951
  0.22032302111598190  0.23240164536115065  0.24402873905957206  0.25560076168286522
  0.26801838644302800  0.28083967700221030  0.29319800223773368  0.30227918851788588
  0.30984377472808777  0.31777045263706116  0.32502242143805610  0.33338328145645335
  0.34335196148445923  0.35385215418759514  0.36448136096168721  0.37588012330894038
  0.38830684276257810  0.40115252048264338  0.41443424284676189  0.42689234085083000
  0.43800902544345693  0.44819131741172585  0.45781369262758098  0.46785140366009004
  0.47757243923835152  0.48787502521422471  0.49929057094557927  0.51083368255708084
  0.52192890986822160  0.53320787774955369  0.54449525243966468  0.55556475162446284
  0.56638129452914732  0.57702070948672890  0.58748342392924680  0.59790614244642648
  0.60907117216433559  0.62053778950717708  0.63259286033041096  0.64388690534991844
  0.65481964398178916  0.66499569006213621  0.67446239207698500  0.68402903125868530
  0.69457692169211382  0.70485647080802272  0.71551803636893452  0.72711261628704393
  0.73985999551562098  0.75238869378695450  0.76363243072128051  0.77496290398192869
  0.78607197858576028  0.79684503829135100  0.80695235732250414  0.81606300085741512
  0.82333807270700266  0.82987693742213253  0.83593575320908098  0.84488593662789424
  0.85290182095839795  0.85862518338417593  0.86517724164470500  0.87229491959920724
  0.88219071232381618  0.89239310210603251  0.90356021532785624  0.91475769395444684
  0.92599541981680689  0.93701787722370877  0.94758583915524119  0.95838379780828831
  0.96891772790614672  0.97892038420256466  0.98860703857362520  1.00000000000000000
  0.18574675572498817  0.20385589227846376  0.22921209827289518  0.27275355732322915
  0.33434843399919001  0.38184706826352749  0.42225744499891898  0.45525064831361978
  0.48143293864231884  0.50660132884919562  0.52955958304960948  0.55890550512452419
  0.58487469451956697  0.60231567131994768  0.61838867380035978  0.63080444965316762
  0.64095163294495949  0.64901686336488384  0.65571147110695205  0.66041811438635978
  0.66389204772053345  0.66665883904299272  0.66874154560732824  0.67095508463388376
  0.67348324230587597  0.67603902944433847  0.67842712369219793  0.68044833189652576
  0.68199516670053451  0.68322532865772545  0.68425575877529721  0.68512984164559232
  0.68602785120889631  0.68693643698000617  0.68774101135432109  0.68851214878605438
  0.68923281892218069  0.68997086491480963  0.69077810558655151  0.69150819226142124
  0.69213481731162285  0.69271692923425832  0.69331721650737643  0.69392565326841882
  0.69452391734271157  0.69509691613907365  0.69562258308023728  0.69610437528541347
  0.69654900448219337  0.69696392777429250  0.69735294975459583  0.69779175892549528
  0.69826538550853723  0.69871537684241203  0.69909557414410006  0.69948255512769897
  0.69994176608268810  0.70046470563111385  0.70102899745143166  0.70159376520584993
  0.70218091320916565  0.70282481930718055  0.70350434121791849  0.70416424126089650
  0.70486747859049925  0.70561580626636256  0.70641256388987050  0.70724522028904013
  0.70811044598301243  0.70908023488036187  0.71012178741955778  0.71123051677031468
  0.71244452371038725  0.71375039546294095  0.71519627999263924  0.71669786640072908
  0.71812612355129690  0.71960602503690729  0.72103488015720107  0.72251712670000778
  0.72435443602278637  0.72649371961246045  0.72909850546241528  0.73211192788239599
  0.73517109782547585  0.73826705531957770  0.74176938186857100  0.74567552587566455
  0.75036747722088448  0.75625860774920872  0.76346094036956591  0.77211198230142841
  0.78409748344474950  0.80169679565377183  0.83753546353950525  1.00000000000000000
   2.4962730093621603E-009  -1.0000000000000000     
 F F F F F F F F F F F F F F F F F F F F F F F F F F F F F F F F F F F F F F F F F F F F F F F F F F F F F F F F F F F F F F F F
  <DiscreteSampler_grid>
  grouped_processes
  1 # 1 for a reference and 2 for a running grid.
  10 # Attribute 'min_bin_probing_points' of the grid.
  1 # Attribute 'grid_mode' of the grid. 1=='default',2=='initialization'
  0.0000000000000000 # Attribute 'small_contrib_threshold' of the grid.
  0.5000000000000000 # Attribute 'damping_power' of the grid.
 # binID   n_entries weight   weight_sqr   abs_weight
    19   10   2.993596269956351E+005   2.887749612446693E+011   2.993596269956351E+005
    22   10   2.993596269956351E+005   2.887749612446693E+011   2.993596269956351E+005
    25   10   2.993596269956351E+005   2.887749612446693E+011   2.993596269956351E+005
    28   10   2.993596269956351E+005   2.887749612446693E+011   2.993596269956351E+005
  </DiscreteSampler_grid>
