 -0.00967086372004042  0.08999781624403071  0.15084190952356047  0.20336573537081623
  0.24427225839468303  0.27578289670791728  0.30780907639977956  0.33294018451906693
  0.35737321198941330  0.38429980703573347  0.40967916722675396  0.43242911203245005
  0.45306997237607027  0.47258261207455199  0.49284163240886619  0.51262764987129550
  0.53147798229380372  0.55172440185262406  0.57147626601988666  0.59046988037199954
  0.60653820138095682  0.61959523805703609  0.63253389726036535  0.64574671762408486
  0.65960208818025956  0.67204070427074902  0.68333563806031139  0.69568631973964978
  0.70882347788654465  0.72093022389595762  0.73184292187010647  0.74259804946814123
  0.75394892740636321  0.76547594412461573  0.77476836515961278  0.78221631426983118
  0.78868349495615420  0.79441518434391223  0.80150720118137275  0.81074790992219281
  0.81990109942633560  0.82749961859676513  0.83488789545613085  0.84221414124248573
  0.85039248886436880  0.85945317608558536  0.86778860313228323  0.87483112714404832
  0.88127374698746863  0.88735236095736469  0.89322578147208231  0.89907412181405200
  0.90495791336469089  0.91077035824667074  0.91714247155851947  0.92328663566892766
  0.92902202054613237  0.93425120160042274  0.93930245332372075  0.94276196052380745
  0.94515983731918896  0.94768074460105733  0.94988128693826135  0.95187184633406274
  0.95377579041680383  0.95541655252824420  0.95700851666977438  0.95858355029290254
  0.96143659350698429  0.96484947062650261  0.96777673585516311  0.96973174723576616
  0.97144976816811512  0.97311706255229191  0.97466161320187583  0.97624945784129569
  0.97814185701327128  0.98009268573739261  0.98091571037055514  0.98151321203098485
  0.98211071369141445  0.98269916743499774  0.98318042765155067  0.98366168786810348
  0.98414294808465641  0.98460638404862599  0.98503100017311274  0.98545561629759948
  0.98588023242208622  0.98659437288515217  0.98764758176862211  0.98876290972856795
  0.99019727176824301  0.99246929873497891  0.99503984641979670  1.00000000000000000
  0.00000000006784614  0.00000000007335164  0.00000000007679542  0.00000000007925308
  0.00000000008160123  0.00000000008391096  0.00000000008607074  0.00000000008817017
  0.00000000009018225  0.00000000009246458  0.00000000009509800  0.00000000009806384
  0.00000000010146682  0.00000000010474428  0.00000000010779761  0.00000000011089800
  0.00000000011403205  0.00000000011762668  0.00000000012113151  0.00000000012440665
  0.00000000012775232  0.00000000013112234  0.00000000013433742  0.00000000013798685
  0.00000000014216475  0.00000000014629995  0.00000000015140888  0.00000000015709272
  0.00000000016354241  0.00000000016986150  0.00000000017579688  0.00000000018135772
  0.00000000018704161  0.00000000019314130  0.00000000020057816  0.00000000020863453
  0.00000000021731119  0.00000000022672605  0.00000000023665977  0.00000000024653637
  0.00000000025647934  0.00000000026872055  0.00000000028304240  0.00000000029833150
  0.00000000031502395  0.00000000033281491  0.00000000035088172  0.00000000036876919
  0.00000000038843220  0.00000000040778747  0.00000000042859733  0.00000000044839116
  0.00000000046683909  0.00000000048721841  0.00000000050911818  0.00000000053223115
  0.00000000055684936  0.00000000058548420  0.00000000062046931  0.00000000066236716
  0.00000000070978096  0.00000000076104880  0.00000000081386217  0.00000000087027373
  0.00000000094061098  0.00000000103007575  0.00000000114361993  0.00000000127047498
  0.00000000141687832  0.00000000159646304  0.00000000180545528  0.00000000198167351
  0.00000000214160235  0.00000000227266962  0.00000000245838267  0.00000000267082060
  0.00000000292874802  0.00000000327769631  0.00000000389634624  0.00000000473863328
  0.00000000570163476  0.00000000683400572  0.00000000842036214  0.00000001052808336
  0.00000001383003357  0.00000002056902157  0.00000003622383810  0.00000008002338100
  0.00000020046623481  0.00000075654776637  0.00000401886276188  0.00002352597764530
  0.00019344907799486  0.01026667725819308  0.60434228022956438  1.00000000000000000
 -0.00230119337093920  0.00925663652157770  0.01844474733885813  0.02877127247390349
  0.04029722102198553  0.05178307793833108  0.06320336357875340  0.07595476073221227
  0.08816594172151240  0.09798448378045786  0.10783361956974037  0.11756157410482138
  0.12734783998555096  0.13802696963328112  0.14861176646828675  0.15824743529277457
  0.16770684567835609  0.17825463458242785  0.18878395195875963  0.19924847666165729
  0.21055815860425306  0.22021964186090143  0.22821920718546956  0.23681392005713836
  0.24630748951450682  0.25472109912183549  0.26383393800128907  0.27425350930729547
  0.28372531496793291  0.29233993797242303  0.30146950715631565  0.31200444610630929
  0.32361779084448233  0.33480181127013442  0.34499522214960521  0.35449800695656059
  0.36232978563222357  0.36968787947649823  0.37766955206696140  0.38577052696416197
  0.39558752085206833  0.40810174115140901  0.41952874693051034  0.43108689040983872
  0.44255599826753012  0.45444553876110372  0.46665335431059413  0.47893306919662831
  0.49158970270833741  0.50423708224835950  0.51614734172279575  0.52777857305782250
  0.53909708752301511  0.54906355821235464  0.55840611345014990  0.56802996564124963
  0.57891151326505275  0.59114920189927600  0.60352652091551939  0.61521945345987494
  0.62606685798872563  0.63629731768346143  0.64580073561251705  0.65509749589565180
  0.66444429450147902  0.67449425248828776  0.68451196526943914  0.69471595986216861
  0.70529807753966256  0.71712898459602015  0.72854416572379621  0.74117387046707406
  0.75366557937462275  0.76578449659729964  0.77731285094868741  0.78864361819461049
  0.79938458643521770  0.81012015973818552  0.82066453622896229  0.83055184622241018
  0.83998425183557668  0.84827955209386796  0.85606186229765879  0.86776415123501471
  0.87899781999707183  0.89031137283806683  0.90182713619357813  0.91467432050916408
  0.92763366340152287  0.93995731336945620  0.95211132365024986  0.96247097589115405
  0.97194287189957629  0.98084006904538446  0.99075817292046708  1.00000000000000000
 -0.00244441284793688  0.00917110192431113  0.02016335254494992  0.03006612806697256
  0.04223930524470357  0.05355286951111177  0.06529467292372702  0.07612268627925481
  0.08447961846728473  0.09246878507658340  0.09994900154726731  0.10790671686372744
  0.11616184965612183  0.12746037124343834  0.13895861116488381  0.15097933412651807
  0.16308186679900000  0.17579388745316049  0.18760794630561989  0.19887590526907992
  0.21030665220762534  0.22232803506830645  0.23624086132951697  0.24795282815971509
  0.25824309210053381  0.26752960273179299  0.27699680578476132  0.28767844300870149
  0.29864552750576284  0.30950085612410316  0.32048886389024867  0.33142239668733403
  0.34154670253680192  0.35218485482507050  0.36271771592570395  0.37413843047335893
  0.38657340590938227  0.39945944444705245  0.41194110334802991  0.42358636529636795
  0.43338640658660188  0.44139597595731273  0.44972691898737682  0.45708621804871419
  0.46494707205852942  0.47281308796618832  0.48176691003232380  0.49279267959365491
  0.50444591842627351  0.51541448498923015  0.52586875401879674  0.53626902135858101
  0.54689482423930180  0.55801669331548964  0.56893931676994858  0.57879058275766115
  0.58874465558503142  0.59944849564065017  0.61027573351101450  0.62053016398608396
  0.63071818509479827  0.64089992775444704  0.65101323716041293  0.66152154766881033
  0.67265418954945022  0.68390260632055666  0.69529265132237605  0.70724807055535321
  0.71901730764338945  0.73056795984875278  0.74240763760095629  0.75430035651806504
  0.76576901031802103  0.77726862032383992  0.78985255322803338  0.80362659867927566
  0.81622113959136533  0.82643807544713266  0.83667172090847830  0.84631390144318541
  0.85621708928033635  0.86728417287626836  0.87818710838610381  0.88853428773562870
  0.89793207897251426  0.90732709454149918  0.91718482771226750  0.92696456442330499
  0.93680247724311272  0.94675032573157392  0.95615412441770165  0.96468409459772475
  0.97204582858886712  0.97999937285100891  0.98827542226190290  1.00000000000000000
 -0.00254578286158163  0.00943264896964580  0.02144028696688292  0.03312773884466105
  0.04438906069308540  0.05629855843684087  0.06801593591929751  0.08033669922987505
  0.09234091516974838  0.10202492715378181  0.11053680718313451  0.11927591185143177
  0.12915864812744571  0.14081522625259663  0.15336057772705536  0.16533700651848116
  0.17663812149161856  0.18819142046660611  0.19989673399348368  0.21172190851195632
  0.22378422931093578  0.23532451853693198  0.24672591523220222  0.25750978749460152
  0.26752490382163430  0.27789068713858478  0.29023114629693231  0.30283212909731394
  0.31474830823125222  0.32633701128919834  0.33791844518758524  0.34994403408457192
  0.36184431939385747  0.37322889414530597  0.38457121003462247  0.39619412782743801
  0.40813810984733379  0.41990665493917068  0.43101901734952541  0.44193507688263017
  0.45285160261293750  0.46389322884371648  0.47499964635925901  0.48582815404162827
  0.49541473170404177  0.50441817856607429  0.51392256846102613  0.52292525916165988
  0.53346646435624745  0.54544726825526380  0.55638454830709960  0.56616915198619988
  0.57580330025532900  0.58615123447180295  0.59698910277885153  0.60812889528451164
  0.61939641639238974  0.62993682158691788  0.63974134357061185  0.65051493569572438
  0.66161114327400361  0.67190804647159308  0.68140678117933751  0.69099029881448160
  0.70116358838707216  0.71198437339427767  0.72345052812428889  0.73447410438351124
  0.74443094669935617  0.75449786917871475  0.76423566090272199  0.77300591686965259
  0.78117553749354141  0.78929124898965164  0.79693886233793854  0.80625154577003844
  0.81691988999844878  0.82677668812075700  0.83705457303825925  0.84760374026449037
  0.85737667390142813  0.86550160543366905  0.87528477889863132  0.88681461072938617
  0.89969522465834506  0.91113916834350872  0.91897518982049342  0.92678091003658503
  0.93602058691361001  0.94674266188561340  0.95822349968350717  0.96783970092627636
  0.97617775553078234  0.98413742148002992  0.99156851733920326  1.00000000000000000
  0.18299499148727880  0.21477173791502233  0.23887087796788145  0.26659972802827731
  0.29677742975510324  0.33004787079297354  0.37014774116560839  0.41899785362596009
  0.46830633535451321  0.51026205100879374  0.54273949670215516  0.57218651123578157
  0.59532512564983131  0.61060001869850256  0.62148398372432501  0.63093452306758435
  0.64001846247356164  0.64871165805366116  0.65547441949511676  0.66079849545439562
  0.66528906238098307  0.66855190753238602  0.67128736946018808  0.67383731880501785
  0.67593661792680360  0.67782918952998228  0.67953803304439253  0.68120671690722923
  0.68279435116233356  0.68415982855627155  0.68524964605973349  0.68618792390203731
  0.68704143449990840  0.68783009933325545  0.68850395790957641  0.68946903514985225
  0.69019947254282688  0.69079608263897274  0.69143901746132719  0.69209751289526411
  0.69275655030514671  0.69343621251770815  0.69406411424612868  0.69461676544705653
  0.69514698014760079  0.69563250727180337  0.69612355471886567  0.69660300439723966
  0.69713456134223328  0.69770023317909546  0.69828101318221891  0.69888168499687708
  0.69946501976564057  0.70000798715186097  0.70050366762784777  0.70096673020205069
  0.70145331536764133  0.70200118646488230  0.70254162212377202  0.70312254097043925
  0.70373643464469493  0.70443410797171357  0.70515999075909197  0.70594950833767212
  0.70667382412999757  0.70736259330695050  0.70807742648483118  0.70877983812796119
  0.70956424296371168  0.71053332336458219  0.71156611711683482  0.71265158558316721
  0.71386037313206596  0.71523724745088746  0.71681499399855064  0.71851214940989161
  0.72024800625463281  0.72214875984996085  0.72431450017087473  0.72683721265490242
  0.72979030522133614  0.73324331391455744  0.73718858445448487  0.74130471604438686
  0.74483707537415311  0.74830612277906505  0.75233073871182821  0.75691270583220527
  0.76296625508589222  0.77036974490012533  0.77904245946870876  0.78976699999296096
  0.80315879226277165  0.82860897032941749  0.89181850051486755  1.00000000000000000
   2.4732817630950447E-009  -1.0000000000000000     
 F F F F F F F F F F F F F F F F F F F F F F F F F F F F F F F F F F F F F F F F F F F F F F F F F F F F F F F F F F F F F F F F
  <DiscreteSampler_grid>
  grouped_processes
  1 # 1 for a reference and 2 for a running grid.
  10 # Attribute 'min_bin_probing_points' of the grid.
  1 # Attribute 'grid_mode' of the grid. 1=='default',2=='initialization'
  0.0000000000000000 # Attribute 'small_contrib_threshold' of the grid.
  0.5000000000000000 # Attribute 'damping_power' of the grid.
 # binID   n_entries weight   weight_sqr   abs_weight
    19   10   3.756260572854740E+005   6.392206306001096E+011   3.756260572854740E+005
    22   10   3.756260572854740E+005   6.392206306001096E+011   3.756260572854740E+005
    25   10   3.756260572854740E+005   6.392206306001096E+011   3.756260572854740E+005
    28   10   3.756260572854740E+005   6.392206306001096E+011   3.756260572854740E+005
  </DiscreteSampler_grid>
