 -0.02076645619234415  0.12925969171610122  0.18774020943116537  0.22023421117216216
  0.24778463010930571  0.27915979362152582  0.31187685812881111  0.34277031980387657
  0.37119244636678905  0.39626827751896404  0.41768809860521761  0.43947288803314799
  0.46054025647521690  0.48020861992093389  0.49742480642495140  0.51333150475867784
  0.52970185261539382  0.54755077954721809  0.56506612311025384  0.57909037405902841
  0.59092906039699999  0.60210602528719848  0.61425750068528517  0.62803877071175951
  0.64108727619179140  0.65311247672066908  0.66552817106002682  0.67811488346468995
  0.69059983947630421  0.70256359813234304  0.71361320724743371  0.72328513031980479
  0.73209784935172406  0.74073836887915623  0.74924484709033845  0.75709281214367541
  0.76470585338995156  0.77312819615896833  0.78122492963146706  0.78974370800816662
  0.79811872818566698  0.80632675792365971  0.81341914486394329  0.82039433881991841
  0.82659202442527269  0.83253442066821082  0.83831276763673690  0.84339454857340390
  0.84867070609797324  0.85377716906030465  0.85886584139249744  0.86407224727199738
  0.86909546938114868  0.87487432836565115  0.88054078957900084  0.88601755867946042
  0.89115068903746464  0.89595791004718506  0.90079199908752250  0.90586636838500145
  0.91072959956016275  0.91501744168747945  0.91905150934003177  0.92276064295788007
  0.92638179541940213  0.93000929840017232  0.93320414455161327  0.93609968728727089
  0.93891361132799855  0.94195549517389221  0.94512482026063038  0.94827167809724189
  0.95127402894426083  0.95439650617035998  0.95775165827622988  0.96081477454972697
  0.96366053787057893  0.96624753074631120  0.96826249614827575  0.96964788815880776
  0.97124405277844827  0.97288128374820859  0.97443087464596745  0.97597193457018205
  0.97742353572849316  0.97868611427009766  0.97978101789236727  0.98093736779849683
  0.98227877376674233  0.98419232961803971  0.98612997039033645  0.98821367843602537
  0.99040756236239713  0.99283554531060902  0.99497722054089544  1.00000000000000000
  0.00000000002618642  0.00000000002850879  0.00000000002996019  0.00000000003104440
  0.00000000003206704  0.00000000003304898  0.00000000003423913  0.00000000003551367
  0.00000000003744127  0.00000000003957800  0.00000000004163966  0.00000000004377973
  0.00000000004598077  0.00000000004814608  0.00000000005034042  0.00000000005258525
  0.00000000005512858  0.00000000005774034  0.00000000006035608  0.00000000006293858
  0.00000000006559249  0.00000000006831403  0.00000000007110404  0.00000000007392009
  0.00000000007714548  0.00000000008264711  0.00000000008825279  0.00000000009382025
  0.00000000009931116  0.00000000010498789  0.00000000011041774  0.00000000011557740
  0.00000000012053996  0.00000000012552725  0.00000000013047864  0.00000000013509830
  0.00000000013991496  0.00000000014454349  0.00000000014893087  0.00000000015377816
  0.00000000015875503  0.00000000016361472  0.00000000016845530  0.00000000017351323
  0.00000000017910667  0.00000000018544302  0.00000000019300970  0.00000000020114220
  0.00000000020972118  0.00000000021962708  0.00000000022946210  0.00000000023957288
  0.00000000024885545  0.00000000025800859  0.00000000026774468  0.00000000028151556
  0.00000000029559106  0.00000000031114783  0.00000000032870955  0.00000000034807706
  0.00000000036996453  0.00000000039306938  0.00000000041824084  0.00000000044634346
  0.00000000047899490  0.00000000051522643  0.00000000055583394  0.00000000060374715
  0.00000000064989709  0.00000000069914478  0.00000000075585939  0.00000000082109408
  0.00000000089099880  0.00000000096796642  0.00000000105610673  0.00000000115519784
  0.00000000128264489  0.00000000142964270  0.00000000164389395  0.00000000192123423
  0.00000000226657425  0.00000000268240193  0.00000000326074602  0.00000000439232969
  0.00000000640708245  0.00000000968830023  0.00000001460711514  0.00000002645587534
  0.00000006552707671  0.00000026161933885  0.00000109582894259  0.00000623274047015
  0.00004289274150991  0.00065961227542806  0.14868063793566411  1.00000000000000000
 -0.00154321737350104  0.00746784058467758  0.01703294941243787  0.02626541303888055
  0.03556669678393658  0.04634136242734239  0.05750928920161356  0.06891643660166945
  0.08068302718881115  0.09269964687969795  0.10342196016654800  0.11308546496192461
  0.12230238471524345  0.13242410826684137  0.14281696464701552  0.15325360440418706
  0.16428548341614599  0.17594558836490898  0.18767786102317438  0.19867954206260099
  0.20925563209720788  0.21980482220089140  0.23047595160844120  0.24175978422947653
  0.25338747370798476  0.26490748907989226  0.27521643322498479  0.28435097462326014
  0.29401633047289538  0.30438456640907074  0.31448383385975948  0.32412280726426107
  0.33407686087256588  0.34481757220934839  0.35608870973491225  0.36792603438732957
  0.37977927085963076  0.39106727970482413  0.40154128552854257  0.41081043368939957
  0.41981615043764847  0.42983191935442777  0.44115318383604030  0.45326862853414562
  0.46518407819652058  0.47632642327164754  0.48647010038281185  0.49642963158115949
  0.50687254218451872  0.51823677851619276  0.53032514432400324  0.54213891684654592
  0.55308127180306821  0.56301442538682001  0.57246946623220496  0.58250851332418585
  0.59371275754616037  0.60542432478454378  0.61634421277016904  0.62636596087225882
  0.63608918553352389  0.64563560414374799  0.65476919193437422  0.66376603076487273
  0.67318719813558681  0.68367426563570888  0.69500513502426353  0.70567263231358612
  0.71596763612193348  0.72665701844177732  0.73711306292312340  0.74779493390959162
  0.75864701303487303  0.76986262031467401  0.78113895859618399  0.79209271237346002
  0.80317985853780638  0.81331278101810089  0.82195753645468117  0.83037482700677634
  0.83930221505290836  0.84862142064081536  0.85900582209577891  0.87050256126086845
  0.88128140591972581  0.89187609592091399  0.90287891041947321  0.91424761889034956
  0.92510445151707954  0.93496508702574943  0.94452148701243099  0.95506300871209016
  0.96546328116197300  0.97753663795590984  0.98868304496424275  1.00000000000000000
 -0.00235200356752682  0.00904781856466161  0.01873968832176006  0.02797035590017282
  0.03641771348006982  0.04522329177976855  0.05474883486139455  0.06445752201163392
  0.07360353701406387  0.08366811220571028  0.09542427569783439  0.10828493560517126
  0.12060365298093415  0.13223138338428223  0.14366059692334643  0.15550342598216510
  0.16715988085241593  0.17902492858481880  0.19019856004299940  0.20160477967303961
  0.21302870402471824  0.22461268314265101  0.23591754925018421  0.24729381033358086
  0.25832526866043670  0.26900477176602661  0.27935993914396112  0.28976462612534176
  0.30010905761554912  0.31064584304989562  0.32132781644186620  0.33274916527589576
  0.34376590895317427  0.35444653434821949  0.36544490450141598  0.37616876199679145
  0.38658851718830606  0.39676157628298436  0.40732233911271631  0.41857725012544561
  0.43011947454330407  0.44187520611114289  0.45367211753055353  0.46490609961553214
  0.47562007755707980  0.48636603717118682  0.49749396405524049  0.50892683523816162
  0.52012501648236342  0.53090290593739231  0.54161800395607917  0.55259003978484800
  0.56352526153767712  0.57476544934449625  0.58609748790672633  0.59708215418163035
  0.60774082331979340  0.61826666716875345  0.62855598718692862  0.63899611467353001
  0.64977683438022404  0.66072020363306438  0.67170121902483271  0.68243225592730539
  0.69257606500303759  0.70222962346730544  0.71207169734399867  0.72212966249557220
  0.73244134724582188  0.74274015061583365  0.75297416385301019  0.76351481479500150
  0.77387147779006438  0.78370406985730934  0.79184109660025814  0.79976523752941242
  0.80811775722111989  0.81847293243075170  0.83028903464070991  0.84248853921441691
  0.85440594128258363  0.86579014025909207  0.87634002995653126  0.88613237847365933
  0.89592717960366897  0.90595779249136188  0.91607511259747099  0.92564935752341415
  0.93428589190787115  0.94288753690906935  0.95156371123274752  0.96042357372976095
  0.96967810778958574  0.97961582147799309  0.99004662602838955  1.00000000000000000
 -0.00293753847993542  0.01063977761730478  0.02222210791908223  0.03328181730614481
  0.04446401024997320  0.05586206423853532  0.06687626973134608  0.07789603564485303
  0.08786759282899799  0.09826125406983530  0.10921856530691255  0.12096744352983689
  0.13295536760055129  0.14376777063412688  0.15377739344543212  0.16424444431363477
  0.17538672765170754  0.18627692872198462  0.19698004840296113  0.20753009882201359
  0.21850320376890017  0.22933179517719002  0.23969695460521367  0.25038175708055566
  0.26182059143396408  0.27339973336225482  0.28483260684191086  0.29603278088489016
  0.30668016766431566  0.31740307356474196  0.32788373855735931  0.33873866134367531
  0.34932333312287200  0.36030363122706000  0.37165845808247638  0.38285378683191451
  0.39373915986497726  0.40445391475208814  0.41516521278429019  0.42558297043666482
  0.43556053498607022  0.44537878831905953  0.45512544059729454  0.46609196580382889
  0.47663279791920665  0.48635207687164977  0.49528087135032972  0.50441780253083446
  0.51497767886405288  0.52629656940875391  0.53589190771385953  0.54488455725557638
  0.55420048663725452  0.56428775960692901  0.57428723197222686  0.58455782089708330
  0.59463728024151985  0.60536585554284528  0.61626619454913700  0.62627249146274433
  0.63743744108544220  0.64798683957914105  0.65882451997303393  0.66971225487949360
  0.68077750567946904  0.69155530665790055  0.70258011497788375  0.71307835941299424
  0.72416041666384501  0.73512400935446220  0.74404510997307816  0.75292609321895965
  0.76225665776330209  0.77258660024135861  0.78429884566786212  0.79548285902419402
  0.80681577226873935  0.81774364215549400  0.82876272209142676  0.83945898101860228
  0.85004167808278319  0.86038095190634201  0.86950527942941025  0.87886241357006489
  0.88811100931976461  0.89822521315241721  0.90909927460035556  0.91928741360826871
  0.92944173121166584  0.93996007155598160  0.95061960637132847  0.96084771625314158
  0.97059887623293395  0.98093994405392515  0.99116930352027832  1.00000000000000000
  0.18353689058657185  0.20859198613819568  0.23527707784394020  0.26849017899514105
  0.29612861154408116  0.32498212714001407  0.36429756038949629  0.41289895530855103
  0.46314435820287198  0.50767608435122891  0.54476750064130242  0.57159434593056890
  0.59322573010183666  0.60966853474017690  0.62289884214876989  0.63413250610023475
  0.64327901105257568  0.65038097889634472  0.65581460318935736  0.66005158757913995
  0.66346891686112386  0.66678815954046000  0.66972630226744023  0.67217193017468047
  0.67443650763670482  0.67672418309248017  0.67873734364412097  0.68039782729863485
  0.68181423230590466  0.68299100671839608  0.68404606974482696  0.68508834955502151
  0.68606322480325566  0.68701005619931688  0.68796299160366781  0.68889429114880274
  0.68975681531528110  0.69053143390998561  0.69123982311819665  0.69190805504080843
  0.69254597021891173  0.69314028084048507  0.69370956473331824  0.69421379480958556
  0.69472350873590527  0.69522505152184610  0.69570293306402087  0.69618299256354244
  0.69662608769657319  0.69704196369859395  0.69746971773855859  0.69792568226737572
  0.69839828568195006  0.69887206217254394  0.69929317744924180  0.69970408431140230
  0.70011517327783646  0.70055481991738722  0.70104106499254271  0.70155055415915535
  0.70209778422687996  0.70268264220123755  0.70329883004353244  0.70392863462487498
  0.70453840127912470  0.70514212037244517  0.70573760278303077  0.70638294213076469
  0.70704504172800398  0.70774268920613248  0.70860929918265125  0.70958574998109869
  0.71060457380952147  0.71166214734509037  0.71276360561309293  0.71387766364504512
  0.71503101388435142  0.71626813360320607  0.71777651027527933  0.71944332081298756
  0.72135751996529074  0.72351844962213341  0.72591872514533784  0.72870739387554562
  0.73179065948626532  0.73511642676880118  0.73881945060193022  0.74325492933766046
  0.74883065299046492  0.75544001335078714  0.76367050565874750  0.77404848280755101
  0.78640852778520343  0.80276209097342033  0.83455716639944300  1.00000000000000000
   2.5139618905606033E-009  -1.0000000000000000     
 F F F F F F F F F F F F F F F F F F F F F F F F F F F F F F F F F F F F F F F F F F F F F F F F F F F F F F F F F F F F F F F F
  <DiscreteSampler_grid>
  grouped_processes
  1 # 1 for a reference and 2 for a running grid.
  10 # Attribute 'min_bin_probing_points' of the grid.
  1 # Attribute 'grid_mode' of the grid. 1=='default',2=='initialization'
  0.0000000000000000 # Attribute 'small_contrib_threshold' of the grid.
  0.5000000000000000 # Attribute 'damping_power' of the grid.
 # binID   n_entries weight   weight_sqr   abs_weight
    19   10   1.023007616590128E+005   4.937457352146838E+010   1.023007616590128E+005
    22   10   1.023007616590128E+005   4.937457352146838E+010   1.023007616590128E+005
    25   10   1.023007616590128E+005   4.937457352146838E+010   1.023007616590128E+005
    28   10   1.023007616590128E+005   4.937457352146838E+010   1.023007616590128E+005
  </DiscreteSampler_grid>
