 -0.01419674843444887  0.10329088307367681  0.15903741737220201  0.20097364887858798
  0.24107558368324350  0.27587484602855172  0.30716814381953056  0.33297332002185387
  0.35555037885331453  0.38060392460126441  0.40696458515038952  0.42768102487135340
  0.44874133993266035  0.47102462479160795  0.49128458417869314  0.50943658270859693
  0.52651257253150541  0.54464962636654923  0.56259181233913613  0.57998007507876292
  0.59615589367626221  0.61112309667496323  0.62571454876280652  0.64295546905883361
  0.65855663137330656  0.67239690146865494  0.68353268457707428  0.69415525629270403
  0.70445366157346967  0.71564564947918408  0.72688371238222527  0.73629214346765126
  0.74443577425487228  0.75257708472217277  0.76163905889040662  0.77120924361571941
  0.78124528220905221  0.79068277001320653  0.79944368556336209  0.80793682122496846
  0.81598028328514849  0.82333098667462423  0.83053948845150982  0.83765308177005082
  0.84467692329486788  0.85157416197749525  0.85683100237697596  0.86175237248024361
  0.86671111773805920  0.87125211353427590  0.87600496770438629  0.88096844073482850
  0.88624495384763424  0.89214793485818555  0.89679775936059347  0.90005317109025063
  0.90343277760498464  0.90644889326027112  0.91019663898004333  0.91340589064429101
  0.91619475403415052  0.91910409606989529  0.92197365797936459  0.92522916581871584
  0.92818802825150559  0.93112729956024953  0.93406613964006269  0.93685463217970100
  0.93984128676606138  0.94286078217550107  0.94589893675835202  0.94889358168062021
  0.95178438679337973  0.95447095352496003  0.95669874378676034  0.95881069417029019
  0.96092337908813907  0.96325914530082324  0.96550076038430377  0.96771514522318003
  0.96992621627357001  0.97207956131850781  0.97422015256752470  0.97643846383338251
  0.97834721468169505  0.98012496394669957  0.98177223376774769  0.98325320871871991
  0.98459942035553594  0.98603706622049037  0.98750431512301151  0.98876765752935247
  0.99075856844912757  0.99302880332036647  0.99532366314875864  1.00000000000000000
  0.00000000007276005  0.00000000008143535  0.00000000008696292  0.00000000009233060
  0.00000000009668749  0.00000000010104438  0.00000000010580186  0.00000000011096935
  0.00000000011551791  0.00000000011885856  0.00000000012239011  0.00000000012607207
  0.00000000013020550  0.00000000013467460  0.00000000013954055  0.00000000014487908
  0.00000000015046491  0.00000000015624392  0.00000000016221004  0.00000000016862299
  0.00000000017512533  0.00000000018160410  0.00000000018821390  0.00000000019493313
  0.00000000020195020  0.00000000020961204  0.00000000021771612  0.00000000022605186
  0.00000000023438938  0.00000000024275466  0.00000000025104729  0.00000000025935998
  0.00000000026774283  0.00000000027626330  0.00000000028564647  0.00000000029575966
  0.00000000030676061  0.00000000031814761  0.00000000032878575  0.00000000034367495
  0.00000000036261106  0.00000000038224872  0.00000000040258665  0.00000000042322470
  0.00000000044393537  0.00000000046468263  0.00000000048499245  0.00000000050572288
  0.00000000052876378  0.00000000055427048  0.00000000058259124  0.00000000061402178
  0.00000000064460406  0.00000000067376284  0.00000000070325715  0.00000000073445626
  0.00000000076741750  0.00000000080959382  0.00000000086465915  0.00000000092403829
  0.00000000098827196  0.00000000105204714  0.00000000112107701  0.00000000119365754
  0.00000000125953026  0.00000000132123259  0.00000000139481368  0.00000000147752266
  0.00000000158434766  0.00000000173395891  0.00000000189093959  0.00000000208728190
  0.00000000232793232  0.00000000260571866  0.00000000291677216  0.00000000325157687
  0.00000000363561368  0.00000000406764819  0.00000000466182460  0.00000000547968199
  0.00000000650858863  0.00000000812529953  0.00000001026165247  0.00000001294352989
  0.00000001913243959  0.00000003129507026  0.00000005747983493  0.00000012160107849
  0.00000035048332072  0.00000125578894950  0.00000507968216433  0.00002355782272734
  0.00012270002708588  0.00141626440382441  0.20036723080035601  1.00000000000000000
 -0.00208669882525851  0.00832884379128612  0.01724939579509037  0.02779035377820387
  0.03720459189292573  0.04641352065074861  0.05599042900640317  0.06640955547596827
  0.07722912131318121  0.08843020006670518  0.10008162489447701  0.11201810927344559
  0.12349698866455500  0.13388233852781387  0.14337105168986447  0.15256005492308131
  0.16149671057921478  0.17127275276765533  0.18211370541556463  0.19266763815249280
  0.20292410890842205  0.21308779649201898  0.22342310299458079  0.23391020798814355
  0.24455089477762423  0.25519223866302743  0.26530000640626711  0.27491145430051034
  0.28407325147807611  0.29377712116671340  0.30437609923124737  0.31531715784970704
  0.32593222412294959  0.33621028344877024  0.34633231870233849  0.35667619845994580
  0.36738745549550061  0.37792744796903494  0.38837830691301767  0.39932249977795520
  0.41107161878740378  0.42192743991130716  0.43157426710949387  0.44196005531647847
  0.45250072401523928  0.46167624677516450  0.47074027585593242  0.47967846666723429
  0.48971867320549178  0.50197092684343059  0.51407993389587159  0.52501215249983435
  0.53568077655120128  0.54716172556975384  0.55934556188340645  0.57112246205994810
  0.58187339231970336  0.59172139369268872  0.60124783415385319  0.61110342658881500
  0.62181317083933418  0.63326019350900919  0.64461961375438270  0.65561160844180755
  0.66640183950660736  0.67676689500532905  0.68689433923703236  0.69712276847689325
  0.70774340770493716  0.71831028272924258  0.72788122358298668  0.73751421319080845
  0.74731232237599077  0.75775432041979818  0.76835715131073357  0.77896645809676379
  0.78960847447069715  0.80058652630493976  0.81169220173569667  0.82311228033934580
  0.83476830681207859  0.84642894507237743  0.85780461485737569  0.86866818097946319
  0.87948977819083973  0.89033813862280331  0.90210001121162242  0.91392886227342673
  0.92566233827332944  0.93736449457166182  0.94752421428909783  0.95717418517998787
  0.96658265748998529  0.97752784042808127  0.98779263635849979  1.00000000000000000
 -0.00155177044109607  0.00728921490814752  0.01690451391891844  0.02729851960379283
  0.03839246703430070  0.04940164921382399  0.06012661889960296  0.07067539483196215
  0.08124775554292851  0.09207632843695711  0.10322438986010075  0.11476051344566959
  0.12656211916381530  0.13832277206919502  0.14818262054392756  0.15769532002355793
  0.16725325251106174  0.17770207162353963  0.18859227153861691  0.19939801732907997
  0.21069316129477184  0.22260980257345303  0.23409031406442893  0.24290993727173144
  0.25066093451377525  0.25828708218636914  0.26675940505376899  0.27657417414618707
  0.28686522180736884  0.29722811123399373  0.30830837479503731  0.31972935118993151
  0.33100792195192308  0.34225494299647291  0.35362326723926341  0.36545245012257882
  0.37700273220976344  0.38805348860933159  0.39897053428836754  0.40976288003505595
  0.42058921498168661  0.43146846804916561  0.44238815376445056  0.45299434341493477
  0.46315021096399744  0.47336105935454426  0.48462140174161539  0.49635545204566350
  0.50708250654579956  0.51700675694764808  0.52718210994822245  0.53758512777163137
  0.54867530736028891  0.56005561480815980  0.57105509145482014  0.58241994906101391
  0.59359750883791762  0.60478035478814307  0.61561360976083301  0.62637810735229038
  0.63733945854474860  0.64871933867278442  0.66018165469609991  0.67171212980779593
  0.68303505318066926  0.69398438820871711  0.70351057723022103  0.71203877233956991
  0.72060347781010381  0.72985989522961858  0.74100049986893668  0.75229580192531686
  0.76201514048538044  0.77166378417332537  0.78200809022335094  0.79331641391354346
  0.80440529505037672  0.81487773629572824  0.82537879361458211  0.83627977293116951
  0.84637298949853101  0.85537477967048858  0.86447160153031299  0.87424787786719949
  0.88513729078135395  0.89637202435064445  0.90756479817782987  0.91910177395717940
  0.93073465156449642  0.94254655742621707  0.95374991197115122  0.96390307999555480
  0.97324022957415512  0.98201157781725867  0.99107771729733873  1.00000000000000000
 -0.00244316436336058  0.00961836222553880  0.01860224969896626  0.02818022533054446
  0.03791733789837477  0.04802552737911769  0.05866088575226637  0.06925141184676742
  0.08052091098389494  0.09215294458428218  0.10359011458812875  0.11426541872230477
  0.12403471898554479  0.13318779181775534  0.14278583730047120  0.15391686873694849
  0.16624156445485191  0.17775038752582295  0.18886726029843823  0.20046612408518327
  0.21116504287547452  0.22096905659235766  0.23045714773850620  0.24040433167810157
  0.25083242730414063  0.26175290179851157  0.27183001756065339  0.28144069089888324
  0.29147972485828155  0.30256095116191767  0.31031160500940386  0.31694910029366818
  0.32350753000178761  0.33216641417487724  0.34239235996992956  0.35297289195839826
  0.36378389493010771  0.37523046432043916  0.38686417818628444  0.39803685439148884
  0.40869105913602133  0.41946839675989905  0.43043693260393773  0.44132074773027913
  0.45144876891360119  0.46131901688638766  0.47159516841482352  0.48282720747658064
  0.49501205120733860  0.50727217096209931  0.51908564247267164  0.53055547748065846
  0.54180520040774960  0.55302883051264107  0.56362248821442473  0.57300870385390001
  0.58223579039376638  0.59111099026062286  0.60068611314860887  0.61100874561532381
  0.62131813098549860  0.63183190935799838  0.64298116656005289  0.65420055159585400
  0.66546861302496418  0.67617639630580317  0.68653810287414174  0.69720024504516720
  0.70834647816529506  0.71976356889478055  0.73114588196538743  0.74194599420244856
  0.75217431064352691  0.76246797843688885  0.77295949453762691  0.78374216703478572
  0.79440784310720591  0.80540345737533492  0.81615130836988026  0.82658862288579515
  0.83681185110977541  0.84751846335580561  0.85799332244053639  0.86962915086940906
  0.88093513944924551  0.89244726383996154  0.90433022641511873  0.91638424246664152
  0.92786492847715685  0.93884286043197229  0.94950327195894646  0.96065406458577240
  0.97051003841656636  0.98014582340431267  0.99019889252258164  1.00000000000000000
  0.18590958655531284  0.20314993880255400  0.21690907116126537  0.24112963528011441
  0.27595317146996495  0.31385823721518369  0.35549573403580853  0.39885940739585335
  0.44263603447628147  0.48403697877291169  0.51926401316140569  0.55127729313212981
  0.57781995828000621  0.59758089269794346  0.61221495846512031  0.62419230911801693
  0.63483347774866716  0.64398693100541327  0.65148652133487028  0.65780442225268609
  0.66308200316574373  0.66731239481415638  0.67054484978443873  0.67305013070694020
  0.67516510714989963  0.67711318176742341  0.67894551891382160  0.68061198943250245
  0.68211367209412233  0.68347952437860426  0.68474226477165756  0.68592094163229556
  0.68700936020814030  0.68798962681486553  0.68886071498808865  0.68964458141924134
  0.69038111613108444  0.69102963951165286  0.69160368389953586  0.69220907069369375
  0.69284669557534950  0.69348008496106373  0.69409608646196019  0.69464709567190774
  0.69516318901691665  0.69565452410082729  0.69616099248065266  0.69668395437665531
  0.69720490884642938  0.69771064730480981  0.69822455284379414  0.69876446961631977
  0.69931284168840768  0.69984263156507853  0.70037284506325381  0.70093897859293974
  0.70154187448639993  0.70210943176712570  0.70263459626655422  0.70315119346947108
  0.70367905348061532  0.70422243389460759  0.70476984817782196  0.70534575673350641
  0.70595843458767338  0.70661559048556088  0.70737922984958712  0.70824480554095970
  0.70914132483193582  0.71006313605454807  0.71105915316767243  0.71213490551863312
  0.71327931624010976  0.71444193311712068  0.71553758167063930  0.71669061987996951
  0.71792181912664577  0.71945495179890295  0.72117699116297973  0.72293154054946740
  0.72468411014339473  0.72652470679446646  0.72850992694979122  0.73087622121546469
  0.73341689560365675  0.73673837171624867  0.74049783457944085  0.74512215710648444
  0.75043009301346908  0.75663610482591681  0.76427419451423595  0.77408138233540480
  0.78699121255383653  0.80534011824597385  0.84220715547972957  1.00000000000000000
   2.4273557679893623E-009  -1.0000000000000000     
 F F F F F F F F F F F F F F F F F F F F F F F F F F F F F F F F F F F F F F F F F F F F F F F F F F F F F F F F F F F F F F F F
  <DiscreteSampler_grid>
  grouped_processes
  1 # 1 for a reference and 2 for a running grid.
  10 # Attribute 'min_bin_probing_points' of the grid.
  1 # Attribute 'grid_mode' of the grid. 1=='default',2=='initialization'
  0.0000000000000000 # Attribute 'small_contrib_threshold' of the grid.
  0.5000000000000000 # Attribute 'damping_power' of the grid.
 # binID   n_entries weight   weight_sqr   abs_weight
    19   10   4.538005865150231E+006   1.283626999924117E+014   4.538005865150231E+006
    22   10   4.538005865150231E+006   1.283626999924117E+014   4.538005865150231E+006
    25   10   4.538005865150231E+006   1.283626999924117E+014   4.538005865150231E+006
    28   10   4.538005865150231E+006   1.283626999924117E+014   4.538005865150231E+006
  </DiscreteSampler_grid>
