 -0.00247848299590426  0.00946927281056601  0.01962033430206622  0.03010873868753686
  0.04068603112721187  0.05125443734153316  0.06183966640335832  0.07241702454624976
  0.08300616164904194  0.09357562964870804  0.10415450527852375  0.11466671005771922
  0.12519096525863210  0.13570922569138952  0.14624403040779946  0.15683686635892286
  0.16740465618626973  0.17791768468120517  0.18840235439886166  0.19891820537025590
  0.20947101766666787  0.21999692615718450  0.23052736851275474  0.24109783323509479
  0.25164913480239837  0.26215053992626874  0.27267698230582649  0.28324312011296437
  0.29381699717386506  0.30433823401179516  0.31486232228981459  0.32538638168658052
  0.33591843211522465  0.34643090521639791  0.35698943411843864  0.36754731353330883
  0.37808074899257871  0.38859599781788445  0.39914965362711008  0.40973880337596169
  0.42034640670759582  0.43095144697581034  0.44158966415712120  0.45222588610469200
  0.46286885979220754  0.47345942759093618  0.48401353032926137  0.49451313972010547
  0.50501627585647746  0.51552687174689915  0.52610511402494442  0.53670174657432623
  0.54730743459633513  0.55788197285214802  0.56846068868836175  0.57902105251669989
  0.58953247617611171  0.60000608046793469  0.61053248260356319  0.62107980571803245
  0.63164093882971883  0.64219201027553330  0.65277487719948379  0.66334396895538783
  0.67387243715064271  0.68440699458617071  0.69493942741992309  0.70548007913879185
  0.71597461651838057  0.72647643872993950  0.73700796675863378  0.74757259277197141
  0.75810597734826257  0.76855856124854904  0.77900095825863069  0.78943370379202094
  0.79990719263817744  0.81036970697542277  0.82090295427339921  0.83142584854703183
  0.84198355305849348  0.85252736096025417  0.86310541939577845  0.87366713690073561
  0.88421135382857263  0.89475670183461919  0.90531338352634017  0.91588630429772522
  0.92642731933964884  0.93696485509266569  0.94748606436038818  0.95799790258969286
  0.96845567245343545  0.97896700425606609  0.98948116908485018  1.00000000000000000
 -0.00251890458956697  0.00943903050914201  0.01958633495783398  0.03006001073514137
  0.04061425812345165  0.05114992209085414  0.06171381388905808  0.07225859504565445
  0.08277211617415943  0.09324618924452852  0.10371086679474048  0.11420862286143613
  0.12471082658217253  0.13524640772749510  0.14574342457700593  0.15626338689616698
  0.16679076606297369  0.17737122772983913  0.18793885652175607  0.19849597644411188
  0.20903744106039501  0.21961066263544227  0.23015861537441773  0.24072261338090800
  0.25127434765632073  0.26185147750672816  0.27241913543628443  0.28300617078004975
  0.29356279572719035  0.30413846963954916  0.31469015150062118  0.32529876726517082
  0.33587183352231131  0.34642998201253178  0.35695721610068248  0.36749994037393852
  0.37804126498227086  0.38861986154017292  0.39919444596231091  0.40975620382693678
  0.42030042356693254  0.43082926589795295  0.44138289299473532  0.45189907583275474
  0.46242012850716713  0.47293395303711777  0.48347248570130230  0.49399543687446501
  0.50450090344290810  0.51499149793590204  0.52552268741221131  0.53604883633463529
  0.54657456540341087  0.55710696789671998  0.56768075712890198  0.57827545131118019
  0.58889042951804937  0.59951268182464512  0.61012346749521185  0.62071758360071061
  0.63127287566045132  0.64180069624238056  0.65235303502712905  0.66291904728512996
  0.67351778400228257  0.68406909006047467  0.69467701333967347  0.70524148068930492
  0.71579487014302301  0.72636811447892113  0.73696074586532234  0.74758382741402774
  0.75809658598780327  0.76857742694425601  0.77908126790164600  0.78960104473960435
  0.80016108911725703  0.81065846979932243  0.82117015906592583  0.83169245825853044
  0.84217479227402947  0.85268005717542372  0.86318753755899547  0.87374045926290078
  0.88426001872778648  0.89471417404052778  0.90518806785125649  0.91564758674504176
  0.92610492960914992  0.93658304811767734  0.94712488057611444  0.95766309329865973
  0.96823405376328908  0.97877492227706830  0.98939933302040339  1.00000000000000000
  0.00531101362269026  0.00912089680379382  0.01519252866357922  0.02215604399169363
  0.02978693062802568  0.03785185243819656  0.04632057689264194  0.05511639001806610
  0.06412159611621686  0.07333141268978871  0.08267579076077820  0.09215597133610569
  0.10173503009983548  0.11139906864009877  0.12112740459355489  0.13091527406949008
  0.14076073748051027  0.15065802663285932  0.16059692555224397  0.17057660106875724
  0.18059955348477510  0.19066238333546914  0.20075615492061721  0.21086685343262371
  0.22099892752511810  0.23115720414883659  0.24134535526161863  0.25155947629038383
  0.26178897374705878  0.27202916216920947  0.28227943663577515  0.29255307930190561
  0.30284920508374918  0.31316052282642548  0.32347779740244326  0.33380491062780004
  0.34415241285497800  0.35451700290272892  0.36490187911946081  0.37529882785649660
  0.38570768236212810  0.39612618301136643  0.40655954588591769  0.41700368403377674
  0.42745645733939436  0.43791945265749888  0.44840022932858931  0.45890087276667429
  0.46941567901339715  0.47993815066004269  0.49046976330553077  0.50101184603963189
  0.51156793617436525  0.52213442597147375  0.53270642086907583  0.54328852388831217
  0.55388524136163864  0.56448928999067471  0.57509081059424527  0.58568710359933462
  0.59628241542089966  0.60688993400109192  0.61751821401376461  0.62817657968395124
  0.63886033436293677  0.64956124980775343  0.66027782714831240  0.67100547169975133
  0.68175067440652737  0.69251466350277602  0.70330401992049330  0.71411098624064318
  0.72493274054864876  0.73577145541231348  0.74663013779557708  0.75751107434072684
  0.76841163622406283  0.77933542088346441  0.79029476231934637  0.80128775437121458
  0.81232149821976840  0.82339125342329278  0.83450957792365510  0.84568375454538347
  0.85692516844513478  0.86823751368459512  0.87962760437592924  0.89110842376811761
  0.90270785825393451  0.91446529231892493  0.92643378384556219  0.93870929740115261
  0.95145411420841519  0.96520264633507169  0.98123683273694839  1.00000000000000000
   1.3137335375493225E-007  -1.0000000000000000     
 F F F F F F F F F F F F T F F F F F F F F F F F F F F F F F F F
  <DiscreteSampler_grid>
  grouped_processes
  1 # 1 for a reference and 2 for a running grid.
  10 # Attribute 'min_bin_probing_points' of the grid.
  1 # Attribute 'grid_mode' of the grid. 1=='default',2=='initialization'
  0.0000000000000000 # Attribute 'small_contrib_threshold' of the grid.
  0.5000000000000000 # Attribute 'damping_power' of the grid.
 # binID   n_entries weight   weight_sqr   abs_weight
    19   10   1.772110241463906E+007   3.779737665937517E+014   1.772110241463906E+007
    22   10   1.772110241463906E+007   3.779737665937517E+014   1.772110241463906E+007
    25   10   1.772110241463906E+007   3.779737665937517E+014   1.772110241463906E+007
    28   10   1.772110241463906E+007   3.779737665937517E+014   1.772110241463906E+007
  </DiscreteSampler_grid>
