 -0.01362268300655623  0.10059378867043789  0.14858516166822996  0.18907602927954986
  0.22897518756228294  0.26284880603083771  0.29181191273980578  0.31894983137325417
  0.34392588797628004  0.36683258090130816  0.38840610991086189  0.40838533417873862
  0.42833281255200628  0.44997635176365003  0.46895599583595232  0.48504006394181376
  0.50140862557200938  0.51727727583937921  0.53213192234450279  0.54701698293654744
  0.55972937938912415  0.57157138250959638  0.58362268603451040  0.59651444946542709
  0.60973731911152163  0.62200435891481143  0.63297211703987122  0.64329215663090678
  0.65418711373417349  0.66536198048872186  0.67583070377467769  0.68545664171481713
  0.69582001916762426  0.70541077582193568  0.71439925404300320  0.72279452948000966
  0.73149727976885393  0.74053839866243409  0.75060084234867697  0.76050098097602492
  0.76945256087400593  0.77755542396161359  0.78580509476018434  0.79435777553274045
  0.80289835238169505  0.81063470080033806  0.81738369967134539  0.82388836104841079
  0.82966503199568364  0.83503413175519980  0.84036631400288364  0.84592454849541387
  0.85190981632357388  0.85834975430486982  0.86466183422785026  0.87056542607321752
  0.87585537354030785  0.88045429984099355  0.88488812870788336  0.88971124387754452
  0.89498797661982421  0.89978785778382608  0.90346186958367514  0.90692253858224947
  0.91030632759781072  0.91401821472051792  0.91817313839070325  0.92252997978080753
  0.92680469503876506  0.93109089663883049  0.93505273315742632  0.93798710852238021
  0.94047728664925023  0.94282737234204239  0.94518390294235433  0.94754756850661437
  0.95077628202006359  0.95383098351635964  0.95637953043795354  0.95847863937824385
  0.96035949502138229  0.96229484242941754  0.96469571722967873  0.96733592970784754
  0.96994163993582994  0.97235279299436950  0.97466228444746428  0.97682434270852070
  0.97880441287199760  0.98071373399981776  0.98286931378176878  0.98529293953489550
  0.98813287403338568  0.99164728628966914  0.99561856283718830  1.00000000000000000
  0.00000000003950216  0.00000000004539816  0.00000000004943114  0.00000000005294244
  0.00000000005613551  0.00000000005907341  0.00000000006158890  0.00000000006418804
  0.00000000006689233  0.00000000006995938  0.00000000007321546  0.00000000007670189
  0.00000000007963655  0.00000000008227590  0.00000000008484460  0.00000000008741098
  0.00000000009009837  0.00000000009313307  0.00000000009614469  0.00000000009923452
  0.00000000010235831  0.00000000010539396  0.00000000010872047  0.00000000011304711
  0.00000000011799607  0.00000000012293911  0.00000000012775041  0.00000000013271204
  0.00000000013759971  0.00000000014231920  0.00000000014698957  0.00000000015200146
  0.00000000015704099  0.00000000016233805  0.00000000016842702  0.00000000017451556
  0.00000000018089623  0.00000000018782831  0.00000000019568785  0.00000000020450058
  0.00000000021443649  0.00000000022472379  0.00000000023472746  0.00000000024453533
  0.00000000025630079  0.00000000026926619  0.00000000028466330  0.00000000030129187
  0.00000000031657164  0.00000000033209830  0.00000000034795111  0.00000000036388676
  0.00000000038140356  0.00000000039817784  0.00000000041701498  0.00000000043773182
  0.00000000046284869  0.00000000049195234  0.00000000052095501  0.00000000055498863
  0.00000000059028275  0.00000000063109867  0.00000000067743058  0.00000000072421975
  0.00000000077657899  0.00000000083763501  0.00000000092248760  0.00000000100927242
  0.00000000110641318  0.00000000122322395  0.00000000134575426  0.00000000146437413
  0.00000000158184996  0.00000000173289516  0.00000000195166195  0.00000000223828295
  0.00000000261868186  0.00000000311357036  0.00000000368996862  0.00000000435463380
  0.00000000525262495  0.00000000647820045  0.00000000802302411  0.00000001081499181
  0.00000001555384256  0.00000002422765165  0.00000003921134542  0.00000008182930905
  0.00000019599423819  0.00000066102334622  0.00000254906132343  0.00001028119747607
  0.00004963685225497  0.00036341508257032  0.01280932735567522  1.00000000000000000
 -0.00262865080845408  0.00914707638548902  0.02102274739883550  0.03214648448290922
  0.04323217368119564  0.05397277828784613  0.06479241736428495  0.07716008385074088
  0.08757622622555593  0.09762787385182123  0.10732127298142399  0.11744914072630029
  0.12820907028489012  0.13925992775202187  0.15071357959567977  0.16203017883881654
  0.17315520405372273  0.18455804099999526  0.19565805921248935  0.20709806447481036
  0.21874007145689695  0.23079893241112520  0.24282236640771490  0.25435842031336109
  0.26541436463290136  0.27613036922834344  0.28664243029182224  0.29651528217997020
  0.30649928015101047  0.31662540920050419  0.32617255361062703  0.33523376168291408
  0.34486109871220544  0.35535437313568768  0.36517543478514458  0.37530022475772490
  0.38629914910836999  0.39769403653293078  0.40875994510351532  0.41936814683958185
  0.42924444347561075  0.43922770464453603  0.44819185159218355  0.45788743699019679
  0.46755609053272651  0.47773165492900227  0.48780163988326347  0.49732514097624647
  0.50648236662505552  0.51580786651160859  0.52569839450315392  0.53628130296991749
  0.54604333664591787  0.55546583279662987  0.56549774963544985  0.57644183919035763
  0.58763998600867684  0.59792466759280571  0.60792993501547166  0.61856509030177576
  0.63023314255805862  0.64221192231064161  0.65385455503083556  0.66532255448545319
  0.67710129441555555  0.68785807420555967  0.69689470625419314  0.70579251388674613
  0.71486814536871290  0.72565028128539766  0.73664382884396362  0.74780027654010528
  0.75831271989423810  0.76779889079489005  0.77731625113459912  0.78726311637178370
  0.79810420294955209  0.81013723270000326  0.82252518629269322  0.83451817921636673
  0.84475222847011711  0.85405887971884709  0.86352982533002876  0.87376099909531013
  0.88501035327896005  0.89651731537616219  0.90722794537125018  0.91763808585131801
  0.92815513943616679  0.93809282705660635  0.94746753625414859  0.95722837709334918
  0.96895561386290374  0.98083481828003549  0.99102860337169718  1.00000000000000000
 -0.00208186145392599  0.00874582502063277  0.01863549416731190  0.02884148916585542
  0.03882246449388208  0.04951397935920258  0.06020403990387184  0.07062173513806864
  0.08155948572604040  0.09229611498996436  0.10286518296896056  0.11395466197442161
  0.12407125240042123  0.13294019157506351  0.14172112838055143  0.15076522569183262
  0.16001784046710574  0.16958781489388064  0.18037929193000168  0.19154196269640961
  0.20232996838367950  0.21301933430552367  0.22382148675371374  0.23516245069009153
  0.24701740497779240  0.25819873609547545  0.26850175791683500  0.27842675646474568
  0.28885041911380915  0.29970821382556334  0.31036794123192851  0.32093460821167957
  0.33229821958825678  0.34438475238543498  0.35592058808079435  0.36691175189966507
  0.37764956717874798  0.38892658107255906  0.40017152626436475  0.41122956130064836
  0.42190885459834770  0.43209950886254317  0.44221501231182686  0.45260978871974233
  0.46325704408809171  0.47375641669707824  0.48392989162946853  0.49373180795071914
  0.50357620808757886  0.51410947670446827  0.52503191201467714  0.53580685391542970
  0.54578420077358480  0.55474091953993421  0.56341531943994350  0.57267358088564357
  0.58379038036616826  0.59597000533320432  0.60718201620900780  0.61768577111265066
  0.62782337458355086  0.63868745828417595  0.64970018354020143  0.66067276112305218
  0.67072640440331699  0.68040845835838537  0.69051072056142260  0.70181752752095061
  0.71348412517897841  0.72551068163803323  0.73720901797405880  0.74803864627136152
  0.75749133131599700  0.76709814544492383  0.77779378932653076  0.78970619848018397
  0.80126231345526533  0.81213958066541792  0.82261456916744236  0.83356339850374828
  0.84450867973516108  0.85477815473099028  0.86454370099961175  0.87368133007129090
  0.88310317152620710  0.89317731247785159  0.90413611272791938  0.91547616347605343
  0.92646599535086605  0.93768903835614459  0.94890840816790034  0.95996389603395116
  0.96974148317585118  0.97975403337920797  0.98904163655502642  1.00000000000000000
 -0.00187901264098780  0.00766377553865783  0.01794873239358338  0.02719488047055280
  0.03711426484980592  0.04774725253627588  0.05841690171318496  0.07069719148745474
  0.08235106567556209  0.09341419903622737  0.10409293322035253  0.11431547106522585
  0.12477710714607239  0.13537316554205561  0.14580035857677578  0.15508609200070325
  0.16503125935237167  0.17492011556434672  0.18561328302634991  0.19575916473341057
  0.20596811137991569  0.21580931896153330  0.22607515650231982  0.23697426132008859
  0.24855759678934172  0.26081729512293617  0.27287087442220165  0.28473303474317496
  0.29658333305873485  0.30866634834924916  0.32066257617566252  0.33200424246252552
  0.34255470847613390  0.35301955156845333  0.36466381715528751  0.37588809675602269
  0.38696876466206276  0.39735873334528765  0.40811944258017419  0.41907222811731010
  0.42938430466883887  0.44033655900675844  0.45094043952100427  0.45993459473937226
  0.46874272464808719  0.47741340209384470  0.48695211157047974  0.49666062865910637
  0.50627826178620228  0.51572228232147976  0.52541164390914186  0.53532355968905454
  0.54571367911317337  0.55618648583525265  0.56647718871700892  0.57691553689666586
  0.58747532104245603  0.59821649876892369  0.60873028561846720  0.61931217242039027
  0.63054834951694994  0.64163120064157653  0.65269347178240222  0.66340335563882025
  0.67396773155112710  0.68468651543937709  0.69564268580929656  0.70637737690174185
  0.71602554608389402  0.72488684517450352  0.73468022820660595  0.74558152434851066
  0.75737272847588399  0.76909718617738398  0.78038645419432573  0.79092682506875644
  0.80067599125667555  0.81024557786695883  0.82027127794708943  0.83098863617153573
  0.84191641734958722  0.85286344701189487  0.86452830335927977  0.87595219704113114
  0.88652926969051715  0.89599422366229209  0.90555099100390968  0.91566452081612915
  0.92613935120580948  0.93697642995706587  0.94857239939258331  0.95996170495598487
  0.97083230326631054  0.98088472751533851  0.99012146164276982  1.00000000000000000
  0.18693721055237450  0.19752612739868125  0.20923580136288059  0.22618075270175461
  0.24899140930237065  0.27955050422436040  0.33007753309564786  0.38515306049047010
  0.43128267816845517  0.46673685557423139  0.50051897334907480  0.53420537460452033
  0.56424394829133750  0.58727281349737215  0.60389099418543668  0.61746515257310886
  0.62886756425685841  0.63805769081660979  0.64572071429338851  0.65151427430853548
  0.65611960368256428  0.66039614718888795  0.66450945799893191  0.66761602320578195
  0.67046694067732815  0.67319254054132471  0.67561835716730145  0.67764372940692208
  0.67941712520299391  0.68104918525994163  0.68267554288616994  0.68418600657892226
  0.68551719925452526  0.68664327097275191  0.68760381518492242  0.68849101243812016
  0.68928847718131103  0.69002822220442117  0.69073679292547052  0.69139272783404571
  0.69199294363357700  0.69255159836138236  0.69309694753572471  0.69363315135529879
  0.69416246881742760  0.69470920101133271  0.69525394666148588  0.69575409408367017
  0.69623915480386900  0.69673036894223761  0.69715584421314292  0.69756863691989690
  0.69804756363357623  0.69851716592667135  0.69894137435484027  0.69935185417620249
  0.69977152242214102  0.70027402080447565  0.70079567880928206  0.70129334755744921
  0.70178845498199949  0.70233212784196231  0.70291879493541665  0.70352726046396619
  0.70411288253036841  0.70472558947920738  0.70539647215507728  0.70617258794431836
  0.70699915118568335  0.70787987707531630  0.70878817505067182  0.70973327188470603
  0.71071996577614760  0.71173524571924429  0.71272025875615408  0.71387565031306077
  0.71511377943554111  0.71657665137729065  0.71814693842100963  0.71983073430723143
  0.72173465023680727  0.72378915161279100  0.72600652700946944  0.72842780963046316
  0.73133922419551656  0.73490787164532412  0.73860968777408842  0.74279062244348293
  0.74759412684904902  0.75362751184019217  0.76093956139468999  0.76986358963642987
  0.78240647013153131  0.80129634631660474  0.83806630161162132  1.00000000000000000
   2.5317817558076581E-009  -1.0000000000000000     
 F F F F F F F F F F F F F F F F F F F F F F F F F F F F F F F F F F F F F F F F F F F F F F F F F F F F F F F F F F F F F F F F
  <DiscreteSampler_grid>
  grouped_processes
  1 # 1 for a reference and 2 for a running grid.
  10 # Attribute 'min_bin_probing_points' of the grid.
  1 # Attribute 'grid_mode' of the grid. 1=='default',2=='initialization'
  0.0000000000000000 # Attribute 'small_contrib_threshold' of the grid.
  0.5000000000000000 # Attribute 'damping_power' of the grid.
 # binID   n_entries weight   weight_sqr   abs_weight
    19   10   3.854952447356363E+006   9.538162622010866E+013   3.854952447356363E+006
    22   10   3.854952447356363E+006   9.538162622010866E+013   3.854952447356363E+006
    25   10   3.854952447356363E+006   9.538162622010866E+013   3.854952447356363E+006
    28   10   3.854952447356363E+006   9.538162622010866E+013   3.854952447356363E+006
  </DiscreteSampler_grid>
