 -0.01554637553101035  0.11108666589519781  0.16460575171578926  0.20244195960280739
  0.23500085184483538  0.26512111267384630  0.29432436135858553  0.31923240726461810
  0.34145275461271818  0.36249568117080083  0.38516451214144248  0.40818979234894148
  0.42942542465599032  0.44906042319058376  0.46711548585721524  0.48255399562162632
  0.49780986829826529  0.51431904243010662  0.53064895671203594  0.54644683200598965
  0.56165940161140304  0.57650285680970026  0.58923583644174227  0.60060518315433820
  0.61205269284118513  0.62339131378685786  0.63478710552659245  0.64638309904093860
  0.65813753624553095  0.67006340863873126  0.68206501611113968  0.69367400732585083
  0.70400791655947281  0.71292917109114118  0.72150906387430813  0.72995936857128196
  0.73798078903904185  0.74609708438080324  0.75466755595339385  0.76232836073559029
  0.76958656156199667  0.77682025511109754  0.78451124458816635  0.79251335619438190
  0.80051918866207616  0.80830879812612288  0.81572892199477331  0.82320387013054852
  0.83061173788621134  0.83785697841649343  0.84487815431930868  0.85143701411058448
  0.85797503607017733  0.86461890531848373  0.87059309352365244  0.87588051937696387
  0.88071072161244046  0.88539147150647446  0.89008856442481232  0.89497454482050354
  0.89993471915164180  0.90470066637809954  0.90939020881910215  0.91392664959150327
  0.91797231568128157  0.92196780613432927  0.92495053129002647  0.92772835166336687
  0.93068599252391637  0.93407471841680434  0.93748792118400670  0.94081302637195119
  0.94388071218569525  0.94652087346528024  0.94895294996279744  0.95115519727079068
  0.95332252711527699  0.95549855902461711  0.95787205886448235  0.96036552370338268
  0.96290425345879249  0.96543436109804193  0.96787686705168519  0.97016046084615859
  0.97233364990079052  0.97446324360138747  0.97672724739596606  0.97877813878698328
  0.98050717587469227  0.98242380150216302  0.98437749709067501  0.98631953768562830
  0.98888443531492787  0.99212041548130525  0.99561502649503475  1.00000000000000000
  0.00000000010878914  0.00000000011371979  0.00000000011712576  0.00000000012005843
  0.00000000012264882  0.00000000012547446  0.00000000012842712  0.00000000013128173
  0.00000000013425742  0.00000000013747369  0.00000000014101435  0.00000000014485515
  0.00000000014848683  0.00000000015173851  0.00000000015491716  0.00000000015834474
  0.00000000016199360  0.00000000016602650  0.00000000016999176  0.00000000017376977
  0.00000000017740750  0.00000000018083651  0.00000000018427597  0.00000000018789710
  0.00000000019196654  0.00000000019649308  0.00000000020133711  0.00000000020648146
  0.00000000021198729  0.00000000021769660  0.00000000022349818  0.00000000022946430
  0.00000000023566854  0.00000000024229974  0.00000000024926888  0.00000000025630314
  0.00000000026384742  0.00000000027208693  0.00000000028129963  0.00000000029109727
  0.00000000030137232  0.00000000031074610  0.00000000031936243  0.00000000032743360
  0.00000000033635598  0.00000000034664157  0.00000000035796982  0.00000000037063072
  0.00000000038294500  0.00000000039485325  0.00000000041167260  0.00000000042981447
  0.00000000044952470  0.00000000047181835  0.00000000049640905  0.00000000052350292
  0.00000000055571764  0.00000000058490920  0.00000000061633679  0.00000000064857026
  0.00000000068462274  0.00000000072573185  0.00000000077455980  0.00000000083128163
  0.00000000089278280  0.00000000096176114  0.00000000103515055  0.00000000110741911
  0.00000000118861014  0.00000000129960662  0.00000000142845119  0.00000000156785652
  0.00000000172395119  0.00000000189638806  0.00000000209035881  0.00000000235550262
  0.00000000265335567  0.00000000305125989  0.00000000359024181  0.00000000424275092
  0.00000000498891488  0.00000000605296158  0.00000000765103161  0.00000001002258195
  0.00000001387220956  0.00000002297549270  0.00000004768477968  0.00000013978749090
  0.00000048152279343  0.00000198252365794  0.00000912068463567  0.00006628584854135
  0.00064433481924995  0.11059375336905095  0.61173453940676503  1.00000000000000000
 -0.00235829809866845  0.00932540003455504  0.01896337995067074  0.02802880627390152
  0.03740119174688869  0.04715081231541237  0.05558191962311916  0.06470112512774269
  0.07427290794506833  0.08460620063619749  0.09557910797486417  0.10594333846507173
  0.11508050365862625  0.12405343004806720  0.13341175109088491  0.14219610572605379
  0.14962722003039911  0.15822473690936290  0.16719083428444570  0.17745346809366055
  0.18902617674340191  0.20111995073834130  0.21283898303736687  0.22440409901438377
  0.23544608126496236  0.24588945117111291  0.25573089605718619  0.26584000804707525
  0.27570939190143223  0.28571305856633555  0.29591740427480873  0.30653255626780834
  0.31727262056382272  0.32823016596303001  0.33998876618640894  0.35152303034750015
  0.36294865506004342  0.37389762104432672  0.38482271253994615  0.39443746173413519
  0.40398037802087783  0.41377703778377928  0.42443393496959408  0.43531960180037116
  0.44683343910703754  0.45798408220732023  0.46831069633143718  0.47868099400571584
  0.48896074387893734  0.49918227339458981  0.50959235129145508  0.51991634001745934
  0.53016989695261585  0.54083233734403369  0.55145615544595761  0.56136938494764688
  0.57059101231376730  0.57910504757779258  0.58805427625237450  0.59843855252643630
  0.60972657160471899  0.62090194838444179  0.63186063129749270  0.64314130223674693
  0.65493076505415704  0.66697334001703179  0.67927665295944384  0.69093108311016282
  0.70200366347146315  0.71229519085131632  0.72212936811156192  0.73193866464717838
  0.74176608087737306  0.75209025729160051  0.76287606849520218  0.77372408903282253
  0.78472133481703210  0.79607919843100694  0.80784029620106312  0.82014483004601813
  0.83235410741656291  0.84428148371962619  0.85575812715719835  0.86706252889210134
  0.87790932049520554  0.88849281105979250  0.89865176090111409  0.90910142809201133
  0.92016473439856217  0.93189120106995582  0.94296885944866737  0.95325683689206597
  0.96388760133360407  0.97489562265580887  0.98716061487680762  1.00000000000000000
 -0.00237490590951027  0.00876601967658073  0.01953496754932657  0.03016230680754622
  0.04161712788286238  0.05237270766176695  0.06282153728552665  0.07254337134599914
  0.08263860620789530  0.09251364313770559  0.10144413956346493  0.11069577920248294
  0.12047499502310757  0.13097174934887917  0.14188641577767391  0.15256540458178150
  0.16350750866339231  0.17494663296692009  0.18651672851189424  0.19772604013398939
  0.20858289714686576  0.21940376224761532  0.23042474425865167  0.24119160460956784
  0.25237111870606721  0.26379608259392473  0.27524620632692132  0.28658029937645735
  0.29799296586062307  0.30946148026489945  0.32156967073380960  0.33266609346810377
  0.34321639214874183  0.35318611811386424  0.36373869356236738  0.37342252558661021
  0.38316279449434104  0.39318946648637987  0.40323223516317652  0.41328515740437594
  0.42418075689391654  0.43534538027113417  0.44606991044381122  0.45605962077617340
  0.46667399824017564  0.47717454532723191  0.48743448177098858  0.49781388616526007
  0.50828754687271560  0.51970199887660817  0.53092782905027669  0.54161078353589875
  0.55199789680582501  0.56204481117053740  0.57168932664878225  0.58137175367504546
  0.59030016111663108  0.59741284645246739  0.60438727161227779  0.61264489336324190
  0.62235415967006724  0.63273900528347216  0.64339788056782676  0.65383904558064165
  0.66461629136318789  0.67633297385996860  0.68852250625988465  0.70060362444655711
  0.71220953494405925  0.72115519128918792  0.72947412738168382  0.73828480190448909
  0.74795768725308709  0.75890033142693003  0.77034898428632215  0.78170390355248076
  0.79284889914482937  0.80367142409001036  0.81423222525354011  0.82466411817327023
  0.83525456647248120  0.84603343529253672  0.85642175673755627  0.86676436641270849
  0.87728259613325643  0.88868840116260506  0.89996068644911387  0.91047796031320616
  0.92069408493304195  0.93106820837589122  0.94229098826851387  0.95390886164564026
  0.96500290679914502  0.97674902401103358  0.98827581552014898  1.00000000000000000
 -0.00240750265930346  0.00928376784765444  0.02144181473070057  0.03225451672649038
  0.04138937835654253  0.05169165116642063  0.06159940210066848  0.07102910943730482
  0.08159345240426649  0.09191581231278508  0.10247695448107241  0.11293603203055100
  0.12334814873292912  0.13387338067111829  0.14444980190486589  0.15447876419617959
  0.16448430959529489  0.17443551640988866  0.18492862321983072  0.19621282501237100
  0.20850283301658359  0.22099226253593049  0.23309527634528726  0.24435838506230378
  0.25501608639046730  0.26559240155909219  0.27612015059229050  0.28667751523957852
  0.29673746485639546  0.30656156545034102  0.31626018761055469  0.32602811539520959
  0.33634076524151962  0.34661325657220032  0.35697493975579386  0.36738345093415187
  0.37780956770013979  0.38846088468752987  0.39929979974084340  0.40999946961054778
  0.42063108579608222  0.43163070702429235  0.44122642737261669  0.45207732403432388
  0.46282552439408320  0.47408455687329254  0.48409021754171788  0.49383553976013728
  0.50401576619964938  0.51571555677306280  0.52652556185560140  0.53684739345437837
  0.54554276999360352  0.55412142868030456  0.56294187210190072  0.57289830423005128
  0.58433693224975514  0.59491865398698063  0.60446876473800393  0.61333125608313332
  0.62326779452153958  0.63386327280222599  0.64490189434603362  0.65607583631947375
  0.66766733363091602  0.67946270726814573  0.69144008743564933  0.70277476555707596
  0.71341780923160614  0.72354662595648167  0.73413867737641869  0.74553861619782058
  0.75614331651598754  0.76626432991783744  0.77590296336016995  0.78673993801984410
  0.79883505343275052  0.81025404498175801  0.82060081084523273  0.83088220030340365
  0.84176711211565935  0.85368295888735912  0.86636178418792775  0.87847436382463961
  0.88980451849603692  0.90094299791399646  0.91160788222543765  0.92164556506784923
  0.93162088376622354  0.94191284347907245  0.95314644170787566  0.96472421760975069
  0.97455250300943264  0.98324739188402199  0.99178104990775962  1.00000000000000000
  0.18422402391849771  0.20594954874436189  0.22582008119713434  0.24847797417668624
  0.27569566918092703  0.30039029847041576  0.33508077959872867  0.38047587689268136
  0.43089269025567856  0.47709431961943971  0.51687548724045174  0.55002978547976766
  0.57591264902178563  0.59552907963357560  0.61056377414284102  0.62322672526769995
  0.63305856945476413  0.63926058299220179  0.64502484226905721  0.65048401302884873
  0.65485374131993079  0.65908216671445274  0.66322985577440607  0.66680862104647776
  0.66991688563501905  0.67252295654154448  0.67495422405637961  0.67661177234259806
  0.67832654303875162  0.67994792783738700  0.68142621669507553  0.68282607911314963
  0.68415720484877940  0.68537301658624206  0.68641337739697950  0.68737626740821089
  0.68825801608613402  0.68908115628134348  0.68982334241595544  0.69049928118914128
  0.69116059074408664  0.69180873815367516  0.69245828353100547  0.69307411152790499
  0.69367307010419232  0.69425793535651226  0.69481924224086211  0.69533616837260392
  0.69580422577060153  0.69626939036433155  0.69672835364003205  0.69722944678885823
  0.69776371714022245  0.69829125444948914  0.69881581645043434  0.69933607887256066
  0.69982799971940290  0.70031871770927112  0.70083544091516770  0.70139534806284087
  0.70196974983656801  0.70257176334481009  0.70317169580886241  0.70377145043861422
  0.70437128055439513  0.70496326444328672  0.70558173377965971  0.70624216811582019
  0.70694868643133491  0.70771413615475909  0.70854630583286704  0.70947927084605822
  0.71053363373420453  0.71165358990188499  0.71284027036071040  0.71413469509047434
  0.71556636080317182  0.71711360515369504  0.71874081014142865  0.72041869125788383
  0.72227052820704840  0.72438984098809200  0.72685556896623105  0.72950640987640958
  0.73238498665527219  0.73558068635900586  0.73913080388479946  0.74310846795669383
  0.74757038685917032  0.75323503790412394  0.76102722832146708  0.77063015467042895
  0.78343644515381472  0.80233019498500524  0.84002247401663244  1.00000000000000000
   2.4297508603181365E-009  -1.0000000000000000     
 F F F F F F F F F F F F F F F F F F F F F F F F F F F F F F F F F F F F F F F F F F F F F F F F F F F F F F F F F F F F F F F F
  <DiscreteSampler_grid>
  grouped_processes
  1 # 1 for a reference and 2 for a running grid.
  10 # Attribute 'min_bin_probing_points' of the grid.
  1 # Attribute 'grid_mode' of the grid. 1=='default',2=='initialization'
  0.0000000000000000 # Attribute 'small_contrib_threshold' of the grid.
  0.5000000000000000 # Attribute 'damping_power' of the grid.
 # binID   n_entries weight   weight_sqr   abs_weight
    19   10   9.656719544859354E+005   7.624043620941839E+012   9.656719544859354E+005
    22   10   9.656719544859354E+005   7.624043620941839E+012   9.656719544859354E+005
    25   10   9.656719544859354E+005   7.624043620941839E+012   9.656719544859354E+005
    28   10   9.656719544859354E+005   7.624043620941839E+012   9.656719544859354E+005
  </DiscreteSampler_grid>
