 -0.00515590980247390  0.02634688268207062  0.04895667627424486  0.06781677810775730
  0.08495050501893119  0.09928082331844111  0.11341128680796059  0.12748129596238289
  0.14103387075637183  0.15532565570924481  0.16963434323365625  0.18301071214123799
  0.19550792429005548  0.20682862882435893  0.21922915576959387  0.23165089093314320
  0.24442360505749058  0.25703701465634299  0.26951361698532023  0.28194407036518865
  0.29451718391831427  0.30813641351187948  0.32143087244079188  0.33433970737250368
  0.34485727870339361  0.35577629188110710  0.36694863785577370  0.37812373906399405
  0.38935924003634664  0.40162542071655294  0.41492588304331668  0.42753473443020135
  0.43958937776067986  0.45247118935301756  0.46524690017974762  0.47733035469064400
  0.48917556015431096  0.50050832004746670  0.51112633408413366  0.52132404844937574
  0.53141538365127838  0.54147354327635033  0.55147051020869864  0.56162167890593750
  0.57240926834643535  0.58386252658303950  0.59583882413014599  0.60759808165194007
  0.61917941557977463  0.63041333808050448  0.64149461504546612  0.65167004007058060
  0.66137470965818068  0.67165502216747530  0.68233995643166012  0.69208135675709959
  0.70124622189960362  0.71056573587816474  0.72066915345664162  0.73043403732226209
  0.73920756824924017  0.74785836313159759  0.75736131420918884  0.76730485611395649
  0.77693218685627541  0.78635494151936525  0.79661385890421066  0.80895253982436488
  0.82130134392758181  0.83289116750254266  0.84311760233757860  0.85283514459586052
  0.86214061280613907  0.87121180758688843  0.87971103945392759  0.88791366177163655
  0.89592541228986622  0.90342780520848132  0.91064494557515319  0.91786014919361447
  0.92519388451066187  0.93237322967555569  0.93960272521732113  0.94689397461851643
  0.95387752114411550  0.96026036909939294  0.96597949866196797  0.97126073991305950
  0.97632933082858497  0.98084407949385310  0.98473866452080161  0.98819824103279386
  0.99125436941153722  0.99379838010737498  0.99568597201911180  1.00000000000000000
  0.00103584944044964  0.00107142929523283  0.00114571229062599  0.00121384044037782
  0.00127731202660373  0.00133913270249054  0.00139969429408505  0.00145892235201198
  0.00151727936901259  0.00157447671908475  0.00163198092096777  0.00169112229076541
  0.00175135909247715  0.00181186043786209  0.00187192192773727  0.00193129069317761
  0.00199075696390591  0.00205280646414906  0.00211746571890154  0.00218233539879887
  0.00224874955491608  0.00231861425586508  0.00238829648528187  0.00245868700897124
  0.00253263422792944  0.00261275014442996  0.00269226983957840  0.00277443019006511
  0.00286063042242263  0.00294835140634311  0.00303762807129614  0.00313150730842243
  0.00322998074022940  0.00332899580802417  0.00343135029454943  0.00354209277564906
  0.00365769141771710  0.00377517544119852  0.00389699428949708  0.00402276807844393
  0.00415184181143791  0.00428361165817097  0.00441526092735090  0.00455041418704956
  0.00467966581780139  0.00482574912346650  0.00497613223107863  0.00513199413875623
  0.00529789030630632  0.00547478023355636  0.00565907121118756  0.00584722255287949
  0.00603797200549528  0.00622778871040466  0.00641744853089944  0.00661116486258521
  0.00681111206423087  0.00701718356824218  0.00723319062890904  0.00747043922750322
  0.00772120212066287  0.00796753133143564  0.00822450183575841  0.00853894027105189
  0.00886762506375428  0.00923957581050411  0.00964302760041659  0.01007739233392297
  0.01055331422289743  0.01105983910855197  0.01159336597928410  0.01216841302449987
  0.01277935332028837  0.01339754915839422  0.01403947602722465  0.01471990847072437
  0.01546824612327533  0.01626723167303814  0.01714537137639105  0.01818984344004642
  0.01935754343431581  0.02066763473631420  0.02279198406325047  0.02532984478475745
  0.02695190406735640  0.02919063847698944  0.03159585834717138  0.03457130667173280
  0.03784218643210996  0.04694762618546867  0.06065527103367977  0.07290391815399734
  0.09494273932245477  0.14242948302016337  0.22186493166318208  1.00000000000000000
 -0.00232220332641843  0.00934670305038683  0.01882617916782447  0.02922419062372337
  0.03971818492136643  0.05051216750731128  0.06145436393277282  0.07067081235349906
  0.08012008427319875  0.08981622471551556  0.09964765514721535  0.10933142437649306
  0.11913490274450579  0.12976243472960342  0.14135141560739162  0.15246466031068395
  0.16254569309997516  0.17221078115579924  0.18111710058069533  0.19027569642654810
  0.19937682364422329  0.20854374642171888  0.21743560213529065  0.22638642749728347
  0.23614267612887971  0.24682694416912696  0.25795845737431961  0.26895551248500610
  0.27960736542904502  0.29016600747968857  0.30085673036071869  0.31147320629677977
  0.32138518204682076  0.33104709390652409  0.34066890226230478  0.35022501381684218
  0.35973281545694719  0.36904469222269920  0.37912901038938152  0.38992257486904941
  0.40066875309742522  0.41115872180310248  0.42190802827257284  0.43279467135653538
  0.44359061112793197  0.45442276927811581  0.46532872273620995  0.47626424953937568
  0.48701475902967833  0.49747832300080308  0.50761037031167366  0.51773954676202161
  0.52825730937554194  0.53923080631920028  0.55049039588890725  0.56265926277513367
  0.57644024372610836  0.58908647387223179  0.60080499481865901  0.61202959634432497
  0.62273578921006489  0.63202123605862504  0.64036604351040916  0.64894207383445324
  0.65740739185890384  0.66591785064576448  0.67453470235355051  0.68310884937365091
  0.69277267638905182  0.70360890277270005  0.71427028008938076  0.72463666031141094
  0.73496472492768827  0.74523442079766045  0.75566130311991575  0.76611690546822298
  0.77669341988844665  0.78740773600344749  0.79846802496510494  0.80954793576395134
  0.82044983482615763  0.83116655631083225  0.84322146391294817  0.85546109184659569
  0.86749172085785531  0.87870352170290966  0.88920972014919164  0.89983034372362691
  0.91042727270492363  0.92072582932815505  0.93373108422808515  0.95079776233150348
  0.96854015856861364  0.97819092783763084  0.98919118721220833  1.00000000000000000
  0.00013395049336269  0.00073188663809026  0.00132982278281784  0.00192775892754542
  0.00252569507227299  0.00311859946567001  0.00370852621887778  0.00429845297208554
  0.00528263102673592  0.00842845446229287  0.01545117809723661  0.02420930012088192
  0.03320463964159288  0.04336737251352359  0.05396489268708435  0.06450352720962624
  0.07504154861875213  0.08594133827609499  0.09753198244309916  0.10930682839742098
  0.12104493910800840  0.13319890436614021  0.14552001526912287  0.15771157862313076
  0.16979106188776705  0.18174609066385730  0.19335406976165675  0.20469903184708438
  0.21640142984484007  0.22812374655948053  0.23962877504750471  0.25120618139990641
  0.26301269773719987  0.27432747792436302  0.28485838683546710  0.29561759158160528
  0.30663780961567449  0.31797389512373864  0.32990314706309232  0.34310778240549261
  0.35676432093630167  0.36982728562318407  0.38248153694249082  0.39497151849282486
  0.40737628734156350  0.41994830388472010  0.43272575275325326  0.44559803897965627
  0.45854805388834002  0.47167806087521602  0.48446392520616083  0.49693182735260738
  0.50967566514646923  0.52223410561047401  0.53430376029455307  0.54603191224886582
  0.55767853496818443  0.56885671799019888  0.57991188796845416  0.59113254935990722
  0.60237896380457423  0.61430568749989012  0.62720814059875651  0.64030181265850716
  0.65145307438495004  0.66091989609860802  0.67030346757303505  0.67963095123525630
  0.68913005815067863  0.69861411969206677  0.70838834537400241  0.71914086435886737
  0.73029279416198389  0.74171609139949202  0.75316355180627836  0.76473465246819983
  0.77641315828838553  0.78836009920462236  0.80017462262580197  0.81198709049565543
  0.82329995269224132  0.83480184177734940  0.84695352275482161  0.86006241165606800
  0.87349217980370442  0.88528666323736516  0.89604289716368668  0.90703353987661406
  0.91796504252633571  0.92850479091459781  0.93959126513318758  0.95232627597408437
  0.96475137890218754  0.97690298668832254  0.98845082243920368  1.00000000000000000
 -0.00240243847698571  0.00919371704764663  0.01943948910081137  0.03001056531730029
  0.04076977560065678  0.05142030130326286  0.06167386982193698  0.07227518757838092
  0.08258739229233505  0.09474851360896253  0.10651520362372920  0.11790042337760573
  0.12994325018039352  0.14192037312363809  0.15303447075018711  0.16347618200929437
  0.17378594895423566  0.18396513456122338  0.19415763523541349  0.20430025143658617
  0.21430836187480037  0.22423386699140660  0.23420874367976993  0.24436700999323496
  0.25411329416030659  0.26349483257518358  0.27274162444747130  0.28211925895913764
  0.29137066904566017  0.30122862161851993  0.31127525967305125  0.32184349810350632
  0.33276991376649734  0.34626847966713625  0.35950498989508611  0.37228792781678621
  0.38478093410823905  0.39689143077953387  0.40867539697230465  0.42004657411668289
  0.43106137141709705  0.44167646187396009  0.45189739831820114  0.46209935312093475
  0.47249753690196361  0.48301780681010065  0.49367245195595022  0.50474158602264352
  0.51595715313581936  0.52655991915681799  0.53670625637909597  0.54720537047526363
  0.55824170673401574  0.56938423188821219  0.58038360756708030  0.59183403001101120
  0.60351318722582425  0.61515632177406732  0.62636058879787149  0.63692211464799475
  0.64736706521857279  0.65761921786730992  0.66796659592572261  0.67872423121758874
  0.68878852212894881  0.69738534971694754  0.70576912348897991  0.71450144392881287
  0.72343826082307960  0.73226879677370815  0.74098791227489413  0.74920667239801264
  0.76088318100451213  0.77226596104740919  0.78319102355261050  0.79311275849161222
  0.80275773063796663  0.81225656910977795  0.82222065033152492  0.83227888969245034
  0.84259208803794361  0.85304603701279391  0.86434951863786114  0.87540573653921439
  0.88575992151049943  0.89584559080345461  0.90598998401392061  0.91601952987142099
  0.92540225913320040  0.93451792781246712  0.94484221746520680  0.95555932127816223
  0.96615810809454317  0.97667218085963903  0.98808223656420457  1.00000000000000000
  0.99972519918960645  0.99972788175932181  0.99973008770049987  0.99973228487252164
  0.99973447881068245  0.99973667925137144  0.99973887602265255  0.99974107007567237
  0.99974327002464858  0.99974547526037016  0.99974771506056537  0.99974994944190687
  0.99975218226406470  0.99975441946389754  0.99975667090443965  0.99975892328784455
  0.99976116025532336  0.99976339025579408  0.99976561826500299  0.99976784971778399
  0.99977008768483822  0.99977233134936760  0.99977458219210513  0.99977683788720761
  0.99977909609944793  0.99978136521477412  0.99978363257994096  0.99978589149689023
  0.99978815301497570  0.99979042095615855  0.99979270501988704  0.99979498795020927
  0.99979726360235710  0.99979953317121883  0.99980179386731560  0.99980404953665947
  0.99980630757528810  0.99980857734246464  0.99981085894950961  0.99981319409896074
  0.99981582559034388  0.99981852297376872  0.99982123694738556  0.99982396192337419
  0.99982666747289184  0.99982936673827760  0.99983207046943368  0.99983478955373251
  0.99983752220628053  0.99984025715196767  0.99984299307470048  0.99984574193219367
  0.99984851255252938  0.99985130590516491  0.99985411900400811  0.99985693927327035
  0.99985973799150141  0.99986251618279975  0.99986528106071670  0.99986806272943940
  0.99987088505078936  0.99987372724646140  0.99987658260603141  0.99987944365729464
  0.99988232533799959  0.99988524669162571  0.99988819341476309  0.99989114799244949
  0.99989410362041264  0.99989706892428520  0.99990006416772303  0.99990307780069421
  0.99990614615248086  0.99990941323255034  0.99991272527026087  0.99991595187225368
  0.99991920896639219  0.99992255634934779  0.99992606914935689  0.99992960003036424
  0.99993315093273794  0.99993674596326787  0.99994037982905026  0.99994408484999797
  0.99994786992975160  0.99995172837436908  0.99995564332904630  0.99995965252491736
  0.99996377817700000  0.99996794876357575  0.99997220264471842  0.99997671563717627
  0.99998160379758039  0.99998682964247254  0.99999268746827297  1.00000000000000000
   4.4093229441759957E-005  -1.0000000000000000     
 F F F F F F F F F F F F F F F F F F F F F F F F F F F F F F F F F F F F F F F F F F F F F F F F F F F F F F F F F F F F F F F F
  <DiscreteSampler_grid>
  grouped_processes
  1 # 1 for a reference and 2 for a running grid.
  10 # Attribute 'min_bin_probing_points' of the grid.
  1 # Attribute 'grid_mode' of the grid. 1=='default',2=='initialization'
  0.0000000000000000 # Attribute 'small_contrib_threshold' of the grid.
  0.5000000000000000 # Attribute 'damping_power' of the grid.
 # binID   n_entries weight   weight_sqr   abs_weight
    19   10   1.820952338551505E+006   4.285499258770674E+012   1.820952338551505E+006
    22   10   1.820952338551505E+006   4.285499258770674E+012   1.820952338551505E+006
    25   10   1.820952338551505E+006   4.285499258770674E+012   1.820952338551505E+006
    28   10   1.820952338551505E+006   4.285499258770674E+012   1.820952338551505E+006
  </DiscreteSampler_grid>
