 -0.00249904364864683  0.00952398756070601  0.01964784975702320  0.03019989894253918
  0.04076839669049802  0.05135236718789430  0.06190845974779256  0.07247035616798690
  0.08306314995506535  0.09362628670709049  0.10423605221246943  0.11476391957734659
  0.12530892208759428  0.13587377536434223  0.14646093081641684  0.15705173791897986
  0.16765214397461597  0.17826696269142422  0.18885345031562881  0.19941169640422898
  0.20997688398840494  0.22054826125483140  0.23116571452637227  0.24175629446067548
  0.25235075368889226  0.26292613616640803  0.27351018627353807  0.28407976512510441
  0.29459520380270887  0.30514891495934127  0.31568512666628518  0.32625985205355312
  0.33680280129959789  0.34737326886586783  0.35792270818032262  0.36842960633029265
  0.37889697177751630  0.38935239413168821  0.39985521958094600  0.41037277077790130
  0.42091425448122377  0.43143131016470543  0.44196763078850215  0.45253732575738054
  0.46311741709714138  0.47370001793254402  0.48420987898346940  0.49474201206669743
  0.50525097503380312  0.51577678076635336  0.52629942968921894  0.53681736153539739
  0.54733653556226991  0.55785710990924409  0.56840673833007049  0.57897098945579339
  0.58955710526023419  0.60015042448436151  0.61069794104232111  0.62122645944203170
  0.63174197992690606  0.64227124234891675  0.65275944296632571  0.66324718760479784
  0.67378339373717822  0.68431324090456658  0.69481904997223443  0.70531128907239560
  0.71580329506292140  0.72629177549508883  0.73679541635969747  0.74729045372352754
  0.75778414648134529  0.76825026655468021  0.77874557441524050  0.78924279045197476
  0.79976626198564815  0.81031886138617581  0.82085391888914538  0.83138130437805480
  0.84193981428808617  0.85253023277278139  0.86313736556303178  0.87373191657148763
  0.88431844641666990  0.89489575163359891  0.90544479108539266  0.91603247047455383
  0.92660810368111202  0.93714944725328764  0.94763020974157686  0.95808770383340180
  0.96854699118994103  0.97905685497830763  0.98953819029722712  1.00000000000000000
 -0.00248313935572167  0.00960913166625024  0.01968628832193842  0.03023157997643366
  0.04073334776206800  0.05126931688925277  0.06176922010471061  0.07232870018095187
  0.08291380519533663  0.09344851932936622  0.10401781380650811  0.11457852340829934
  0.12515408343687209  0.13569310291464118  0.14621292159859586  0.15674610194340857
  0.16728675373292548  0.17782610189513626  0.18838263333579747  0.19894225936733007
  0.20951233338540007  0.22001761690780580  0.23052593525827547  0.24102333779914828
  0.25150532799957676  0.26202121445653054  0.27255510307003211  0.28313916597219974
  0.29372619041720677  0.30433202798040804  0.31493781466523629  0.32549021405598477
  0.33605740413445195  0.34661991858260949  0.35714018788919344  0.36760249526323202
  0.37808718965945759  0.38864579768401103  0.39919835171779600  0.40972997591602234
  0.42024752325312897  0.43081449552339546  0.44138211807996219  0.45194220374982691
  0.46250984753104474  0.47308369986710036  0.48362968195619460  0.49418345719476242
  0.50474481614949773  0.51532172357098360  0.52585602205668502  0.53632846528058831
  0.54679192765359197  0.55727139074655907  0.56781143827388925  0.57840574794213584
  0.58897814323868758  0.59955021677017994  0.61007471319838746  0.62061919625410877
  0.63117451743951902  0.64173147706470379  0.65226690242455510  0.66276188579427009
  0.67329918788275234  0.68385837975862440  0.69441406925520510  0.70498692821356224
  0.71554027013962807  0.72609651774185957  0.73662217423907450  0.74712497844278314
  0.75761843076815161  0.76809999585504751  0.77860954572958530  0.78909947600879882
  0.79956176778948873  0.81007057454594256  0.82059270952477326  0.83115443017175583
  0.84168057560025922  0.85223954235535782  0.86281713973027763  0.87340642547496605
  0.88400515777766187  0.89461269829754464  0.90519901709420914  0.91580652220609993
  0.92641128649505056  0.93698369055270425  0.94750930123320565  0.95800029327314162
  0.96849285297644561  0.97899354444056863  0.98948625458689887  1.00000000000000000
  0.00534738919829748  0.00901915322544636  0.01511415086088771  0.02209144703924625
  0.02973661250895993  0.03780949920758524  0.04629121553022732  0.05511533019365540
  0.06414426765056044  0.07336633127358150  0.08271012842904017  0.09217879905790453
  0.10174253979860542  0.11139855912184596  0.12112776842883986  0.13092472407552561
  0.14077332346409654  0.15066540662627592  0.16060084424902776  0.17058269761652994
  0.18060938947655880  0.19066946183812841  0.20076189979346196  0.21088460703857456
  0.22103638332140543  0.23121110503670211  0.24139984849964183  0.25160201092659917
  0.26182081554143932  0.27206261348026362  0.28232747294941984  0.29261039278602136
  0.30290894869402674  0.31322330907749441  0.32355436849110902  0.33389568320678636
  0.34424824766983914  0.35461399841247498  0.36499816445879718  0.37539578097296400
  0.38579789620435484  0.39621299934062992  0.40664329931235066  0.41709390164148219
  0.42754994024704229  0.43801075426285963  0.44848611604232441  0.45897772851512642
  0.46947890412282900  0.47998006730159870  0.49048731645558319  0.50100637638015721
  0.51153853692178541  0.52207752491429427  0.53262053784875885  0.54317295835629209
  0.55374940029908815  0.56435235336926548  0.57497336415971345  0.58560289502553242
  0.59623785241633009  0.60688153527742461  0.61753727902872935  0.62820722411399565
  0.63889527089790976  0.64959952652230302  0.66031831247693551  0.67104661771246354
  0.68178442678848850  0.69252979323314756  0.70329577853137204  0.71408934275786318
  0.72491482004021091  0.73575993829224029  0.74662421339858087  0.75750592504981840
  0.76840958035989870  0.77933430277924232  0.79029477288577377  0.80129302116422063
  0.81233438277101178  0.82341656830922716  0.83454174161309036  0.84570905123265239
  0.85692779312754741  0.86821692398628814  0.87959563365768556  0.89107592225025112
  0.90268170724350127  0.91444657547231845  0.92641536980338379  0.93868383497277608
  0.95143662590947875  0.96515218665022018  0.98116394203195589  1.00000000000000000
   1.3140984320586677E-007  -1.0000000000000000     
 F F F F F F F F F F F F T F F F F F F F F F F F F F F F F F F F
  <DiscreteSampler_grid>
  grouped_processes
  1 # 1 for a reference and 2 for a running grid.
  10 # Attribute 'min_bin_probing_points' of the grid.
  1 # Attribute 'grid_mode' of the grid. 1=='default',2=='initialization'
  0.0000000000000000 # Attribute 'small_contrib_threshold' of the grid.
  0.5000000000000000 # Attribute 'damping_power' of the grid.
 # binID   n_entries weight   weight_sqr   abs_weight
    19   10   1.378544592405184E+007   2.561787264774741E+014   1.378544592405184E+007
    22   10   1.378544592405184E+007   2.561787264774741E+014   1.378544592405184E+007
    25   10   1.378544592405184E+007   2.561787264774741E+014   1.378544592405184E+007
    28   10   1.378544592405184E+007   2.561787264774741E+014   1.378544592405184E+007
  </DiscreteSampler_grid>
