 -0.01003647975847618  0.08829514741504182  0.14534836537580820  0.19042293340676372
  0.22920315901502988  0.26529278970967624  0.29732782552790232  0.32698284880440126
  0.35444781320630281  0.37961330468640919  0.40438276129069750  0.42721420131957405
  0.44690044466790402  0.46668681128226175  0.48629441975792415  0.50425707258121610
  0.52072196116910963  0.53724859610096920  0.55352262983519929  0.56871087185501368
  0.58272869980005992  0.59663699110316359  0.61068623846004977  0.62426728140640553
  0.63733603048329879  0.64955515762132465  0.66174458612431286  0.67401128634754748
  0.68607318281587837  0.69716125283614327  0.70771741595954429  0.71819428728497914
  0.72779055278486204  0.73647965078750488  0.74539020961462210  0.75385441222987959
  0.76240628372768293  0.77137631284253050  0.78016364484160639  0.78866075429296822
  0.79725059915181262  0.80561455560191675  0.81329753951512307  0.82045348297188214
  0.82788037136213122  0.83559833604554679  0.84258421337220091  0.84876464507540028
  0.85398452381656298  0.85900466303898604  0.86392203583081617  0.86896633608687601
  0.87363504788903157  0.87817537680590363  0.88248415701954375  0.88657180156250115
  0.89097307544243154  0.89578550569349247  0.90069974121902963  0.90522094016681176
  0.90978325176042874  0.91327841481555450  0.91661984211446623  0.91934877419076677
  0.92156275925468012  0.92382081792874893  0.92662329208439975  0.93009221064140846
  0.93380959088528137  0.93766030223445462  0.94137198254463628  0.94483844708638454
  0.94827871202563507  0.95158709441010902  0.95417800535019315  0.95656326221503996
  0.95900722415263295  0.96176452133361745  0.96399844857506445  0.96628377863000336
  0.96838839400483179  0.97036517636345299  0.97231930763976460  0.97427135864697867
  0.97613313900794874  0.97795180407409033  0.97948193721970667  0.98093794069940798
  0.98245256794141833  0.98399270668319982  0.98555873001792405  0.98784408293786519
  0.99085057360369388  0.99433150402918102  0.99552004634582603  1.00000000000000000
  0.00000000045029389  0.00000000048194636  0.00000000050387505  0.00000000052191663
  0.00000000053898975  0.00000000055516698  0.00000000057029480  0.00000000058496618
  0.00000000059911580  0.00000000061151672  0.00000000062348489  0.00000000063749375
  0.00000000065332300  0.00000000066905541  0.00000000068297931  0.00000000069651230
  0.00000000071026158  0.00000000072404248  0.00000000074148944  0.00000000075915941
  0.00000000077740288  0.00000000079580618  0.00000000081525867  0.00000000083512110
  0.00000000085443328  0.00000000087476894  0.00000000089759437  0.00000000092311450
  0.00000000094746549  0.00000000096642494  0.00000000098429240  0.00000000100858968
  0.00000000103547938  0.00000000106521892  0.00000000109969422  0.00000000113148321
  0.00000000116166854  0.00000000119222531  0.00000000122412234  0.00000000126236608
  0.00000000131010564  0.00000000135910532  0.00000000141025784  0.00000000146347609
  0.00000000151921280  0.00000000157593042  0.00000000162982325  0.00000000168253031
  0.00000000174128024  0.00000000180563139  0.00000000188443198  0.00000000196428010
  0.00000000205651702  0.00000000215050373  0.00000000226929475  0.00000000240676222
  0.00000000255875496  0.00000000272202639  0.00000000288863653  0.00000000306866231
  0.00000000327820818  0.00000000348324011  0.00000000369082934  0.00000000391473195
  0.00000000415894802  0.00000000445857559  0.00000000479097309  0.00000000516836008
  0.00000000562226106  0.00000000618191743  0.00000000687150994  0.00000000776002204
  0.00000000886091680  0.00000001024014235  0.00000001188506199  0.00000001398601604
  0.00000001729465875  0.00000002183503175  0.00000002856182494  0.00000003733257564
  0.00000005075534745  0.00000007619756293  0.00000013189903969  0.00000025198033003
  0.00000048086509706  0.00000098248498472  0.00000227893552406  0.00000529366739840
  0.00001321922365427  0.00004067764987431  0.00013317887826725  0.00062698505541570
  0.00677991480409156  0.22801715622177904  0.65165810675402436  1.00000000000000000
 -0.00231214260828206  0.00941744138773315  0.01991051285562744  0.03060699152212608
  0.04089171654886942  0.05164421416202195  0.06205409135580363  0.07238247712026856
  0.08269987063131275  0.09316288252212586  0.10405981249164244  0.11542500914210413
  0.12666497268745686  0.13718882491838363  0.14645310021313931  0.15546532372050831
  0.16412803031826617  0.17410116894335634  0.18521224110065332  0.19566058788035273
  0.20570215597579683  0.21577320684514240  0.22625135534402185  0.23724755478195478
  0.24850532022741856  0.26002158424829841  0.27169701219313491  0.28309558727264583
  0.29426943593169463  0.30528510414894217  0.31596677244169763  0.32656072689788945
  0.33729249029162672  0.34864957351671488  0.35975011063816759  0.37033646356595029
  0.38097585353183938  0.39225878932787545  0.40288062360911170  0.41266049572630925
  0.42253112698493123  0.43301153243500962  0.44412423747521340  0.45570948657311228
  0.46681839649630053  0.47688113362645718  0.48576124638403906  0.49419193977007020
  0.50251109868372912  0.51091345592911575  0.51990514408560007  0.52873192543126779
  0.53820089093079582  0.54826637733747530  0.55849468491747811  0.56901708193648481
  0.57930191970977485  0.58926795706879842  0.59974641386771432  0.61066915741030237
  0.62176011312533896  0.63279602210273478  0.64363569129328324  0.65446152126046164
  0.66544185788072252  0.67645999466044460  0.68754788841605607  0.69859041859056004
  0.70931891739641240  0.71971154477261556  0.72991300113512880  0.74028327278638417
  0.75121376928624373  0.76291885314383945  0.77445839924088800  0.78581896073625090
  0.79675329280084362  0.80787516233074552  0.81922630551747078  0.83059722823262572
  0.84207261663458521  0.85358288794420456  0.86523347055416244  0.87694618820791592
  0.88766673426957854  0.89714751766161949  0.90624577866423950  0.91471011178543626
  0.92316322420399843  0.93376023655005524  0.94474302475155314  0.95576329502047019
  0.96701279265648699  0.97876137341539082  0.98987607998919158  1.00000000000000000
 -0.00205735100793263  0.00865426213210372  0.01699930371612569  0.02594409764911470
  0.03580776069116842  0.04557907705157558  0.05623375297599341  0.06627812403758310
  0.07630750234914502  0.08638116813914064  0.09591044903438713  0.10536511510050481
  0.11541485745871696  0.12579552312380177  0.13553812606456847  0.14523936399527762
  0.15517639209426620  0.16540017001638668  0.17569701543416111  0.18615571534135256
  0.19589376398846903  0.20465511490580487  0.21388135112065071  0.22429832045438969
  0.23461440532669173  0.24593521809344343  0.25814045416078157  0.27012032616296544
  0.28169655666292692  0.29311147669817450  0.30448382885360592  0.31547975516744969
  0.32628594255472848  0.33698609665596757  0.34843075336095436  0.36025644576246935
  0.37125866019892356  0.38191517654846785  0.39233998318747021  0.40303978361513282
  0.41425847379630559  0.42599006445770293  0.43758943772034387  0.44882225631037559
  0.45987917380989074  0.47058696640321596  0.48127956730672883  0.49230295143213959
  0.50353556684300504  0.51464456864802843  0.52524109915093842  0.53558188198857715
  0.54635717263328287  0.55739753373487388  0.56824835810995333  0.57895592155767461
  0.58892961115481668  0.59745204685865061  0.60512638398123064  0.61418797283814386
  0.62517695683012464  0.63664507587379571  0.64819102079262103  0.65946750010436850
  0.67056144976847154  0.68094946712082360  0.69122247369275969  0.70139965491967149
  0.71171532746588018  0.72208609366394350  0.73236133931102532  0.74266228862147843
  0.75353324589457760  0.76460359372528919  0.77603893744305885  0.78809550689082841
  0.80029181517661419  0.81220601711054674  0.82386393380590206  0.83524791209211158
  0.84660837726700178  0.85772363019331443  0.86869986955352807  0.87863423510105976
  0.88763990891738587  0.89662239202132199  0.90768975580683253  0.91807778400164120
  0.92939124527084016  0.93965887412434523  0.95085405432083892  0.96105545247412805
  0.97104604996279587  0.98088944296705716  0.99014658136568356  1.00000000000000000
 -0.00205253278929566  0.00773985794517391  0.01734530293094816  0.02774789398489294
  0.03837684149240515  0.04916494525678317  0.05983671623176346  0.07099231264509019
  0.08271225049878804  0.09438074532280068  0.10538851546671825  0.11539529225309275
  0.12457785824242996  0.13370496331570594  0.14394687661298688  0.15553472211752536
  0.16800986858088293  0.17994390498207891  0.19037303938931022  0.20010366294885543
  0.20979005361502978  0.22039331951598765  0.23071695974274470  0.23912461120721829
  0.24840984521283549  0.25838533305227190  0.26958810713681119  0.28216788272380366
  0.29390647971664235  0.30513295121355144  0.31653177068263855  0.32703660176714094
  0.33672569142023934  0.34643186602652198  0.35736589282951065  0.36838978779748360
  0.37879101195162490  0.38841329651702916  0.39819658142780001  0.40835325120537214
  0.41847794123426868  0.42834153228924937  0.43802747654115781  0.44864835473858150
  0.45944865895895382  0.47023296301862377  0.48092322954652372  0.49135139258533123
  0.50140129013979795  0.51159285254250630  0.52180214369256739  0.53243846211813284
  0.54305986016274921  0.55416937810148814  0.56556872213652054  0.57646546402082266
  0.58687703801247859  0.59719310558561978  0.60760830544870847  0.61831333275714506
  0.62916566747547464  0.63960857412032268  0.64993196468211611  0.66084724445122034
  0.67221605017915154  0.68334421098182963  0.69412683610961934  0.70354968032094123
  0.71303142083981264  0.72375937159414727  0.73407899635948026  0.74387595226991199
  0.75276119475649161  0.76150840351362914  0.77084859246501902  0.78008536170263243
  0.78965399552012161  0.80047260986247271  0.81070773034346755  0.82080337944519832
  0.83107768837155749  0.84145141844547611  0.85236198593438317  0.86370693176655156
  0.87451091170799022  0.88505023221632240  0.89585553549422414  0.90750704480170508
  0.91913387355308862  0.92975791689121279  0.94034359803425926  0.95133483363771232
  0.96300896688070547  0.97547720466602383  0.98801699499495121  1.00000000000000000
  0.18809793189841573  0.19207406158090112  0.19860375147163714  0.21371995594233215
  0.24903828726323524  0.30086750247032396  0.35484031022230644  0.39623807385957305
  0.43636310144351820  0.47185783335965387  0.50348643673575899  0.53127251554213706
  0.55541552784870363  0.57736647682389752  0.59633263151272409  0.61047576252444036
  0.62098398290016399  0.62996991408722292  0.63794123881681730  0.64464628179673267
  0.65072333975102081  0.65590681714215970  0.66059754492263023  0.66504699096163156
  0.66853338797819273  0.67135152930087694  0.67365465577211403  0.67582586960335089
  0.67791473217942733  0.67983063356424733  0.68152832865273494  0.68302593626550301
  0.68436657301936055  0.68557307117439614  0.68669370831043186  0.68773871282072319
  0.68867599632063214  0.68952459857783022  0.69033789872411877  0.69109210117767639
  0.69177104871760531  0.69240878744052270  0.69302492926654224  0.69364377409921107
  0.69423471718346952  0.69480694391502085  0.69538845849412800  0.69595522557565781
  0.69649369900960045  0.69699362082370397  0.69746993276573110  0.69796091304988128
  0.69846887058893714  0.69897968334637517  0.69948007461403250  0.70001461638816531
  0.70059515705534281  0.70117946590120583  0.70174362731367179  0.70230742673647295
  0.70288989582407679  0.70350684296649402  0.70416146729877682  0.70487759914692738
  0.70555593624754509  0.70617881070918442  0.70685110255890515  0.70756293617018107
  0.70835476611157799  0.70929308323668583  0.71034971126758228  0.71148347246486476
  0.71267964983501564  0.71392983099475860  0.71519307817364230  0.71644352939965605
  0.71770226447158303  0.71902895440979131  0.72059633151072910  0.72234325649205189
  0.72440213874747217  0.72668442167308556  0.72898073768925098  0.73134173990959084
  0.73408953316228198  0.73739099408780207  0.74157279001291021  0.74628296420179818
  0.75175482608364386  0.75836442129713222  0.76680070672794753  0.77741550947636051
  0.79060817905588354  0.80879991664889972  0.84909015811033894  1.00000000000000000
   2.2014018512688781E-009  -1.0000000000000000     
 F F F F F F F F F F F F F F F F F F F F F F F F F F F F F F F F F F F F F F F F F F F F F F F F F F F F F F F F F F F F F F F F
  <DiscreteSampler_grid>
  grouped_processes
  1 # 1 for a reference and 2 for a running grid.
  10 # Attribute 'min_bin_probing_points' of the grid.
  1 # Attribute 'grid_mode' of the grid. 1=='default',2=='initialization'
  0.0000000000000000 # Attribute 'small_contrib_threshold' of the grid.
  0.5000000000000000 # Attribute 'damping_power' of the grid.
 # binID   n_entries weight   weight_sqr   abs_weight
    19   10   2.414149426248448E+006   2.156252287851086E+013   2.414149426248448E+006
    22   10   2.414149426248448E+006   2.156252287851086E+013   2.414149426248448E+006
    25   10   2.414149426248448E+006   2.156252287851086E+013   2.414149426248448E+006
    28   10   2.414149426248448E+006   2.156252287851086E+013   2.414149426248448E+006
  </DiscreteSampler_grid>
