 -0.01143000120008547  0.09269743482217585  0.14989875566591473  0.19245676776155604
  0.22762779313198273  0.26098419348235313  0.29177433963011329  0.31940765743614158
  0.34811287074708053  0.37431342656587840  0.39617433063988439  0.41769620722098538
  0.44123844796688083  0.46390783673766817  0.48348468354451557  0.50178695655755601
  0.51947693435377418  0.53670229715720696  0.55416541212030812  0.57178008925847468
  0.58885293718021647  0.60469211189639460  0.61857838460173620  0.63226087146150345
  0.64628419930527969  0.65991840161613013  0.67319869840308666  0.68586415098465725
  0.69770091715143823  0.70860118100775660  0.71878061843876673  0.72863283872401252
  0.73886338593483847  0.74847773953555841  0.75775169304865420  0.76628715373215572
  0.77658140681068843  0.78606201644782026  0.79424982437719049  0.80205230275867267
  0.80974527892806880  0.81728604933773974  0.82419493546869416  0.83073246835549763
  0.83729218634204550  0.84410984004705858  0.85104888671821211  0.85788623133612585
  0.86478984217581745  0.87155453529519245  0.87853412658968388  0.88480072099024709
  0.89033555377570595  0.89578192488721420  0.90061534225438278  0.90434362270339919
  0.90759867713413089  0.91088177625350486  0.91441095753625878  0.91828269190800060
  0.92100884655049586  0.92360174662487171  0.92638341778125133  0.92914972318926436
  0.93212052054680283  0.93555777722637679  0.93918321700583307  0.94261452291354764
  0.94570711956416253  0.94861721391393572  0.95148433702504409  0.95426101181446055
  0.95693056026834000  0.95943921256399634  0.96184840501153945  0.96414326768289282
  0.96628943556057867  0.96837537125579332  0.97053797739834546  0.97263440875844287
  0.97388333704690777  0.97507464951105849  0.97603361623306617  0.97691991804163725
  0.97772497376067169  0.97848220986785739  0.97958883514132755  0.98094640947734002
  0.98218215651957785  0.98336824247340215  0.98466582142636605  0.98627029150650092
  0.98824685289199821  0.99083382196432679  0.99501857033373964  1.00000000000000000
  0.00000000016545374  0.00000000017426882  0.00000000018023251  0.00000000018531532
  0.00000000019018312  0.00000000019503085  0.00000000019990142  0.00000000020480365
  0.00000000020973728  0.00000000021506132  0.00000000022034247  0.00000000022541420
  0.00000000023107577  0.00000000023701784  0.00000000024228783  0.00000000024733041
  0.00000000025231649  0.00000000025795250  0.00000000026370782  0.00000000026941737
  0.00000000027705905  0.00000000028566450  0.00000000029505722  0.00000000030473541
  0.00000000031422221  0.00000000032285958  0.00000000033174906  0.00000000034010254
  0.00000000034793330  0.00000000035547428  0.00000000036301576  0.00000000037201591
  0.00000000037990987  0.00000000038887198  0.00000000039759555  0.00000000040666418
  0.00000000041621451  0.00000000042545887  0.00000000043586501  0.00000000044839800
  0.00000000046195878  0.00000000047604744  0.00000000049128134  0.00000000050770946
  0.00000000052515760  0.00000000054313839  0.00000000056149345  0.00000000058157462
  0.00000000060177645  0.00000000062403533  0.00000000064589134  0.00000000066415931
  0.00000000067797147  0.00000000069454480  0.00000000071598106  0.00000000073863700
  0.00000000076317546  0.00000000078761351  0.00000000083085167  0.00000000088491480
  0.00000000094378199  0.00000000101274386  0.00000000108859408  0.00000000116303272
  0.00000000123866881  0.00000000131782805  0.00000000141412117  0.00000000151762874
  0.00000000160740974  0.00000000169986880  0.00000000181534606  0.00000000195084747
  0.00000000215070322  0.00000000238682920  0.00000000264812211  0.00000000289100771
  0.00000000317735222  0.00000000354170714  0.00000000396119395  0.00000000440097365
  0.00000000495956962  0.00000000571317274  0.00000000671117492  0.00000000828155979
  0.00000001090695660  0.00000001551412759  0.00000002487002143  0.00000004539403632
  0.00000010530090003  0.00000036333934040  0.00000128123165576  0.00000699210249156
  0.00003794034825288  0.00046183909143774  0.01748906046919415  1.00000000000000000
 -0.00267366084713795  0.00931698473154172  0.01936767818112046  0.03010656785197394
  0.04136741310570372  0.05218422803630059  0.06258828289484356  0.07288819567253355
  0.08361430555824381  0.09463682409181472  0.10543072173319759  0.11615197220734465
  0.12669274412102310  0.13771942899225253  0.14814556184358754  0.15735221866524446
  0.16680305366862969  0.17583152202198452  0.18436336988017016  0.19307940925292549
  0.20235666490171267  0.21384208805926549  0.22511365603659050  0.23710226181694971
  0.24876752911098618  0.25905476517719561  0.26892544652682143  0.27854896006586172
  0.28909024070887623  0.30047664086455367  0.31180814315877220  0.32269723005098866
  0.33298313794711271  0.34303060722971984  0.35313223188958898  0.36357022289654495
  0.37496659148275946  0.38674160236184052  0.39863252168580615  0.41079301487137426
  0.42337303100947715  0.43654608709828407  0.44875114867774263  0.46047350163273321
  0.47133157847104956  0.48215735323242565  0.49321260940181516  0.50469023702161742
  0.51621070950924253  0.52729378183827758  0.53700790502587292  0.54620995515032433
  0.55555225423253429  0.56547255950569020  0.57542437938963220  0.58525436458545077
  0.59544829599706439  0.60660598875963712  0.61820789140538657  0.62948473871809607
  0.64076866135191290  0.65176387264225144  0.66191962321867570  0.67171755759152041
  0.68092292037801383  0.69094238546490261  0.70141786662592542  0.71157906659412218
  0.72053291330605740  0.72817762504765415  0.73550505731158000  0.74353146786968072
  0.75433062854286226  0.76509753798278590  0.77597020359669189  0.78727184994382038
  0.79810984859956824  0.80975771694324661  0.82097572635974025  0.83156063879500874
  0.84111473604089204  0.85044201737713854  0.86044808760617786  0.87254412469342491
  0.88328896577887828  0.89279636577270061  0.90246866164910533  0.91266747206556076
  0.92414229586215801  0.93641057119778792  0.94738143797726870  0.95715982786594711
  0.96691836367186879  0.97739787011154766  0.98767177771360026  1.00000000000000000
 -0.00248695058407132  0.00984735222186219  0.02122869375875962  0.03371403370987118
  0.04528145888904209  0.05664285641044916  0.06730200909242125  0.07850845819632681
  0.08976173220496363  0.10147656589114755  0.11334629339342282  0.12541378613057547
  0.13724195701324848  0.14834772478977609  0.15925416477252335  0.16953437784599937
  0.17998285904025671  0.19045939154203514  0.20062936463337105  0.21107885790705549
  0.22117017853155915  0.23151461373787008  0.24129970522553260  0.25084130855036535
  0.26076346218327734  0.27073657049604705  0.27986558516295362  0.28902726943988022
  0.29831338587965228  0.30916326292899454  0.32046294618626497  0.33136071503990960
  0.34145944781845822  0.35111913068579037  0.36110647195486645  0.37148203094355037
  0.38319239364024044  0.39473542197402262  0.40606893648542547  0.41685648460340857
  0.42739574520819446  0.43798142137629353  0.44872523976535383  0.45945455352105496
  0.47104565946210497  0.48142940511834009  0.49189836646649282  0.50238241279269236
  0.51278167868127200  0.52392482696930875  0.53508967162358145  0.54626920978476101
  0.55644396200302648  0.56640910774590614  0.57629171398277768  0.58670176063244717
  0.59807007106165389  0.60998535299811962  0.62039948845458004  0.62873109291909524
  0.63723719826180270  0.64716497820251839  0.65819903102202226  0.66943855629643223
  0.68086920766079628  0.69214119591013112  0.70288089266869092  0.71263636899821381
  0.72165543310001390  0.73085290545609083  0.74074059686110094  0.75180322918139064
  0.76386647607263236  0.77510698739825479  0.78437022261942679  0.79209693690273886
  0.79992820433170864  0.80813233867196366  0.81768443721136819  0.82799412580862530
  0.83845435584705963  0.84909587927509200  0.85998550347444591  0.87078050067957069
  0.88205818766174615  0.89269220495852630  0.90402840054352951  0.91515603144088609
  0.92511909414033222  0.93491149790153327  0.94481985735795004  0.95529863980231289
  0.96607598839473252  0.97659151056832438  0.98756341268881220  1.00000000000000000
 -0.00213500698376996  0.00828593386254338  0.01925011801659634  0.02859143827461900
  0.03793474962639678  0.04804859277227096  0.05808334032713348  0.06898713187372364
  0.07986791716861294  0.09000843984206107  0.09998839094822493  0.10974729529601848
  0.11941830817075245  0.12917379531558310  0.13961897107180782  0.15069994863220582
  0.16160753324035829  0.17282586986578152  0.18365704612846651  0.19460977747430530
  0.20557111793804655  0.21717373668834411  0.22895043974482765  0.24070201968089092
  0.25166174092066312  0.26224129558793241  0.27317619103442475  0.28434351936206476
  0.29600024963988736  0.30790753056875536  0.31997406267503181  0.33200335868671660
  0.34360976116691933  0.35514055833112840  0.36672632489326318  0.37804105926843612
  0.38872381827118113  0.39916295773639587  0.40969950259942300  0.42074958319514816
  0.43170137761781424  0.44277901761640232  0.45386020662151777  0.46476411007474389
  0.47481468839958996  0.48394772989178569  0.49267437470710074  0.50197346287714584
  0.51182329406988136  0.52213200322599240  0.53297977851516254  0.54446944777389672
  0.55589073038512438  0.56708813657069246  0.57848772992797315  0.59027817649661152
  0.60233041407879417  0.61400391059931136  0.62481546435411695  0.63507803101686655
  0.64529335401778898  0.65584203856283763  0.66582845528579104  0.67472464279349609
  0.68311118588806474  0.69245950446021376  0.70404938650102844  0.71603372652395725
  0.72772839341449469  0.73882361456806789  0.74928321172728485  0.75915462274765044
  0.76920172379095997  0.77985283638976133  0.79018408751140368  0.80058612679213492
  0.81069784960492242  0.82144814272651112  0.83157741684401154  0.84059442100247062
  0.84932636361509917  0.85867793122862845  0.86885426423520862  0.87917696060165662
  0.88923403094917486  0.89902175761399838  0.90920801126253248  0.92020232634758914
  0.93124459338335674  0.94158628181766224  0.95124171490010889  0.96084427866447109
  0.97038098625357549  0.97895822509649288  0.98810463651957070  1.00000000000000000
  0.18459667114747835  0.20479489587401550  0.22335805003617160  0.25316442082975937
  0.28853765840790019  0.32717643469918717  0.36686175403137405  0.40239834340121428
  0.44430938341495069  0.48453728982588445  0.52272529815059199  0.55639813092199730
  0.58326886023890279  0.60299934064146921  0.61826281569575348  0.63056899225107976
  0.64049425882006461  0.64832439167310063  0.65453188450926825  0.65986114579683552
  0.66429259601718837  0.66800861189809646  0.67113528943246459  0.67378630190485345
  0.67616900609405761  0.67834944265024444  0.68017716662249883  0.68167699734478016
  0.68303971448615974  0.68415865490092509  0.68513189489649851  0.68615418151598184
  0.68721692684990432  0.68820499721400996  0.68903401855944946  0.68972064209109807
  0.69037623528822045  0.69104466891637517  0.69174603572004645  0.69242865422987432
  0.69304990720667814  0.69362930936787404  0.69420767325627430  0.69479548562839044
  0.69535812675707365  0.69586768644269137  0.69634683485490334  0.69682512682167719
  0.69731989972395325  0.69782835726269832  0.69833578021504583  0.69885589145423233
  0.69938944424617655  0.69991023918784223  0.70041348959466476  0.70091504095898194
  0.70144282794317703  0.70200869979912905  0.70261028018359750  0.70320363971625643
  0.70377755998425240  0.70436131802942015  0.70498064666071614  0.70565030301034648
  0.70636650875306672  0.70711506062456253  0.70789369952704795  0.70872208030500794
  0.70955649974044366  0.71042597197053159  0.71136339163990103  0.71231862964357839
  0.71331864903490461  0.71447092249364275  0.71575612133871624  0.71718575708782795
  0.71877660451793346  0.72048254357891306  0.72232383045599813  0.72420186959314203
  0.72598220997102514  0.72788756900941110  0.72987372058076638  0.73220997664971321
  0.73480447620636580  0.73799057677043678  0.74209750715174105  0.74677538041194125
  0.75225026596989797  0.75906385508536045  0.76756457506422537  0.77771557803033231
  0.78983707469874997  0.80695338642611070  0.84021995808279570  1.00000000000000000
   2.2766338217007134E-009  -1.0000000000000000     
 F F F F F F F F F F F F F F F F F F F F F F F F F F F F F F F F F F F F F F F F F F F F F F F F F F F F F F F F F F F F F F F F
  <DiscreteSampler_grid>
  grouped_processes
  1 # 1 for a reference and 2 for a running grid.
  10 # Attribute 'min_bin_probing_points' of the grid.
  1 # Attribute 'grid_mode' of the grid. 1=='default',2=='initialization'
  0.0000000000000000 # Attribute 'small_contrib_threshold' of the grid.
  0.5000000000000000 # Attribute 'damping_power' of the grid.
 # binID   n_entries weight   weight_sqr   abs_weight
    19   10   4.586137971839321E+008   2.102496088625715E+018   4.586137971839321E+008
    22   10   4.586137971839321E+008   2.102496088625715E+018   4.586137971839321E+008
    25   10   4.586137971839321E+008   2.102496088625715E+018   4.586137971839321E+008
    28   10   4.586137971839321E+008   2.102496088625715E+018   4.586137971839321E+008
  </DiscreteSampler_grid>
