 -0.00325791932525944  0.02010846616055926  0.03828380721183804  0.05627665655708002
  0.07331657659822921  0.08969619847086950  0.10555532246189991  0.12102239188748991
  0.13603596689259481  0.15035085563794384  0.16384893696471831  0.17720075453354153
  0.18999948379796899  0.20194542131828630  0.21395027532073699  0.22626035205525283
  0.23895203883681504  0.25193421011211475  0.26501410405177711  0.27805481659718401
  0.29080474830353442  0.30321408919219500  0.31520600697972589  0.32702860333645417
  0.33844489221432644  0.34957308907475831  0.36060063475711279  0.37148482516405562
  0.38247957086713891  0.39349155595136426  0.40477379224750054  0.41630983288896350
  0.42826886034487838  0.44017848154612321  0.45184719302666959  0.46391414489499994
  0.47680285896561359  0.48859254745246972  0.49960120866496177  0.51052262777393442
  0.52141874432011825  0.53237747562396642  0.54337905371181872  0.55483170575352569
  0.56619118859017592  0.57723821768809225  0.58836669912669182  0.59964017283192750
  0.61053215632930669  0.62105485453168352  0.63181917430032974  0.64248273707138659
  0.65257171568821026  0.66240544314234484  0.67224724475367470  0.68280077313671528
  0.69341248345629403  0.70385728263075920  0.71420112993649476  0.72447106702039876
  0.73498125338223474  0.74562427927580566  0.75605735801073803  0.76619069449550548
  0.77597206159439391  0.78548383724611814  0.79486733773700424  0.80411625033813661
  0.81349756417841124  0.82320912456411333  0.83295570286050169  0.84257099445650974
  0.85210615584341276  0.86148560096799398  0.87068434273667583  0.87975500784115690
  0.88868771271419100  0.89732407653334056  0.90563621400432592  0.91376133935532999
  0.92163947911794153  0.92917521615935095  0.93660182387495372  0.94388557677883622
  0.95097299251709244  0.95771290585794122  0.96363489534482660  0.96904788204007430
  0.97414162540922544  0.97883118932817981  0.98310667035696053  0.98694153365793258
  0.99019405518658710  0.99317708095098123  0.99582785276039087  1.00000000000000000
  0.00092227447823752  0.00096357703562903  0.00098835757608590  0.00101133710396204
  0.00103480901665520  0.00105891602830447  0.00108379260406802  0.00110905418154363
  0.00113423899697224  0.00115992822921035  0.00118654278814940  0.00121431009769610
  0.00124287933083925  0.00127190120343858  0.00130138134234502  0.00133221012141434
  0.00136371991245912  0.00139573579108969  0.00142817773710201  0.00146266862170939
  0.00149915045465841  0.00153658075885258  0.00157408404383204  0.00161105255237810
  0.00164970532406784  0.00169073273451476  0.00173253699203653  0.00177703470215900
  0.00182406034426101  0.00187358243547391  0.00192472168435215  0.00197688384676022
  0.00203088997691570  0.00208899942628305  0.00214733100018223  0.00220743742156873
  0.00227123767521182  0.00234049745516334  0.00240923400651572  0.00247996951904081
  0.00255767020119019  0.00263724712681802  0.00271871017020588  0.00279978921729260
  0.00288145010826951  0.00296537549618930  0.00304989998270219  0.00313911624874192
  0.00323347196998160  0.00332956976618178  0.00342980429878008  0.00353341375220086
  0.00363857836681360  0.00374403254333180  0.00386675616108792  0.00401678942858538
  0.00417237351198156  0.00433150663337812  0.00449141754192724  0.00465578016020919
  0.00482840277228317  0.00501071769604520  0.00520056493236310  0.00540264228208365
  0.00562355708968298  0.00585078460749206  0.00608732178790630  0.00633029156645146
  0.00658654966879620  0.00686483895960906  0.00715681758478986  0.00747292768839932
  0.00779981184661430  0.00814839552817764  0.00858057268814594  0.00901374278138578
  0.00951530550055379  0.01004229305881528  0.01066304499174162  0.01134790175332803
  0.01209319873237145  0.01289155476754455  0.01375649363058364  0.01468786366486082
  0.01573376880350209  0.01690865553464731  0.01814519498083478  0.01959565735193938
  0.02124434249941449  0.02396032834456353  0.02756357457944707  0.03060352690511898
  0.03952695796055992  0.11856463395500391  0.36629848140879662  1.00000000000000000
 -0.00248733349524179  0.00924422495852097  0.01921670422253334  0.02916037741444850
  0.03926054833497398  0.04910191642136848  0.05894271639389944  0.06916844225978744
  0.07949231770498733  0.08982860934188280  0.10070695033006502  0.11163576519332212
  0.12312865927658849  0.13472025493652118  0.14594276150212285  0.15661492529968657
  0.16713683773749397  0.17776581602455874  0.18825762305105009  0.19858987726319646
  0.20873497786931342  0.21877194400642225  0.22884362865913929  0.23880984634034924
  0.24876386512065496  0.25872307240999781  0.26880472643434289  0.27789380158193339
  0.28677403002777008  0.29587140357333952  0.30532478384719802  0.31477013216280569
  0.32420334294542924  0.33411034561315767  0.34572847388874184  0.35719248093723521
  0.36763457888801160  0.37778972418337475  0.38774659040490156  0.39754464913275916
  0.40711900978183457  0.41679302861856382  0.42684832052240113  0.43722693241105981
  0.44814952610007580  0.45903526421867186  0.46940149447487617  0.47983950055365865
  0.49075592479003227  0.50173152273559929  0.51231664400782717  0.52307034440026801
  0.53448532132994264  0.54596834742519607  0.55739160837456236  0.56869154075300310
  0.57990984914404686  0.59155974365583586  0.60325157666117446  0.61404011541661374
  0.62419411079985354  0.63424021751313642  0.64415830231175963  0.65374245546050536
  0.66306878664995417  0.67263544558764343  0.68239552444456542  0.69248061132794969
  0.70283565367378265  0.71317120928407252  0.72347278855316877  0.73371066115790584
  0.74397575471824506  0.75417268686719008  0.76423731687124141  0.77450927845113260
  0.78487731824241258  0.79556545390603772  0.80642355064616777  0.81713962821935049
  0.83074912382995481  0.84984631377644315  0.86738585430501747  0.87847718139998410
  0.88907205761425923  0.89891970082147554  0.90896089000458680  0.91920582892787339
  0.92951800823751574  0.93962887884191071  0.94952623385941648  0.95939983612749913
  0.96961661270320421  0.97989690152855846  0.98990582634956259  1.00000000000000000
 -0.00087448789441013  0.00505141043562287  0.01082258658361757  0.01660280006581042
  0.02239229603050834  0.02611525625103374  0.02968384651661843  0.03430446255673071
  0.04446460438515229  0.05584092001377731  0.06682712817728277  0.07756542074491765
  0.08831722273665822  0.09903556510435452  0.10917024024915381  0.11856932843836780
  0.12825575273496742  0.13824185016820123  0.14812813791368526  0.15780436391380831
  0.16772663639185678  0.17852770469890089  0.18947165371330943  0.19976119360947325
  0.21011780700551658  0.22134260959376958  0.23238220160941803  0.24304388993374701
  0.25399879314519175  0.26552938965826728  0.27712525954765027  0.28864918376678783
  0.30050722664721641  0.31261269796741242  0.32478840095031802  0.33637749487898905
  0.34737626153932805  0.35823798766085557  0.36913116237611576  0.37975428330466665
  0.39023536192255065  0.40106560710970246  0.41222381877917530  0.42317288012088611
  0.43402296824398895  0.44521373623137295  0.45652759490045858  0.46758118665087844
  0.47846144776564858  0.48936584979689729  0.50012160317786403  0.51053833868530685
  0.52093945725361246  0.53156894899224050  0.54231297578383697  0.55304595798764755
  0.56366637738221559  0.57388959128408723  0.58397273175217068  0.59363369183268200
  0.60339084562937906  0.61324029031164362  0.62334883465695545  0.63395917858787065
  0.64492824098060064  0.65619837416978255  0.66758552942461480  0.67905016790914841
  0.69059393157635551  0.70197029371592257  0.71329375084352742  0.72410232968693666
  0.73529698650256015  0.74690834409621754  0.75848052857703663  0.76994723684980815
  0.78116145581276042  0.79243999766973339  0.80372639228525666  0.81534022646010185
  0.82761745817671772  0.83936937082461927  0.85092364162348433  0.86259049281470845
  0.87401208841217870  0.88467297211606144  0.89493452391483908  0.90551995639909277
  0.91616850183271181  0.92657032731463873  0.93698224429284238  0.94800057329881049
  0.95890278141151408  0.96797721700049688  0.97818609659717659  1.00000000000000000
 -0.00287281192815338  0.01084931161193284  0.02193102934141504  0.03239489940430457
  0.04277707744004159  0.05331376334461931  0.06366087220101406  0.07350387850298966
  0.08310648715576877  0.09330575063255768  0.10336869484915849  0.11352595003814231
  0.12368489128388491  0.13208757191666862  0.14030384638839682  0.14872628339245306
  0.15712179847389712  0.16549761131073215  0.17396651997414897  0.18243228933364022
  0.19165672282741866  0.20235334690853132  0.21310093442097827  0.22387782564441031
  0.23462004723524962  0.24522874061566682  0.25588656276458449  0.26658656070989839
  0.27723403083727011  0.28784983354389843  0.29880076391310495  0.31009193017224385
  0.32150947251528172  0.33314585126370611  0.34538316162098781  0.35722150948867970
  0.36810141704926758  0.37886077562991272  0.38969554938892109  0.40027270130606940
  0.41055504469008980  0.42102842736683843  0.43175887389463014  0.44249020936549477
  0.45317596152482154  0.46371073680105740  0.47419791131262073  0.48486614393859717
  0.49562727387448935  0.50632166647976762  0.51710852632237314  0.52839494867016701
  0.54040169230311541  0.55152058785977143  0.56275566523846277  0.57263295175962914
  0.58262800936544135  0.59271996679607131  0.60332221999669799  0.61440284540835077
  0.62538351136452619  0.63676098883407817  0.64818445406663827  0.65921570181693157
  0.67037411634431632  0.68175780469027081  0.69317380571564002  0.70432701490428651
  0.71534605924083772  0.72603417817558658  0.73674411073020851  0.74727978271350992
  0.75790516952281617  0.76846859707518644  0.77911316333028302  0.78981389240897737
  0.80136587450152386  0.81225301058015920  0.82232938084412743  0.83225224528986996
  0.84231425637693758  0.85236768778638738  0.86266717932541348  0.87280308543174157
  0.88343031585244369  0.89359260760476533  0.90538703580661606  0.91709459283916805
  0.92842809157572770  0.93923764593682757  0.94949895484830615  0.95965746477628999
  0.96969175831056642  0.97983431946549138  0.98987312104669956  1.00000000000000000
  0.99972465994579229  0.99972801291863400  0.99973081369352601  0.99973358625939390
  0.99973635736051703  0.99973912299691747  0.99974188660310870  0.99974464139932107
  0.99974738362695925  0.99975010645492790  0.99975281982348840  0.99975551769757309
  0.99975820424985995  0.99976088573472299  0.99976355943030737  0.99976622333477094
  0.99976889035458771  0.99977157047118970  0.99977425818809618  0.99977694077013513
  0.99977961673614446  0.99978229321572953  0.99978496926293370  0.99978764063062076
  0.99979030015796932  0.99979294223014603  0.99979558848743111  0.99979822698441945
  0.99980086296357618  0.99980349220563580  0.99980611796291674  0.99980874438709710
  0.99981133773012343  0.99981402841550238  0.99981686705842376  0.99981970038430223
  0.99982251355795715  0.99982531480327486  0.99982810486744622  0.99983090589092416
  0.99983370442725583  0.99983649778763806  0.99983929918580250  0.99984210166265597
  0.99984492083549270  0.99984774646182728  0.99985055846755322  0.99985335005542897
  0.99985612352013853  0.99985889377326853  0.99986167781742052  0.99986446358384573
  0.99986725114160047  0.99987004443455274  0.99987283643582969  0.99987562208132896
  0.99987839954392832  0.99988116056128429  0.99988392411655702  0.99988668957615789
  0.99988946542073298  0.99989225646668445  0.99989504727457723  0.99989782582731002
  0.99990059947575671  0.99990337297652632  0.99990618501445194  0.99990902865743925
  0.99991189536939140  0.99991475330377821  0.99991761726847128  0.99992048770159381
  0.99992338329945307  0.99992627963895742  0.99992916869230919  0.99993204787065937
  0.99993493788869769  0.99993784663017526  0.99994077623983002  0.99994373454518837
  0.99994672826204245  0.99994976706272976  0.99995283269601232  0.99995591625710190
  0.99995901219960048  0.99996213245560028  0.99996528909576710  0.99996850054555642
  0.99997178683709242  0.99997515993035613  0.99997859983110238  0.99998212613718274
  0.99998583244099426  0.99998984175936845  0.99999435619247734  1.00000000000000000
   8.8129306409304257E-005  -1.0000000000000000     
 F F F F F F F F F F F F F F F F F F F F F F F F F F F F F F F F F F F F F F F F F F F F F F F F F F F F F F F F F F F F F F F F
  <DiscreteSampler_grid>
  grouped_processes
  1 # 1 for a reference and 2 for a running grid.
  10 # Attribute 'min_bin_probing_points' of the grid.
  1 # Attribute 'grid_mode' of the grid. 1=='default',2=='initialization'
  0.0000000000000000 # Attribute 'small_contrib_threshold' of the grid.
  0.5000000000000000 # Attribute 'damping_power' of the grid.
 # binID   n_entries weight   weight_sqr   abs_weight
    19   10   2.525048457223862E+007   2.718445971020358E+015   2.525048457223862E+007
    22   10   2.525048457223862E+007   2.718445971020358E+015   2.525048457223862E+007
    25   10   2.525048457223862E+007   2.718445971020358E+015   2.525048457223862E+007
    28   10   2.525048457223862E+007   2.718445971020358E+015   2.525048457223862E+007
  </DiscreteSampler_grid>
