 -0.01239485893002257  0.09926072892402080  0.15753705120971426  0.20367300897166743
  0.24224023067220074  0.27937371700386460  0.31059797153041663  0.33892237992002489
  0.36727007322440364  0.39388604787903575  0.41836993161187258  0.44158441458947895
  0.46217508410326447  0.47933628788607779  0.49591154450601493  0.51311008554607240
  0.53027146089854416  0.54658840155359767  0.56350948525965017  0.58008968283148099
  0.59566402172449417  0.61036277396235050  0.62319344126196963  0.63510166128591372
  0.64686451834570735  0.65920587472925840  0.67159711325541227  0.68340828599687908
  0.69580801136621717  0.70763151397897905  0.71725594678237192  0.72557247717865292
  0.73373030669011374  0.74290111017231153  0.75257197757983585  0.76174537397960151
  0.77004186303425770  0.77767422925064122  0.78511670834482439  0.79238699185695793
  0.79962425053427078  0.80738999082671625  0.81540900010700401  0.82347036751868641
  0.83106671403840982  0.83845240041046953  0.84531320253594588  0.85129695003159767
  0.85698524551714339  0.86212256829806644  0.86673893366618082  0.87155615836653288
  0.87641002758442554  0.88137462496489216  0.88615534923928418  0.89079511727982175
  0.89540016526387478  0.90010509534505823  0.90537826002811461  0.90882962360171615
  0.91216837911084925  0.91538555089163565  0.91837775942813316  0.92181538009364550
  0.92568321562015254  0.92944746146807300  0.93323554340341641  0.93690733358094169
  0.94046640434792927  0.94402918653897161  0.94769823680558574  0.95132977958069420
  0.95440084579598850  0.95728197813773330  0.96011373769301622  0.96260603371402020
  0.96519586348381226  0.96703263243634996  0.96877977734424681  0.97035668286241583
  0.97145739127974196  0.97265034347906987  0.97386853596863920  0.97503475752898694
  0.97649084271128717  0.97753575767504608  0.97886152510249114  0.98029120978519457
  0.98176100577467562  0.98355411690516925  0.98519778423632642  0.98695001886132183
  0.98916193965654897  0.99231608233516078  0.99543372594714929  1.00000000000000000
  0.00000000011605202  0.00000000012521006  0.00000000013183263  0.00000000013664124
  0.00000000014138127  0.00000000014579251  0.00000000015013583  0.00000000015367775
  0.00000000015726182  0.00000000016095272  0.00000000016481937  0.00000000016882401
  0.00000000017302536  0.00000000017728387  0.00000000018155351  0.00000000018617930
  0.00000000019193118  0.00000000019757284  0.00000000020309871  0.00000000020846474
  0.00000000021378161  0.00000000021925992  0.00000000022520284  0.00000000023282894
  0.00000000024117246  0.00000000025031980  0.00000000026034348  0.00000000027068792
  0.00000000028118639  0.00000000029098218  0.00000000030002372  0.00000000030947039
  0.00000000031986520  0.00000000033244289  0.00000000034580064  0.00000000036033135
  0.00000000037594674  0.00000000039253341  0.00000000040777069  0.00000000042316755
  0.00000000043919758  0.00000000045733637  0.00000000047784584  0.00000000049804661
  0.00000000051804789  0.00000000053964568  0.00000000056272094  0.00000000058696306
  0.00000000061502292  0.00000000064661055  0.00000000068056527  0.00000000071635028
  0.00000000075274198  0.00000000078735220  0.00000000082380594  0.00000000086261174
  0.00000000090464011  0.00000000095166635  0.00000000099411790  0.00000000103163685
  0.00000000107073910  0.00000000110957707  0.00000000116032218  0.00000000121945996
  0.00000000129128541  0.00000000136755309  0.00000000146284746  0.00000000156842573
  0.00000000169927231  0.00000000186081303  0.00000000203298735  0.00000000223283438
  0.00000000247287330  0.00000000276127034  0.00000000307461850  0.00000000347810171
  0.00000000396716061  0.00000000450004590  0.00000000514914011  0.00000000596326213
  0.00000000689454114  0.00000000810330658  0.00000000987405917  0.00000001303862808
  0.00000001776860539  0.00000002830944439  0.00000005288636721  0.00000010834090386
  0.00000027574731674  0.00000080152797599  0.00000286479514756  0.00001171618796183
  0.00006616080270703  0.00054402037278663  0.01598940746397315  1.00000000000000000
 -0.00246017239990841  0.00980207618707709  0.01862456875578589  0.02692665137402935
  0.03542600415742789  0.04544447759101752  0.05686109690079440  0.06800093447254794
  0.07836652973651215  0.08756453551202349  0.09644321580156340  0.10654069284731253
  0.11725463944678938  0.12550693881655645  0.13165008423233829  0.13938060958941426
  0.14948467476272534  0.16017989534303970  0.17095161340255177  0.18171093745928238
  0.19221390293411814  0.20254308511799793  0.21317211495167968  0.22450952261705776
  0.23626868494482631  0.24757645481940044  0.25848024232233902  0.26865650839584371
  0.27835626655034662  0.28783596979048026  0.29831044887997055  0.30974596285986528
  0.32134914594656044  0.33198499898781358  0.34224423322447428  0.35216558387952240
  0.36253831590895225  0.37427576637379550  0.38587844106739910  0.39638402488159424
  0.40597966161903437  0.41588151026049247  0.42620565690970891  0.43666164257721135
  0.44644174705373341  0.45644948161877363  0.46713104456298044  0.47675725558842041
  0.48696573576746616  0.49687363355998398  0.50694570963540753  0.51747953856267870
  0.52845709208824132  0.53983804696913806  0.55116378222248308  0.56215947746221107
  0.57325254402294701  0.58429766290361640  0.59528675416591770  0.60647235988799186
  0.61799697725719704  0.62936652462101117  0.64006834414507785  0.65046047997653378
  0.66083025443180965  0.67148479249004367  0.68241637390396781  0.69379340022275204
  0.70560740965974333  0.71741965343247338  0.72866929921774226  0.73937774690797298
  0.75001336299708854  0.76097230947294392  0.77215817464056280  0.78283634566932703
  0.79301492718205091  0.80333481438817322  0.81391101628193008  0.82491724109007758
  0.83614119475069359  0.84730528302476249  0.85817252696585633  0.86880149717474597
  0.87921816829652355  0.89005298353520368  0.90108580482958345  0.91234033060017095
  0.92353143104500868  0.93480557870220504  0.94635770440350619  0.95731633446257647
  0.96822339440654837  0.97867132878919250  0.98825298492898273  1.00000000000000000
 -0.00231905814651319  0.00855306599629193  0.01994287211518824  0.03090308349266243
  0.04115735581466962  0.05176002845290300  0.06224552496910457  0.07356678881324645
  0.08360930035646012  0.09265222273860649  0.10136119528196334  0.11093435411751980
  0.12060226721019453  0.13214326146395391  0.14405332112524474  0.15573216174014046
  0.16790141440311318  0.17974078809084912  0.19069152280363891  0.20129151416123844
  0.21164628959078505  0.22187890622871959  0.23199102589147308  0.24211670697362578
  0.25326933250938727  0.26459383387367807  0.27561576459714254  0.28631159469891843
  0.29731295043870065  0.30822765256049534  0.31885175361173701  0.32910631830660636
  0.33990829336109196  0.35135801320480775  0.36274905771732280  0.37335435198962763
  0.38296645353417785  0.39233134850388945  0.40137087309317532  0.40988103349044536
  0.41914552295571228  0.42880090749410343  0.43824521874371791  0.44820989255007748
  0.45915626461090520  0.46949461453913555  0.47949552771961984  0.48912121640445350
  0.49914428754467427  0.50947735302433539  0.52009352126636677  0.53057739923795799
  0.54091033644518083  0.55149803930683949  0.56242683170293439  0.57348067174346551
  0.58477512784520569  0.59620924677483833  0.60746296084611462  0.61925100013832779
  0.63082190210283462  0.64250251298284589  0.65405157785778478  0.66554474736207814
  0.67703266847673715  0.68823019348305170  0.69893076844588875  0.70926694313769645
  0.71815689756863366  0.72572241027095019  0.73338633365339811  0.74090299406059068
  0.75092009158506468  0.76117570163199710  0.77174467707644945  0.78205396009974115
  0.79191428823326326  0.80210779640003882  0.81246837982303466  0.82334186653682029
  0.83503712789136364  0.84646119926542507  0.85679768286447711  0.86608910512722537
  0.87588585469178937  0.88639060269050718  0.89812926455490805  0.90996131181657280
  0.92122208547302353  0.93247212047152428  0.94417569822552827  0.95608069997909917
  0.96792870641026774  0.97927143930033156  0.99001753259270853  1.00000000000000000
 -0.00190055437242187  0.00827766209909797  0.01870401704126884  0.02911970660180010
  0.03966970670570090  0.05085934942933266  0.06154410546057222  0.07177349455750230
  0.08185390904746180  0.09162603166735314  0.10118783850181423  0.11116933220736422
  0.12182742048992479  0.13275283964729398  0.14409323758424833  0.15531137480096585
  0.16672763187605599  0.17753115633048208  0.18743380201368143  0.19690217282048758
  0.20670421912575107  0.21704918403661691  0.22744417947531306  0.23731275758545006
  0.24716324800287798  0.25739374626735279  0.26820251389443434  0.27922117437599858
  0.29066361529485046  0.30190944196592367  0.31227592266764986  0.32255574571893064
  0.33303712784302814  0.34381714448435152  0.35456830066765799  0.36430344308244417
  0.37377822583832032  0.38386295891177608  0.39471535345964159  0.40521245067888634
  0.41543517664365753  0.42502628794647984  0.43371058003313551  0.44244455225378465
  0.45143608579136313  0.46093992783862342  0.47082991599638291  0.48003742948771677
  0.48960121361603737  0.49973705372756927  0.51102940418299991  0.52272087931221989
  0.53421010826540338  0.54526961358447823  0.55605056127148156  0.56705767489368852
  0.57766353311124685  0.58791074577866120  0.59807919209296123  0.60844416284210456
  0.61921655066835157  0.63030872817238959  0.64140849279745926  0.65267068556254293
  0.66363398439777987  0.67357637833472983  0.68323799550741815  0.69260084276292799
  0.70295699275965307  0.71477845713110566  0.72720376850041091  0.73974318112032122
  0.75214377724573012  0.76413526811143606  0.77549449779636626  0.78604869978493486
  0.79662733105528494  0.80750404967234557  0.81866015978081319  0.82952367083224887
  0.83955617197209598  0.84990327904479912  0.86036167537516861  0.87165905222058038
  0.88360327704717223  0.89525185339673863  0.90675344391457657  0.91836286873881590
  0.92883207742989815  0.93805553694432975  0.94684790173975686  0.95573544298758217
  0.96575111986656481  0.97676249541015059  0.98810658621961356  1.00000000000000000
  0.18880352903391240  0.20322630680755610  0.22039841257709172  0.24593126458919617
  0.27980255459957809  0.31820096280419585  0.35845952265886261  0.39796271402110800
  0.43978664013472030  0.48243598031263341  0.52054021496103609  0.55154132089593177
  0.57653840609926288  0.59714019083390357  0.61383465087599365  0.62648882609980350
  0.63573548488167453  0.64326592814836525  0.65015411535015855  0.65611707407365683
  0.66126910078401990  0.66560553405875678  0.66928979680144884  0.67221480910423115
  0.67440885047138599  0.67620467324974276  0.67795980288636637  0.67970159145999054
  0.68130383077041390  0.68270227677343087  0.68394829060703677  0.68514040702819168
  0.68626789008755107  0.68729681547644084  0.68827249839495741  0.68916886285893897
  0.68998448717313954  0.69074020223617594  0.69146996056350052  0.69214244159678617
  0.69274334619426370  0.69329457277680306  0.69381089264287821  0.69432739573584989
  0.69483467089789630  0.69533931349202049  0.69581836842676559  0.69629961698104148
  0.69679297492965608  0.69729270498061524  0.69775664124485504  0.69821059681640052
  0.69867366020846822  0.69917002562252761  0.69971284604549944  0.70019998713531950
  0.70064530183038320  0.70111988530845304  0.70164666818116028  0.70225911644236594
  0.70290753922551619  0.70352524468156674  0.70413180247059781  0.70477127454074107
  0.70543612385208376  0.70615650027077725  0.70691193476174308  0.70769127446861324
  0.70848931561818107  0.70932335655296208  0.71025462254349181  0.71132816974283175
  0.71252720992483709  0.71377196295623735  0.71503273604603235  0.71634261867059212
  0.71763398941450163  0.71911422010861115  0.72072148956745585  0.72251130568564770
  0.72462639302522458  0.72664354056315961  0.72883522710474868  0.73130975368736983
  0.73412338271192246  0.73786183212649448  0.74227427974021509  0.74746843386396555
  0.75337424947078113  0.76035742239811166  0.76839345153832816  0.77773335314976233
  0.78944226255067051  0.80703709467506657  0.84275229042290600  1.00000000000000000
   2.3503974496322161E-009  -1.0000000000000000     
 F F F F F F F F F F F F F F F F F F F F F F F F F F F F F F F F F F F F F F F F F F F F F F F F F F F F F F F F F F F F F F F F
  <DiscreteSampler_grid>
  grouped_processes
  1 # 1 for a reference and 2 for a running grid.
  10 # Attribute 'min_bin_probing_points' of the grid.
  1 # Attribute 'grid_mode' of the grid. 1=='default',2=='initialization'
  0.0000000000000000 # Attribute 'small_contrib_threshold' of the grid.
  0.5000000000000000 # Attribute 'damping_power' of the grid.
 # binID   n_entries weight   weight_sqr   abs_weight
    19   10   1.689162832301451E+005   1.818673304895899E+011   1.689162832301451E+005
    22   10   1.689162832301451E+005   1.818673304895899E+011   1.689162832301451E+005
    25   10   1.689162832301451E+005   1.818673304895899E+011   1.689162832301451E+005
    28   10   1.689162832301451E+005   1.818673304895899E+011   1.689162832301451E+005
  </DiscreteSampler_grid>
