 -0.00582310154383557  0.07101848149404898  0.12062812345466244  0.15874126137243103
  0.19568189314707315  0.22698581214260469  0.25659999433151959  0.28430673152904629
  0.30618997809301440  0.32805525131749785  0.35153083388725825  0.37482252741660527
  0.39705635160224534  0.41801014482031751  0.43920716098573021  0.45865987305501549
  0.47770572463881505  0.49447663841791656  0.50867064932179451  0.52374703003096235
  0.53954558338399194  0.55268711768968759  0.56613416505958647  0.57971582222462681
  0.59377745993563436  0.60750051244373604  0.62139551912993152  0.63533236110941693
  0.64897346317532889  0.66213743201168940  0.67512284907383735  0.68801478552301998
  0.69987902103333277  0.71048078330705888  0.72077859900160834  0.73118826985592167
  0.74051499978725854  0.74934603043729686  0.75813014184001992  0.76611870834946671
  0.77364441569522657  0.78127449437250018  0.78899330146600144  0.79699716977963675
  0.80528042716718384  0.81339653016922298  0.82128699236158131  0.82873665573808819
  0.83556404914536020  0.84207340115980611  0.84925217097724381  0.85624784789416530
  0.86261523635400617  0.86845637170709433  0.87329453955177350  0.87735686609704189
  0.88154084144860134  0.88575853253060399  0.88984156655230429  0.89412109523177008
  0.89871212570958492  0.90351218874405437  0.90770301229136841  0.91115805180734899
  0.91453782139423512  0.91783740312264683  0.92095619196793843  0.92429417724357033
  0.92730231405547359  0.92998431837880613  0.93261581387638337  0.93528463431158659
  0.93823409037669869  0.94157376418262118  0.94503862370564207  0.94828852375477479
  0.95125576099434772  0.95423649335406857  0.95690465231575972  0.95939355535081294
  0.96185285847631852  0.96421331005479860  0.96686663541540563  0.96924207438636545
  0.97127597506874130  0.97320302575387096  0.97508612622363011  0.97682894396844233
  0.97874445394389353  0.98058722426989131  0.98275756974401884  0.98548195390699500
  0.98859881759151635  0.99313031459725110  0.99561786450662149  1.00000000000000000
  0.00000000012968494  0.00000000013698038  0.00000000014172972  0.00000000014571135
  0.00000000014924825  0.00000000015295713  0.00000000015671260  0.00000000015962463
  0.00000000016233797  0.00000000016500540  0.00000000016744460  0.00000000016977391
  0.00000000017266290  0.00000000017567807  0.00000000017894100  0.00000000018280683
  0.00000000018731370  0.00000000019147232  0.00000000019553870  0.00000000019991757
  0.00000000020423446  0.00000000020877170  0.00000000021326333  0.00000000021764873
  0.00000000022194331  0.00000000022609568  0.00000000022953258  0.00000000023375058
  0.00000000023803037  0.00000000024226408  0.00000000024643648  0.00000000025198448
  0.00000000025756593  0.00000000026452527  0.00000000027207744  0.00000000027964031
  0.00000000028763369  0.00000000029581358  0.00000000030446886  0.00000000031382015
  0.00000000032376060  0.00000000033422225  0.00000000034473372  0.00000000035545699
  0.00000000036681096  0.00000000038022113  0.00000000039561092  0.00000000041350946
  0.00000000042995420  0.00000000044544570  0.00000000045574019  0.00000000046710811
  0.00000000047947538  0.00000000049141900  0.00000000050966473  0.00000000052709550
  0.00000000054289886  0.00000000055849473  0.00000000057450598  0.00000000059363155
  0.00000000061850656  0.00000000064325657  0.00000000066871396  0.00000000069516007
  0.00000000071861587  0.00000000074823667  0.00000000079022375  0.00000000082823401
  0.00000000086343551  0.00000000089638152  0.00000000092812600  0.00000000096925960
  0.00000000101632403  0.00000000107496320  0.00000000116361125  0.00000000129587535
  0.00000000147117271  0.00000000166079992  0.00000000186916169  0.00000000214831183
  0.00000000256092956  0.00000000318940800  0.00000000417718718  0.00000000561341130
  0.00000000777585309  0.00000001154368284  0.00000001827086139  0.00000003040162420
  0.00000007414408338  0.00000021079960733  0.00000123471455293  0.00000738787128270
  0.00006564330711332  0.00073424578552476  0.30263660030372563  1.00000000000000000
 -0.00217124700659801  0.00822853916846151  0.01810860047957525  0.02754032247962779
  0.03788930830584365  0.04920266520266488  0.06137812036466645  0.07413364438885790
  0.08682979533368546  0.09895352087044114  0.11096603740361695  0.12290668069393050
  0.13524014027754058  0.14713714329816696  0.15768388687009852  0.16815364166971081
  0.17884173406547610  0.18990729566973513  0.20099587482437919  0.21184468014422683
  0.22312540852363499  0.23503899981656415  0.24509480575374484  0.25331423137933340
  0.26183583060855897  0.27061580164918153  0.27941246530507652  0.28862806657805662
  0.29878237874304558  0.30912983477190159  0.31953458312444627  0.33050983993035205
  0.34222624751594194  0.35419151133290255  0.36615305905551576  0.37801693673653547
  0.38869566059937705  0.39789844957715054  0.40640381006752624  0.41549872817353406
  0.42431866737375634  0.43299068832779647  0.44309949210687410  0.45451713468373189
  0.46620564236148554  0.47708168973680165  0.48729078737586951  0.49762536470549712
  0.50765727273883565  0.51677282093377452  0.52634696540767711  0.53461073449200980
  0.54413919592270521  0.55448402710299360  0.56514000043401136  0.57499815437708568
  0.58539134098051704  0.59632611432190519  0.60834968596425865  0.62016736195762445
  0.63185363255856053  0.64346514485518780  0.65515117951323787  0.66735797144053344
  0.68008436186738974  0.69277194260157138  0.70438192454319060  0.71469079416832981
  0.72531832305395016  0.73649607051128452  0.74807772744493350  0.75781982735233289
  0.76665520367537732  0.77596979009741018  0.78650549678188930  0.79648840393869336
  0.80584732791228764  0.81506471285208637  0.82530248986346022  0.83558525790722848
  0.84550921218657416  0.85604890613806250  0.86676654712575052  0.87740297786030041
  0.88854250765031073  0.89881668108397883  0.90833615215273622  0.91762250071535123
  0.92735725194544971  0.93779248675316529  0.94856675140294644  0.95946547639001256
  0.97026760444862592  0.98077792948580689  0.99081868444765642  1.00000000000000000
 -0.00236717392839668  0.00886558695440341  0.02000105904898264  0.03076791664488687
  0.04231113221214942  0.05412042394959275  0.06595573994833820  0.07716263318739702
  0.08795687745938426  0.09877039701578018  0.11028024743332984  0.12240411246625767
  0.13431521220270845  0.14541848905823615  0.15566430923378585  0.16582592526870638
  0.17671330106593322  0.18874352522376775  0.20116345147236206  0.21316450347497806
  0.22410402344844582  0.23513729605390074  0.24586739045596409  0.25562231948823400
  0.26574813892526256  0.27623393430558735  0.28610889646669552  0.29480500285159045
  0.30306960822699169  0.31168114258929713  0.32126449517554012  0.33134907930272955
  0.34089078474819823  0.35012084665736382  0.35983193233190697  0.37097052052371543
  0.38244878003275434  0.39335214197543278  0.40414088155473749  0.41495347539216232
  0.42503161822990720  0.43480966797536402  0.44532601646118075  0.45635242388805852
  0.46795202477144693  0.47908436046304781  0.48944644315284130  0.49984875305075299
  0.51042857850333301  0.52088925496877447  0.53070528081213619  0.54067721905882649
  0.55163502220088612  0.56284456007864458  0.57260457742768522  0.58090634104155459
  0.58914942782959345  0.59717165903385838  0.60494978664888788  0.61355228188878019
  0.62328261703992216  0.63317907865434253  0.64280820446943998  0.65276354520321367
  0.66289938776978163  0.67336117414014529  0.68512225435013430  0.69715275428032508
  0.70881017952354419  0.72031604317348830  0.73207871752911602  0.74378038597675666
  0.75457876503454202  0.76517450344428906  0.77514959280898477  0.78530933062991592
  0.79605713034521575  0.80690051025198606  0.81735899959201441  0.82819779072427657
  0.83861656630042547  0.84896375918276934  0.85898776098039087  0.86942734564632462
  0.88018155717074353  0.89064351891174165  0.90060594764267521  0.91116497382887573
  0.92221648553660462  0.93314613141943725  0.94462914791012165  0.95480449718172722
  0.96547089120581508  0.97662494932096289  0.98776208703028512  1.00000000000000000
 -0.00344145613669159  0.01082291815756900  0.02040140945534296  0.03046232841911162
  0.04108174457811416  0.04937568267674677  0.05674720184785761  0.06498918483684504
  0.07269051650401102  0.08015304684827161  0.09038417265233523  0.10249161460124806
  0.11339597080938434  0.12358846388411530  0.13318152949155182  0.14301619165739360
  0.15417459673679224  0.16445307299051318  0.17402884646434819  0.18348142118110963
  0.19452791074135345  0.20630017630882524  0.21831325022886558  0.23007734687276940
  0.24154087248166528  0.25297286174833644  0.26449903794947749  0.27620216804171011
  0.28649200568683214  0.29617618323651751  0.30613525994493146  0.31748382496148869
  0.32997540417627824  0.34187082493915882  0.35298335600614683  0.36357725290116072
  0.37459863910187929  0.38625725178528336  0.39792504790394834  0.40799750878616015
  0.41816842948509975  0.42835726857316631  0.43999120712665585  0.45254057302175715
  0.46432798341116616  0.47493789677243808  0.48452690784598201  0.49421918383933316
  0.50487424165759320  0.51678216525596932  0.52903139049428383  0.54035339424801054
  0.55087766869931687  0.56209431783842478  0.57312823173836125  0.58458543369941740
  0.59640472372159026  0.60857776571686406  0.62106642781338706  0.63281977941893075
  0.64303109906668643  0.65328601587571411  0.66421420486180416  0.67596085400813510
  0.68623090251413954  0.69689211200897649  0.70736363395194068  0.71723760939949321
  0.72649203111550220  0.73439093234193964  0.74352589558486037  0.75440565187366126
  0.76557727437532708  0.77648420864135226  0.78635001659548831  0.79605768521053555
  0.80598808340438111  0.81694803624131551  0.82752629530921518  0.83787031813594282
  0.84831334948319592  0.85916169542890797  0.86961650396656820  0.87976490626452919
  0.89012493549763727  0.89981836346656885  0.90958842471856538  0.91859661389971503
  0.92820213513813932  0.93846835851399857  0.94958274832493550  0.96034441181699071
  0.97038611088269011  0.98043440167257601  0.99027780068732418  1.00000000000000000
  0.18573856542553316  0.20758082488066004  0.22018799038875403  0.23362862218073313
  0.25203019466185350  0.27556684481917015  0.31093147817241917  0.36149194579512589
  0.40897994668643162  0.44935447917219273  0.48557974879374044  0.51939047362993007
  0.55063338523773775  0.57743663727920846  0.59810712702945423  0.61212148128259181
  0.62305605155747423  0.63293955767227117  0.64170170526705217  0.64942621597880468
  0.65609629910775236  0.66117982461668590  0.66469301450985740  0.66748429129812437
  0.66977621966415224  0.67221250277057654  0.67462248247639411  0.67671559985058427
  0.67853181786716821  0.68017428113447442  0.68168240462803587  0.68306021049178656
  0.68427323352160319  0.68538820346033658  0.68645523362668071  0.68746799326189656
  0.68838273812772133  0.68919002415510799  0.68993796568091903  0.69066611640991471
  0.69137539283304561  0.69207197379313889  0.69276524525723226  0.69342932681965741
  0.69404622531102178  0.69464699927791862  0.69523230038710948  0.69580726405580418
  0.69634758433930155  0.69684425502600755  0.69732010335392136  0.69779089973594399
  0.69824824570635913  0.69872115092192955  0.69921528164886682  0.69972392754472845
  0.70026161351409189  0.70082397824779896  0.70140410327027924  0.70199438793445379
  0.70258511395116474  0.70318462654578062  0.70381366874014284  0.70442551395119002
  0.70500113732511716  0.70566327397471329  0.70636797861712730  0.70710202470491812
  0.70785094213416944  0.70861794906561870  0.70944509681790913  0.71040449441920084
  0.71148904266614676  0.71272080150045525  0.71406496692045396  0.71550665368290611
  0.71692010368332326  0.71829222156165073  0.71981203396939775  0.72152971407000610
  0.72344867407769231  0.72556232984277480  0.72791314191693723  0.73020898548712510
  0.73292174764399665  0.73595158441607300  0.73952927609728025  0.74397913420677730
  0.74925378537517684  0.75547073241180718  0.76288482908468214  0.77166779634741023
  0.78423678124290219  0.80198642239552254  0.83888989695508909  1.00000000000000000
   2.4232683406399868E-009  -1.0000000000000000     
 F F F F F F F F F F F F F F F F F F F F F F F F F F F F F F F F F F F F F F F F F F F F F F F F F F F F F F F F F F F F F F F F
  <DiscreteSampler_grid>
  grouped_processes
  1 # 1 for a reference and 2 for a running grid.
  10 # Attribute 'min_bin_probing_points' of the grid.
  1 # Attribute 'grid_mode' of the grid. 1=='default',2=='initialization'
  0.0000000000000000 # Attribute 'small_contrib_threshold' of the grid.
  0.5000000000000000 # Attribute 'damping_power' of the grid.
 # binID   n_entries weight   weight_sqr   abs_weight
    19   10   2.680392860356028E+006   4.704227844466525E+013   2.680392860356028E+006
    22   10   2.680392860356028E+006   4.704227844466525E+013   2.680392860356028E+006
    25   10   2.680392860356028E+006   4.704227844466525E+013   2.680392860356028E+006
    28   10   2.680392860356028E+006   4.704227844466525E+013   2.680392860356028E+006
  </DiscreteSampler_grid>
