 -0.01301110075677906  0.09844119247788752  0.15425575298640171  0.20128571093982875
  0.23799255736086608  0.27282913139437603  0.30861904780313787  0.34171347984861578
  0.36927447420847587  0.39526437288944738  0.41836495235439530  0.43496737874136931
  0.45168738077878140  0.46979270939941270  0.48632021591595981  0.50343847372282247
  0.52009412322027171  0.53431094159808534  0.54749880429317632  0.56000646292585210
  0.57491822794392800  0.58989908407355851  0.60378476440516116  0.61717025339457432
  0.62964345388994480  0.64125398547431456  0.65299893514245633  0.66511302051864019
  0.67709265663919149  0.68857518475957291  0.70002999944490629  0.71151451052808512
  0.72315069394131370  0.73476134022804807  0.74586350111784372  0.75632882471925911
  0.76632863292204001  0.77611798065044590  0.78599023388518185  0.79533737432874296
  0.80387463278800575  0.81116849351379083  0.81719067351426156  0.82272461492795468
  0.82776334016827480  0.83322938727198481  0.84006481233653574  0.84745345124975036
  0.85437225262492289  0.86062569584264825  0.86652725271328890  0.87225455531552609
  0.87780517499716737  0.88305155182602835  0.88756496137071794  0.89136330482756676
  0.89484904671568666  0.89818381082373322  0.90150507297545890  0.90497382775265267
  0.90864788892392945  0.91258272438428489  0.91612899926384050  0.91987361527029166
  0.92340360714605074  0.92670430405948456  0.92991835079889895  0.93323083828101261
  0.93666354329376200  0.94004987893215441  0.94324157824096433  0.94650842942671209
  0.94986073174145014  0.95338350862285348  0.95660671835539635  0.95940872551167122
  0.96184373673616597  0.96403876543083922  0.96620399710952365  0.96820915294812648
  0.97004933201559507  0.97180148260482957  0.97369953855488456  0.97564042105676785
  0.97759419689661609  0.97904855962381410  0.98049815674429930  0.98198891980762681
  0.98353997628415313  0.98508194346029010  0.98656993565243845  0.98827062099775942
  0.99010821787956371  0.99254613371620926  0.99518799117528323  1.00000000000000000
  0.00000000004651037  0.00000000004954235  0.00000000005170977  0.00000000005336298
  0.00000000005499264  0.00000000005653437  0.00000000005817330  0.00000000005986929
  0.00000000006151362  0.00000000006322832  0.00000000006505951  0.00000000006713147
  0.00000000006942837  0.00000000007200260  0.00000000007479563  0.00000000007747215
  0.00000000008005546  0.00000000008249496  0.00000000008479108  0.00000000008704778
  0.00000000008922723  0.00000000009132620  0.00000000009374211  0.00000000009648711
  0.00000000009919894  0.00000000010190103  0.00000000010462323  0.00000000010738816
  0.00000000011050952  0.00000000011395178  0.00000000011725340  0.00000000012094569
  0.00000000012478562  0.00000000012889869  0.00000000013320090  0.00000000013735399
  0.00000000014141104  0.00000000014520713  0.00000000014899517  0.00000000015272732
  0.00000000015687883  0.00000000016265093  0.00000000016932706  0.00000000017724171
  0.00000000018503929  0.00000000019194274  0.00000000019929435  0.00000000020662841
  0.00000000021443825  0.00000000022198783  0.00000000022959095  0.00000000023781665
  0.00000000024727654  0.00000000025713771  0.00000000026783801  0.00000000027887641
  0.00000000029112792  0.00000000030501361  0.00000000031923301  0.00000000033302100
  0.00000000034647090  0.00000000035961233  0.00000000037640228  0.00000000039623896
  0.00000000042042217  0.00000000044769222  0.00000000047997258  0.00000000051646778
  0.00000000055863069  0.00000000060836020  0.00000000066622497  0.00000000072649628
  0.00000000078605513  0.00000000085122348  0.00000000092936303  0.00000000102030788
  0.00000000112250756  0.00000000127216420  0.00000000143222627  0.00000000161314785
  0.00000000180206201  0.00000000207351272  0.00000000247388694  0.00000000308690280
  0.00000000396466272  0.00000000530211521  0.00000000722585645  0.00000001244986445
  0.00000002615520056  0.00000007740094315  0.00000057767204214  0.00000583768665239
  0.00006627418472027  0.00875346031041830  0.60869871667639064  1.00000000000000000
 -0.00253188047626213  0.00963142566544654  0.02111877194003633  0.03202439566799607
  0.04418131649227151  0.05580493946932637  0.06780038893981692  0.08021990001196064
  0.09058791484536824  0.10078752601379376  0.11021490645539306  0.11901092679663761
  0.12916274054188218  0.13904702932224808  0.14956103666756246  0.16054435322192687
  0.17198741942704854  0.18335971708514207  0.19454125702697556  0.20574923323963690
  0.21684640098240276  0.22743611751403062  0.23765699053250725  0.24849149412818169
  0.25998063160024704  0.27108013663539554  0.28143220210535980  0.29193437867162503
  0.30319118377243021  0.31418890927895393  0.32451052720123141  0.33428812482272646
  0.34436071538613511  0.35533825106811012  0.36650269163280375  0.37678258786937019
  0.38569887844606265  0.39445307167694316  0.40321553272613136  0.41379997756513293
  0.42651845345255440  0.43920302642825249  0.45129286193191959  0.46299702350904975
  0.47445255099077538  0.48585347813212748  0.49667017039238825  0.50763456408527796
  0.51917259504740121  0.53068392039999590  0.54138590729336833  0.55197585413246353
  0.56308367017448813  0.57495318470295553  0.58620412465192273  0.59550781412483100
  0.60354658831309282  0.61136356492538713  0.61895427617488874  0.62717405462354370
  0.63598333864900092  0.64469284698922125  0.65358584563987865  0.66275469991866864
  0.67344910087986776  0.68476605875145513  0.69533646145428463  0.70559097789867542
  0.71549854876904229  0.72543180476027247  0.73502429001923464  0.74492918753584181
  0.75466477286359501  0.76481380880022487  0.77482774847746916  0.78460721380930976
  0.79479311726582225  0.80561177423396113  0.81770783929030866  0.82965327372541964
  0.83992304513645621  0.84955172811524593  0.85873188678451062  0.86885671874626413
  0.88038200992453586  0.89245567709287787  0.90434839784837850  0.91598861875082216
  0.92734145774245691  0.93876815101013011  0.94928662613949089  0.95839590720802270
  0.96690512643875726  0.97658208194105645  0.98697455848385240  1.00000000000000000
 -0.00262233408137417  0.00953557208063848  0.02106488399649146  0.03273406499004936
  0.04430384045069822  0.05529176626874629  0.06623569440398200  0.07612839259940837
  0.08573125625527332  0.09528421392785377  0.10591136796039727  0.11745794880895902
  0.12961364375487630  0.14178385066022148  0.15357859440425423  0.16485730187630240
  0.17561720476839440  0.18606256414546327  0.19620984144691525  0.20620996509346110
  0.21676629314462043  0.22745291807689380  0.23680492838890482  0.24500918410455444
  0.25342811161496603  0.26183271115102569  0.27153440103858661  0.28236901931605907
  0.29313112021618548  0.30343913229023445  0.31409402746735410  0.32571497015396839
  0.33822033078273112  0.35046648177308232  0.36207960651299642  0.37332162403085722
  0.38347544835478775  0.39174122303366332  0.39926637861560321  0.40774353202960040
  0.41632852288093436  0.42470740844324328  0.43390003470125316  0.44399395809553616
  0.45482130940391319  0.46637622156333092  0.47799542446977700  0.48901345038656974
  0.49920895313595354  0.50802991584619572  0.51589614008319140  0.52407251952615974
  0.53418246972717931  0.54475471323119240  0.55577840960960734  0.56739665770589498
  0.57982494848974175  0.59125935690714748  0.60143211348768100  0.61116340777323952
  0.62202581704092952  0.63331824172721418  0.64487627439010564  0.65658238798674984
  0.66809446608088374  0.67976952604186902  0.69117539625374058  0.70242053035556506
  0.71371364310366114  0.72519971481315759  0.73646566707453098  0.74798098183078610
  0.75954304862626920  0.77001264215487353  0.78014451244412941  0.79040495105347930
  0.80039893181136912  0.80993741449556622  0.81953365601245887  0.82991002599176733
  0.84117299556649594  0.85271924726869963  0.86425723447400127  0.87572572756127265
  0.88731611660212539  0.89899384200094778  0.91005936427580825  0.92034069477855485
  0.93033882486963793  0.94052322240311659  0.95161565279603899  0.96328768550138666
  0.97440722514028932  0.98363278438168622  0.99178336272779022  1.00000000000000000
 -0.00272664234935318  0.00986092752118386  0.02209030893232354  0.03479234397796072
  0.04716871276240555  0.05808192862998285  0.06821542111531113  0.07807151840931544
  0.08937014372766973  0.09977094591248023  0.10995702883452645  0.12014396253849646
  0.13049366613532054  0.14125887048815683  0.15177839745430152  0.16190544390513573
  0.17236641514949003  0.18226699182217201  0.19128422879745494  0.19984534157912487
  0.20806891868787067  0.21812184924161340  0.22917884377408665  0.24031989933363138
  0.25109775898727671  0.26147626431602755  0.27217705881737936  0.28271007010671367
  0.29309910250841265  0.30337142682828050  0.31378604573050722  0.32431278282275172
  0.33492213345524480  0.34582642892680737  0.35564932069325511  0.36580427777913888
  0.37581885007189791  0.38661715504574712  0.39855473041965550  0.41022325280609978
  0.42185261759145176  0.43337906140048221  0.44416314318941891  0.45483033905229697
  0.46559927920768301  0.47637389146592285  0.48702867872546485  0.49846541362660629
  0.50809369325486553  0.51754285410287870  0.52676973090851387  0.53653697793609278
  0.54734200161107238  0.55972630375353849  0.57172636785794206  0.58345955303056762
  0.59472726117606312  0.60539018865179706  0.61546471986996154  0.62550475534605576
  0.63636405590946532  0.64802335028274083  0.65954257494454638  0.67121952929648809
  0.68257872701465117  0.69413968805221637  0.70487519906361662  0.71567335074496274
  0.72607969167891495  0.73669466235290326  0.74677669165276128  0.75529679359241986
  0.76322489650522618  0.77179232307524748  0.78036170408237571  0.79053785172340363
  0.80137222992057422  0.81107670087651185  0.82097795968903287  0.83194521633753449
  0.84328583152218783  0.85417363568515081  0.86470655060940949  0.87530169802375157
  0.88652748382935320  0.89777822912466210  0.90817873387677617  0.91871361017701958
  0.92902575554253231  0.93924218788470404  0.94982436103157175  0.96096614573101413
  0.97275482052278728  0.98197733166283374  0.99104297058455348  1.00000000000000000
  0.18351440375012334  0.21486269204838196  0.23565445085971204  0.26382226479242665
  0.30244219252153953  0.34392290475114523  0.38439078200365245  0.42432326714062180
  0.46569571523149067  0.50605051742162643  0.53542472830178311  0.55927580866128923
  0.58079521299698589  0.60094972948201442  0.61821711739586915  0.63042308752747045
  0.63897800199347987  0.64584165941167093  0.65133672469416326  0.65614820072161706
  0.66051714528308336  0.66462484589003867  0.66810415158239911  0.67108823348331426
  0.67378238268820334  0.67614695655897017  0.67820949090221971  0.67999676137447873
  0.68160005922625888  0.68298832762319250  0.68421146777508135  0.68531196570627795
  0.68632078286771392  0.68720967456331505  0.68812132475012466  0.68904377191545785
  0.68992701634306430  0.69074685434533256  0.69147303152226824  0.69212604152021051
  0.69273823344347496  0.69331792571196638  0.69383469930575536  0.69427435673388804
  0.69470019955827755  0.69510406789440415  0.69552776403834649  0.69598002288597205
  0.69639302113024060  0.69677153718179830  0.69717095079536506  0.69759594678513159
  0.69801271782569185  0.69843636857712066  0.69886800594419796  0.69937383709189505
  0.69992692708269866  0.70046356025177048  0.70098945117261136  0.70153617248086642
  0.70211357928117901  0.70271956919760814  0.70335253792444452  0.70402008071211308
  0.70473262984390928  0.70547865547293243  0.70624550815495402  0.70704741072496513
  0.70791401047723768  0.70886376448831523  0.70981003240499652  0.71061792141668523
  0.71142435699118534  0.71226193400491022  0.71323602566711375  0.71447617451833945
  0.71584966890425272  0.71722565463295562  0.71866338733754564  0.72031335971591759
  0.72194464660686053  0.72354488088063029  0.72544813277955922  0.72783164388985155
  0.73070533161787787  0.73390585371625172  0.73770320301881576  0.74208402357685121
  0.74742836350006436  0.75390241649230105  0.76191383548338387  0.77158998257367695
  0.78417037391209410  0.80188906185192632  0.83669367562172592  1.00000000000000000
   2.4681574926151167E-009  -1.0000000000000000     
 F F F F F F F F F F F F F F F F F F F F F F F F F F F F F F F F F F F F F F F F F F F F F F F F F F F F F F F F F F F F F F F F
  <DiscreteSampler_grid>
  grouped_processes
  1 # 1 for a reference and 2 for a running grid.
  10 # Attribute 'min_bin_probing_points' of the grid.
  1 # Attribute 'grid_mode' of the grid. 1=='default',2=='initialization'
  0.0000000000000000 # Attribute 'small_contrib_threshold' of the grid.
  0.5000000000000000 # Attribute 'damping_power' of the grid.
 # binID   n_entries weight   weight_sqr   abs_weight
    19   10   5.807955092286394E+004   2.060824203030828E+010   5.807955092286394E+004
    22   10   5.807955092286394E+004   2.060824203030828E+010   5.807955092286394E+004
    25   10   5.807955092286394E+004   2.060824203030828E+010   5.807955092286394E+004
    28   10   5.807955092286394E+004   2.060824203030828E+010   5.807955092286394E+004
  </DiscreteSampler_grid>
