 -0.00792014479159921  0.07840395256711298  0.13834083533785418  0.19372065379217149
  0.23722366762615479  0.26031446994592999  0.28580459087991422  0.31235712474358335
  0.33562333728575527  0.35759589911407319  0.37926972463863778  0.40043982528889677
  0.41948553762509505  0.43662437987981628  0.45501445358637810  0.47386306238722870
  0.49119196055914527  0.50856923307473467  0.52504485596190464  0.54016502417672341
  0.55470351852361521  0.57037717969964552  0.58643850530111086  0.60209304793537888
  0.61503335494725109  0.62651745751491694  0.63799152990996144  0.65083607302529090
  0.66390599021575647  0.67557628170225259  0.68654095448642982  0.69693234943986904
  0.70676885940784073  0.71641545027217968  0.72586205182199537  0.73589104753725587
  0.74680913371412894  0.75638053403904149  0.76356150853417026  0.77040522765745933
  0.77658670044175959  0.78289220343325927  0.79027402223352317  0.79809012978605898
  0.80581469509828074  0.81306779300216836  0.81998228042608934  0.82645512781934871
  0.83277026425517697  0.83901388722766601  0.84524488570240541  0.85132672824783850
  0.85721782423662873  0.86318805081851635  0.86932199271882504  0.87510799220755764
  0.87983012676250927  0.88464576702164333  0.88959152510280048  0.89469094479031352
  0.89986587710065846  0.90493046161077073  0.90952957114518562  0.91379796636040567
  0.91819530036527719  0.92249896967076728  0.92629990473733115  0.92981144452200393
  0.93334420364010773  0.93682372354640053  0.94028635866044041  0.94373240969354333
  0.94703576817833479  0.95023941493062258  0.95341631199090082  0.95668487812511960
  0.95967045467974754  0.96228811824179838  0.96497713810267616  0.96759341415738198
  0.96998981403990236  0.97216397858576620  0.97416226038267606  0.97608738223102198
  0.97792314650374512  0.97963762342614713  0.98101703794330597  0.98231976733775150
  0.98359951632478548  0.98479811386530391  0.98640504980740329  0.98848602546737252
  0.99085506659771749  0.99324346049354484  0.99528926741007173  1.00000000000000000
  0.00000000001584133  0.00000000001753208  0.00000000001871343  0.00000000001977806
  0.00000000002084429  0.00000000002192432  0.00000000002304969  0.00000000002433765
  0.00000000002572378  0.00000000002710179  0.00000000002846496  0.00000000002993648
  0.00000000003210568  0.00000000003410541  0.00000000003632241  0.00000000003906763
  0.00000000004189430  0.00000000004487064  0.00000000004847272  0.00000000005187369
  0.00000000005510600  0.00000000005834445  0.00000000006160602  0.00000000006486759
  0.00000000006822730  0.00000000007159910  0.00000000007556262  0.00000000007987152
  0.00000000008426347  0.00000000008879456  0.00000000009339352  0.00000000009802995
  0.00000000010312443  0.00000000010865812  0.00000000011479276  0.00000000012155705
  0.00000000012871962  0.00000000013595313  0.00000000014299972  0.00000000014998717
  0.00000000015718759  0.00000000016468051  0.00000000017312387  0.00000000018228685
  0.00000000019168905  0.00000000020146698  0.00000000021262880  0.00000000022305775
  0.00000000023607752  0.00000000025262932  0.00000000026941051  0.00000000028671830
  0.00000000030500138  0.00000000032340733  0.00000000034521121  0.00000000036783469
  0.00000000039426247  0.00000000042389996  0.00000000045516514  0.00000000048481557
  0.00000000051669220  0.00000000055233969  0.00000000059016815  0.00000000063161696
  0.00000000068601433  0.00000000076099535  0.00000000084011412  0.00000000093287047
  0.00000000103130446  0.00000000112906439  0.00000000122309086  0.00000000132114659
  0.00000000142948526  0.00000000159504441  0.00000000183564715  0.00000000208876263
  0.00000000238363369  0.00000000278107203  0.00000000331413898  0.00000000410503913
  0.00000000515953967  0.00000000679233226  0.00000000915984566  0.00000001221433782
  0.00000001737544632  0.00000002715019800  0.00000005348855171  0.00000012662709418
  0.00000031951478769  0.00000132773796703  0.00000591577424656  0.00003061698120220
  0.00023875114458052  0.00870806360048378  0.63678129715828236  1.00000000000000000
 -0.00215288684524163  0.00804361837755163  0.01713918529257404  0.02649670199977142
  0.03639774693311694  0.04575842629923550  0.05581228082668265  0.06584316045059778
  0.07713626830059381  0.08780373661938105  0.09837062802045712  0.10797182318952320
  0.11755191845899979  0.12678311445629978  0.13681566150715491  0.14743228318000565
  0.15865778058557337  0.17032350973012728  0.18256835955395442  0.19496016062093735
  0.20645435539060517  0.21720910637649815  0.22817153053434858  0.23992401155974791
  0.25185171203798656  0.26166889573650903  0.26967919634763232  0.27838147325347279
  0.28722488456557638  0.29591303587219270  0.30739782037374158  0.31976079354241854
  0.33212256537691337  0.34454505849052369  0.35719076829913587  0.36795888198988480
  0.37712538290694098  0.38572757997860602  0.39370644730763971  0.40343294908874255
  0.41330863989291916  0.42292396242616004  0.43384528042877674  0.44362617901457074
  0.45437527242148951  0.46420153677130233  0.47489181955312992  0.48503315597302532
  0.49505204899504035  0.50545293715522799  0.51694991561155301  0.52750542002162415
  0.53701688404951609  0.54664078864107102  0.55713252005655456  0.56878397767041422
  0.58131653835136676  0.59417779906085799  0.60670106200741347  0.61834996002778930
  0.62892915266525662  0.63922341756629653  0.64994702808783622  0.66108168153443503
  0.67284380273858468  0.68452313914255813  0.69636564893270581  0.70807374936427614
  0.71960114264452812  0.73113637528397490  0.74275483386845076  0.75485540244224159
  0.76716165276962711  0.77904492966759842  0.78997379182391780  0.80035980364566384
  0.81092500925263056  0.82261927710617699  0.83308880363447302  0.84149707844146560
  0.84868571709833407  0.85687931393504191  0.86567796819348330  0.87507536774900352
  0.88484412514681832  0.89493157913877008  0.90527526269244984  0.91616141078543845
  0.92756590256337090  0.93901276715736381  0.94940786914375630  0.95907689762811787
  0.96846189092885471  0.97803495746977698  0.98906829285113573  1.00000000000000000
 -0.00219218267069453  0.00869798859077541  0.02027626515237142  0.03264061528893162
  0.04249928748173167  0.05216392052324881  0.06200971712651153  0.07265353505394696
  0.08410037061776163  0.09522142395912730  0.10565470199563806  0.11659662391857645
  0.12765333941577875  0.13949831690692793  0.15153912701125530  0.16334149958195546
  0.17498451676857280  0.18647241717742177  0.19760366338910579  0.20866480197695930
  0.21902308083155292  0.22923736085053389  0.23981971611569514  0.25074035880901552
  0.26183232823989194  0.27271338804142770  0.28348504048574208  0.29434662542575279
  0.30387646335424490  0.31348334181972554  0.32288098967538792  0.33330545803291939
  0.34414677740255045  0.35455167429576162  0.36484450125537088  0.37472953495312006
  0.38504429327499778  0.39554549205607581  0.40496340969148914  0.41416289896944503
  0.42400042079079375  0.43315123302597158  0.44266806400550041  0.45336493585559406
  0.46475816536674963  0.47594665334807790  0.48722878678559639  0.49721965841864257
  0.50703811797447174  0.51681367002336775  0.52723246274844349  0.53838759510230938
  0.54917845607301896  0.55948363159967651  0.57010695723493099  0.58184302600677984
  0.59407114732312405  0.60553720364435759  0.61649753976489352  0.62736502069882016
  0.63887583955073857  0.65144376390228897  0.66419842755579728  0.67548256384076877
  0.68530372163357922  0.69418844264601132  0.70282520447492391  0.71223743221394087
  0.72260807295802554  0.73348020832828487  0.74301951854550474  0.75137792302840478
  0.76019930658971036  0.76917813254733036  0.77900864253150515  0.79136761195378091
  0.80314558683222181  0.81287621977313151  0.82148775592155354  0.83022711118764536
  0.83922291383209646  0.84939855899830430  0.86068424291709666  0.87326485325481884
  0.88652718598776903  0.89778372267350814  0.90789772495257404  0.91684126327698634
  0.92669688641421943  0.93600990139318963  0.94605327988558940  0.95603650747240021
  0.96661812796256907  0.97798811303353173  0.98935962254216225  1.00000000000000000
 -0.00259474357993090  0.00989172339932168  0.02133255093674313  0.03428494148164882
  0.04505848870620884  0.05574760965979698  0.06651789941880291  0.07517712853200474
  0.08236145831548389  0.09047507838140009  0.10014551226837017  0.11029991047817400
  0.12035197117458606  0.13077575530095059  0.14188545543704117  0.15336695962712069
  0.16512691160225584  0.17627337137735824  0.18670578506888705  0.19691195675493917
  0.20730732623889478  0.21818019259494451  0.22959334000349968  0.24098802647239603
  0.25064821135177645  0.25850259446365137  0.26676314415667046  0.27512142213377994
  0.28273073867150778  0.29132209911735191  0.30197546882383824  0.31247784387224475
  0.32306892788658020  0.33328363076806550  0.34370676027388464  0.35485715060949080
  0.36665608204743794  0.37868803888122637  0.39009662350268620  0.40028639509168484
  0.41047745377235612  0.42003023359978148  0.43022997416482772  0.44033395700927935
  0.45003889304716976  0.46072539517239353  0.47251674671185401  0.48326633137375608
  0.49291983715139542  0.50183632840823444  0.51055229160791826  0.52068387920068593
  0.53126315073984987  0.54303269949772304  0.55457494683975139  0.56640348844587673
  0.57780233380381185  0.58826344473348569  0.59826733143095523  0.60831513300309648
  0.61919650526159098  0.63063562117192773  0.64155503796724822  0.65145303035319502
  0.66103791843765991  0.67145635257439884  0.68305151611769521  0.69502431666485620
  0.70716727191605155  0.71936356337986662  0.73060389174733686  0.74019152027565949
  0.74950093094988235  0.75825709667647956  0.76764576019544983  0.77782438398636811
  0.78843600349804188  0.79970721575343917  0.81155968250206534  0.82349429731358648
  0.83554793068787758  0.84724319605095844  0.85729710320500707  0.86673642922759409
  0.87591414045086757  0.88535977893650919  0.89696436158455739  0.90861403193772716
  0.92068253192584315  0.93239301102899141  0.94355230742307794  0.95451544689352497
  0.96475616555945864  0.97497081049756285  0.98668058229714828  1.00000000000000000
  0.18595114156836109  0.19850423515991406  0.21271856475477666  0.23310860173169765
  0.26147974714464606  0.29600848153433978  0.33429995040374189  0.36696498641878461
  0.40447390043132114  0.43761325334921547  0.47382963707547210  0.50900556896269789
  0.53977350260131562  0.56594806528432029  0.58917435025426723  0.60810862338443594
  0.62028818541562392  0.62885514500305639  0.63574052168968331  0.64146408369916763
  0.64674879325048040  0.65135637508855826  0.65656705340070398  0.66101551569469208
  0.66464623778613041  0.66746114063372930  0.67038169371858147  0.67293503538010779
  0.67514882085444983  0.67746291720580820  0.67948247035368270  0.68128948079047802
  0.68268947235227029  0.68382101212404223  0.68484854017674057  0.68581655482760351
  0.68667996007815812  0.68748124621106910  0.68821166832062486  0.68892425786069988
  0.68969831367313450  0.69044664661444644  0.69113067440543496  0.69177831502178333
  0.69238096428052809  0.69295240750740161  0.69349971182987202  0.69403555371447190
  0.69459259895143355  0.69513657678462371  0.69566717760925145  0.69621391472764982
  0.69677050013828901  0.69731491001078449  0.69784572802117451  0.69836719017412952
  0.69890519658545058  0.69946976497942726  0.70003965162487602  0.70059023888405503
  0.70113061609163640  0.70169255841714895  0.70228335002141229  0.70292482743210383
  0.70359886099305358  0.70427414814404898  0.70498797810905578  0.70573760120705997
  0.70646530301650712  0.70719567591478960  0.70791523438591508  0.70869764437464877
  0.70965240936288954  0.71076456656804121  0.71195088536175466  0.71320537767116088
  0.71452273303797786  0.71595180333628106  0.71750646582144140  0.71917445734093555
  0.72100419744929345  0.72304370350465030  0.72535540181277858  0.72796110080377818
  0.73088880718369587  0.73418593732065640  0.73787965430910551  0.74208505214196285
  0.74709011847614681  0.75342280014642726  0.76165864895076152  0.77201397078792999
  0.78555054770755683  0.80391620514548778  0.84092698239192920  1.00000000000000000
   2.6320243459459257E-009  -1.0000000000000000     
 F F F F F F F F F F F F F F F F F F F F F F F F F F F F F F F F F F F F F F F F F F F F F F F F F F F F F F F F F F F F F F F F
  <DiscreteSampler_grid>
  grouped_processes
  1 # 1 for a reference and 2 for a running grid.
  10 # Attribute 'min_bin_probing_points' of the grid.
  1 # Attribute 'grid_mode' of the grid. 1=='default',2=='initialization'
  0.0000000000000000 # Attribute 'small_contrib_threshold' of the grid.
  0.5000000000000000 # Attribute 'damping_power' of the grid.
 # binID   n_entries weight   weight_sqr   abs_weight
    19   10   1.511255186788572E+007   2.216393777583614E+015   1.511255186788572E+007
    22   10   1.511255186788572E+007   2.216393777583614E+015   1.511255186788572E+007
    25   10   1.511255186788572E+007   2.216393777583614E+015   1.511255186788572E+007
    28   10   1.511255186788572E+007   2.216393777583614E+015   1.511255186788572E+007
  </DiscreteSampler_grid>
